zut	2	1	1	0	0.999999
waved	0	0	2	0	1.000000
ofour	0	0	1	0	0.999999
complicated	0	0	4	0	1.000000
der	4	0	11	0	1.000000
argo	0	0	1	0	0.999999
pg	1	1	7	0	1.000000
ozone	0	0	1	0	0.999999
fhoghlaim	0	0	2	0	1.000000
nehozi	0	0	1	0	0.999999
eh	1	1	24	0	1.000000
dgz	4	1	31	0	1.000000
necessities	0	0	1	0	0.999999
eau	2	1	7	0	1.000000
rfc	4	1	1	0	0.999999
person	0	1	3	0	1.000000
ds	2	0	7	0	1.000000
pyz	4	0	1	0	0.999999
din	4	0	15	0	1.000000
parks	0	1	10	0	1.000000
msica	0	0	5	0	1.000000
dunemaul	0	0	1	0	0.999999
inconsistent	0	0	1	0	0.999999
salvation	0	1	1	0	0.999999
diverging	0	0	1	0	0.999999
grisman	0	0	1	0	0.999999
av	1	0	6	0	1.000000
oh	0	1	14	0	1.000000
mods	0	0	2	0	1.000000
in	0	0	1740	0	1.000000
gary	0	1	8	0	1.000000
houses	0	1	1	0	0.999999
ege	2	1	16	0	1.000000
kelsey	0	1	1	0	0.999999
sx	2	1	2	0	1.000000
certificate	0	1	2	0	1.000000
sibnamon	0	0	1	0	0.999999
safe	0	0	13	0	1.000000
rpertoires	0	1	1	0	0.999999
widening	0	0	1	0	0.999999
harringt	0	1	1	0	0.999999
imo	2	1	12	0	1.000000
finale	0	1	1	0	0.999999
dro	4	1	10	0	1.000000
washingt	0	1	1	0	0.999999
worries	0	0	2	0	1.000000
re	0	0	82	0	1.000000
cycles	0	0	3	0	1.000000
settlementt	0	0	1	0	0.999999
giu	4	0	3	0	1.000000
liberation	0	1	1	0	0.999999
federal	0	1	3	0	1.000000
uke	0	0	1	0	0.999999
range	0	1	3	0	1.000000
stratics	0	1	1	0	0.999999
jacksonville	0	0	1	0	0.999999
chinese	0	1	11	0	1.000000
endure	0	0	2	0	1.000000
alongsideeditorial	0	0	1	0	0.999999
commodus	0	1	4	0	1.000000
tol	2	0	4	0	1.000000
olson	0	1	1	0	0.999999
mulheres	0	0	1	0	0.999999
sco	4	0	17	0	1.000000
marlin	0	0	2	0	1.000000
thefactory	0	0	1	0	0.999999
avec	0	0	2	0	1.000000
ix	2	1	1	0	0.999999
mie	2	1	2	0	1.000000
intermediary	0	0	1	0	0.999999
rudyard	0	1	1	0	0.999999
core	0	1	2	0	1.000000
mbarla	0	1	1	0	0.999999
degrees	0	0	4	0	1.000000
phiips	0	1	1	0	0.999999
kane	0	0	1	0	0.999999
lace	0	0	1	0	0.999999
tw	1	0	5	0	1.000000
developers	0	1	1	0	0.999999
hod	2	1	1	0	0.999999
seadeparture	0	1	1	0	0.999999
rti	2	0	1	0	0.999999
albacore	0	0	1	0	0.999999
completed	0	0	12	0	1.000000
fat	2	0	3	0	1.000000
agi	2	0	1	0	0.999999
mordant	0	0	1	0	0.999999
carla	0	1	2	0	1.000000
id	3	1	15	0	1.000000
olympic	0	1	1	0	0.999999
sole	0	0	13	0	1.000000
nuacht	0	0	2	0	1.000000
rde	2	0	8	0	1.000000
fez	4	0	1	0	0.999999
flags	0	0	1	0	0.999999
ces	4	0	6	0	1.000000
strategyoriginally	0	0	2	0	1.000000
introduced	0	0	4	0	1.000000
wrestling	0	0	2	0	1.000000
snorkelingto	0	1	1	0	0.999999
hemmamatcherna	0	1	1	0	0.999999
al	1	1	719	0	1.000000
din	2	1	4	0	1.000000
guidea	0	1	1	0	0.999999
gostado	0	0	1	0	0.999999
ro	2	1	1	0	0.999999
esc	4	1	4	0	1.000000
bounded	0	0	1	0	0.999999
apt	2	0	3	0	1.000000
statement	0	0	4	0	1.000000
ind	2	1	41	0	1.000000
bbc	2	1	1	0	0.999999
ime	4	0	3	0	1.000000
letting	0	1	1	0	0.999999
campos	0	1	1	0	0.999999
deaths	0	1	1	0	0.999999
mecca	0	0	1	0	0.999999
isi	2	1	1	0	0.999999
tablets	0	0	2	0	1.000000
olj	2	0	1	0	0.999999
nab	4	1	1	0	0.999999
abandonei	0	0	1	0	0.999999
gia	2	1	10	0	1.000000
fromearly	0	0	2	0	1.000000
bu	1	0	2	0	1.000000
latest	0	1	1	0	0.999999
reliance	0	0	1	0	0.999999
tc	1	0	24	0	1.000000
copyright	0	1	13	0	1.000000
dry	0	1	2	0	1.000000
italians	0	1	1	0	0.999999
arr	2	0	1	0	0.999999
elie	0	1	1	0	0.999999
parentcompanies	0	0	1	0	0.999999
crf	0	0	1	0	0.999999
vrg	4	0	6	0	1.000000
merciless	0	0	1	0	0.999999
male	0	0	3	0	1.000000
itialian	0	1	6	0	1.000000
ethnography	0	0	1	0	0.999999
bath	0	0	3	0	1.000000
backdoor	0	1	1	0	0.999999
savings	0	1	1	0	0.999999
or	3	1	117	0	1.000000
nor	2	0	23	0	1.000000
ns	2	0	33	0	1.000000
sucesso	0	0	2	0	1.000000
tallest	0	0	3	0	1.000000
hon	4	0	23	0	1.000000
more	0	0	256	0	1.000000
theres	0	0	1	0	0.999999
retain	0	0	3	0	1.000000
versu	0	1	2	0	1.000000
debt	0	0	20	0	1.000000
ctx	0	0	1	0	0.999999
ba	3	1	438	0	1.000000
sem	4	1	5	0	1.000000
htmloutdoor	0	1	1	0	0.999999
lif	4	0	97	0	1.000000
payer	0	0	1	0	0.999999
xxi	2	0	1	0	0.999999
accumulating	0	0	17	0	1.000000
sce	4	1	3	0	1.000000
vip	0	1	2	0	1.000000
campaigns	0	0	5	0	1.000000
fat	4	0	20	0	1.000000
outside	0	1	3	0	1.000000
fudzilla	0	1	2	0	1.000000
chords	0	0	5	0	1.000000
enticing	0	0	1	0	0.999999
hed	2	0	102	0	1.000000
kayaking	0	0	2	0	1.000000
enhancing	0	0	1	0	0.999999
hill	0	1	8	0	1.000000
touchdown	0	0	1	0	0.999999
multi	0	0	9	0	1.000000
mac	2	0	3	0	1.000000
av	0	1	1	0	0.999999
servlet	0	1	1	0	0.999999
owi	4	0	3	0	1.000000
re	1	1	597	0	1.000000
upt	2	1	1	0	0.999999
va	3	1	95	0	1.000000
therma	0	0	1	0	0.999999
maidens	0	0	1	0	0.999999
deciding	0	1	2	0	1.000000
architectural	0	1	2	0	1.000000
rightiris	0	1	1	0	0.999999
satisfiedfeatures	0	1	1	0	0.999999
ner	0	0	2	0	1.000000
moho	0	1	1	0	0.999999
utset	0	0	1	0	0.999999
hyd	2	1	1	0	0.999999
every	0	1	11	0	1.000000
grandpa	0	1	3	0	1.000000
prisoners	0	0	2	0	1.000000
gee	4	1	1	0	0.999999
vot	4	1	15	0	1.000000
xi	3	0	2	0	1.000000
middle	0	0	2	0	1.000000
screws	0	1	1	0	0.999999
defaultfaq	0	0	1	0	0.999999
fresno	0	0	9	0	1.000000
rex	0	1	1	0	0.999999
hur	2	1	2	0	1.000000
license	0	0	14	0	1.000000
ns	1	0	914	0	1.000000
iii	2	1	11	0	1.000000
brett	0	1	1	0	0.999999
ebooks	0	1	1	0	0.999999
mam	2	0	1	0	0.999999
dix	2	1	2	0	1.000000
gas	0	0	1	0	0.999999
attempt	0	1	1	0	0.999999
sco	4	1	41	0	1.000000
personals	0	0	11	0	1.000000
adopted	0	0	2	0	1.000000
rox	2	1	2	0	1.000000
fresnno	0	0	1	0	0.999999
geo	4	1	30	0	1.000000
in	1	0	2228	0	1.000000
therein	0	0	5	0	1.000000
nails	0	0	1	0	0.999999
hisher	0	0	1	0	0.999999
rex	2	1	1	0	0.999999
heater	0	1	2	0	1.000000
land	0	1	26	0	1.000000
topossess	0	0	1	0	0.999999
subtracted	0	0	1	0	0.999999
scottish	0	1	1	0	0.999999
eurasians	0	1	1	0	0.999999
mt	3	0	1	0	0.999999
sofa	0	0	2	0	1.000000
implement	0	0	2	0	1.000000
pressing	0	0	5	0	1.000000
he	1	0	5854	0	1.000000
mosaico	0	1	1	0	0.999999
manuscripts	0	0	2	0	1.000000
mys	4	1	10	0	1.000000
iew	2	1	67	0	1.000000
ith	4	0	2	0	1.000000
nuusbriewe	0	1	1	0	0.999999
sinnakon	0	0	1	0	0.999999
id	2	1	10	0	1.000000
stripy	0	0	1	0	0.999999
mountainse	0	0	1	0	0.999999
bass	0	1	1	0	0.999999
hy	1	0	66	0	1.000000
tle	2	1	24	0	1.000000
buildingno	0	1	1	0	0.999999
rightmakket	0	1	1	0	0.999999
acc	4	0	220	0	1.000000
thin	0	0	3	0	1.000000
ipl	2	1	4	0	1.000000
technical	0	0	26	0	1.000000
oaa	2	1	3	0	1.000000
smo	4	0	11	0	1.000000
hyn	4	0	7	0	1.000000
ct	1	0	375	0	1.000000
grade	0	0	1	0	0.999999
mes	2	1	74	0	1.000000
significant	0	0	4	0	1.000000
sx	3	1	2	0	1.000000
sang	0	0	1	0	0.999999
rums	0	0	1	0	0.999999
gus	4	0	1	0	0.999999
utf	0	1	1	0	0.999999
rounded	0	0	1	0	0.999999
task	0	1	1	0	0.999999
kb	2	1	1	0	0.999999
vip	4	1	2	0	1.000000
xaxaxa	0	1	1	0	0.999999
hon	2	1	9	0	1.000000
pompidou	0	1	27	0	1.000000
cos	0	1	3	0	1.000000
ocs	2	0	3	0	1.000000
di	1	1	27	0	1.000000
omitting	0	0	1	0	0.999999
genealogical	0	0	1	0	0.999999
let	2	1	65	0	1.000000
oak	0	0	2	0	1.000000
qui	2	1	1	0	0.999999
vad	4	0	1	0	0.999999
reblogged	0	1	6	0	1.000000
di	0	0	25	0	1.000000
ake	2	0	213	0	1.000000
hurd	0	0	1	0	0.999999
agricultural	0	0	1	0	0.999999
mt	2	1	2	0	1.000000
ind	4	0	160	0	1.000000
lose	0	0	3	0	1.000000
recollect	0	0	1	0	0.999999
uko	4	0	2	0	1.000000
autocad	0	1	19	0	1.000000
anonymous	0	0	1	0	0.999999
justice	0	1	4	0	1.000000
bangor	0	0	2	0	1.000000
oka	2	1	1	0	0.999999
ry	1	1	673	0	1.000000
minerals	0	1	16	0	1.000000
aig	2	1	2	0	1.000000
watkins	0	1	2	0	1.000000
lun	4	0	5	0	1.000000
majoring	0	0	1	0	0.999999
bot	0	1	1	0	0.999999
va	3	0	264	0	1.000000
maimi	0	0	1	0	0.999999
cca	2	0	1	0	0.999999
dub	2	1	2	0	1.000000
nhe	2	0	1	0	0.999999
yuan	0	1	2	0	1.000000
enriching	0	0	2	0	1.000000
job	0	0	21	0	1.000000
succeeded	0	0	1	0	0.999999
faoin	0	0	5	0	1.000000
conditioning	0	1	2	0	1.000000
comprising	0	0	2	0	1.000000
mse	2	0	1	0	0.999999
ecelbargerandley	0	1	1	0	0.999999
mansoul	0	1	1	0	0.999999
disordered	0	0	1	0	0.999999
delicious	0	0	3	0	1.000000
opp	4	1	7	0	1.000000
navigator	0	0	3	0	1.000000
odr	2	0	1	0	0.999999
hydroelectric	0	0	2	0	1.000000
ab	1	0	36	0	1.000000
partners	0	0	2	0	1.000000
icy	0	0	1	0	0.999999
zil	2	1	2	0	1.000000
hy	3	1	53	0	1.000000
securitys	0	1	1	0	0.999999
reguati	0	0	1	0	0.999999
guiding	0	1	2	0	1.000000
sorry	0	1	8	0	1.000000
ner	2	0	139	0	1.000000
la	2	1	6	0	1.000000
did	4	1	26	0	1.000000
cj	1	0	1	0	0.999999
kay	4	1	1	0	0.999999
etl	2	1	1	0	0.999999
angry	0	0	3	0	1.000000
wallace	0	1	2	0	1.000000
bda	4	0	1	0	0.999999
shine	0	1	1	0	0.999999
above	0	0	33	0	1.000000
allante	0	0	1	0	0.999999
strife	0	0	2	0	1.000000
ds	1	1	240	0	1.000000
icy	2	1	6	0	1.000000
panels	0	0	2	0	1.000000
hne	4	1	1	0	0.999999
returned	0	0	4	0	1.000000
george	0	1	7	0	1.000000
generic	0	1	1	0	0.999999
exhust	0	0	1	0	0.999999
hen	4	0	3	0	1.000000
priest	0	1	1	0	0.999999
china	0	1	28	0	1.000000
prussian	0	1	1	0	0.999999
fase	0	0	1	0	0.999999
prizesbecause	0	1	1	0	0.999999
popping	0	0	2	0	1.000000
detect	0	1	1	0	0.999999
dmt	4	1	1	0	0.999999
argo	0	1	1	0	0.999999
smugmug	0	1	1	0	0.999999
red	2	1	46	0	1.000000
aya	2	0	1	0	0.999999
nin	2	1	5	0	1.000000
activities	0	0	20	0	1.000000
er	0	0	9	0	1.000000
urge	0	1	2	0	1.000000
mum	4	0	1	0	0.999999
marry	0	0	1	0	0.999999
fungicides	0	0	1	0	0.999999
mills	0	1	1	0	0.999999
al	3	1	307	0	1.000000
maw	2	0	1	0	0.999999
forgetting	0	0	1	0	0.999999
poorer	0	0	1	0	0.999999
joints	0	0	1	0	0.999999
stotal	0	0	1	0	0.999999
wave	0	1	1	0	0.999999
programs	0	0	33	0	1.000000
wstheater	0	1	1	0	0.999999
mt	1	0	2	0	1.000000
conductor	0	0	3	0	1.000000
downs	0	0	1	0	0.999999
uke	2	0	2	0	1.000000
orderor	0	0	1	0	0.999999
nal	4	1	1	0	0.999999
in	0	1	217	0	1.000000
ipl	0	1	4	0	1.000000
ogy	2	0	35	0	1.000000
ninety	0	0	1	0	0.999999
inx	2	1	1	0	0.999999
rur	4	0	2	0	1.000000
belmopanon	0	1	1	0	0.999999
ffe	2	0	1	0	0.999999
rgb	2	1	1	0	0.999999
venturin	0	1	1	0	0.999999
liberation	0	0	1	0	0.999999
dro	4	0	22	0	1.000000
craigslis	0	0	2	0	1.000000
lumbar	0	0	3	0	1.000000
re	0	1	12	0	1.000000
bonjour	0	0	1	0	0.999999
collapse	0	1	1	0	0.999999
channell	0	1	1	0	0.999999
federal	0	0	3	0	1.000000
consciousness	0	0	2	0	1.000000
coasts	0	0	2	0	1.000000
biz	0	1	1	0	0.999999
insideliving	0	0	1	0	0.999999
kb	0	1	1	0	0.999999
aust	0	0	1	0	0.999999
idd	2	0	1	0	0.999999
carolina	0	1	2	0	1.000000
pankratiasts	0	1	1	0	0.999999
xs	1	0	1	0	0.999999
olt	2	1	1	0	0.999999
elt	2	1	6	0	1.000000
krissten	0	0	1	0	0.999999
fucking	0	0	2	0	1.000000
mie	2	0	3	0	1.000000
ogy	2	1	23	0	1.000000
he	2	1	53	0	1.000000
srie	0	0	1	0	0.999999
campioana	0	0	1	0	0.999999
functionality	0	0	3	0	1.000000
installing	0	0	5	0	1.000000
swe	4	0	17	0	1.000000
titles	0	0	6	0	1.000000
iga	4	0	1	0	0.999999
ilf	2	0	1	0	0.999999
cpr	4	1	1	0	0.999999
criminal	0	1	1	0	0.999999
covering	0	0	5	0	1.000000
mazda	0	1	3	0	1.000000
mutsang	0	0	1	0	0.999999
strawinski	0	1	2	0	1.000000
respond	0	0	1	0	0.999999
suspension	0	0	1	0	0.999999
mes	4	0	96	0	1.000000
musicas	0	0	4	0	1.000000
inspirational	0	0	1	0	0.999999
mankato	0	1	2	0	1.000000
muslim	0	1	1	0	0.999999
or	0	0	676	0	1.000000
rules	0	0	6	0	1.000000
ces	4	1	9	0	1.000000
onr	4	0	1	0	0.999999
knife	0	0	2	0	1.000000
full	0	1	10	0	1.000000
friendy	0	0	1	0	0.999999
ther	0	0	6	0	1.000000
basilisks	0	1	1	0	0.999999
din	2	0	1	0	0.999999
decaie	0	0	1	0	0.999999
dodge	0	0	1	0	0.999999
beefed	0	1	1	0	0.999999
ludzie	0	1	1	0	0.999999
arr	4	1	17	0	1.000000
naked	0	1	1	0	0.999999
aay	2	0	1	0	0.999999
supplies	0	0	6	0	1.000000
appear	0	0	20	0	1.000000
correctly	0	0	6	0	1.000000
fulfilled	0	0	1	0	0.999999
required	0	1	1	0	0.999999
mecca	0	1	1	0	0.999999
members	0	0	10	0	1.000000
transformation	0	1	1	0	0.999999
struggle	0	0	2	0	1.000000
etl	0	1	1	0	0.999999
letting	0	0	1	0	0.999999
hard	0	1	2	0	1.000000
parents	0	0	25	0	1.000000
inferred	0	0	2	0	1.000000
cyndi	0	1	2	0	1.000000
nightly	0	0	1	0	0.999999
mustang	0	0	33	0	1.000000
rha	4	1	1	0	0.999999
mph	2	0	2	0	1.000000
attacks	0	0	5	0	1.000000
iga	2	1	6	0	1.000000
udvidelse	0	0	1	0	0.999999
reerguer	0	0	1	0	0.999999
keeles	0	0	1	0	0.999999
progress	0	0	5	0	1.000000
biodiversity	0	0	1	0	0.999999
har	2	0	3	0	1.000000
cindy	0	1	1	0	0.999999
muststart	0	0	2	0	1.000000
exibir	0	0	1	0	0.999999
acessories	0	0	1	0	0.999999
certificate	0	0	14	0	1.000000
kycarpigiani	0	1	1	0	0.999999
rzw	2	1	1	0	0.999999
fleets	0	0	1	0	0.999999
copyright	0	0	12	0	1.000000
switzerland	0	1	1	0	0.999999
crsa	0	0	1	0	0.999999
yiw	2	1	1	0	0.999999
pricesonline	0	1	1	0	0.999999
ssi	4	0	1	0	0.999999
poodle	0	1	1	0	0.999999
brothers	0	0	5	0	1.000000
docs	0	0	3	0	1.000000
nevada	0	1	2	0	1.000000
cars	0	1	20	0	1.000000
ems	2	1	23	0	1.000000
aae	4	0	7	0	1.000000
comparison	0	1	1	0	0.999999
connected	0	0	5	0	1.000000
mantra	0	0	1	0	0.999999
pooled	0	0	1	0	0.999999
anemail	0	0	1	0	0.999999
soyou	0	0	1	0	0.999999
ds	3	1	5	0	1.000000
bell	0	0	1	0	0.999999
division	0	1	7	0	1.000000
twins	0	0	1	0	0.999999
ron	2	1	22	0	1.000000
fut	4	0	22	0	1.000000
hepatitis	0	1	1	0	0.999999
autor	0	0	1	0	0.999999
technical	0	1	13	0	1.000000
prev	0	1	1	0	0.999999
jc	2	1	1	0	0.999999
greentree	0	1	1	0	0.999999
lockword	0	0	1	0	0.999999
outside	0	0	31	0	1.000000
ub	1	0	19	0	1.000000
hepatica	0	0	1	0	0.999999
investment	0	0	2	0	1.000000
thunderstorm	0	0	1	0	0.999999
dub	4	0	1	0	0.999999
jc	1	1	1	0	0.999999
graduate	0	0	4	0	1.000000
previews	0	1	1	0	0.999999
whitte	0	0	1	0	0.999999
storhaug	0	1	2	0	1.000000
iss	4	0	45	0	1.000000
notion	0	0	3	0	1.000000
segunda	0	0	1	0	0.999999
soc	4	0	39	0	1.000000
drawings	0	0	5	0	1.000000
ambassador	0	1	1	0	0.999999
ba	1	0	9	0	1.000000
breddningshjul	0	1	1	0	0.999999
bacon	0	1	1	0	0.999999
astrakhan	0	0	1	0	0.999999
logistical	0	0	1	0	0.999999
som	0	0	2	0	1.000000
mos	4	1	48	0	1.000000
planes	0	1	1	0	0.999999
gearing	0	0	1	0	0.999999
succotzvillage	0	1	1	0	0.999999
triumphantly	0	0	1	0	0.999999
mixed	0	0	2	0	1.000000
saskatchewan	0	1	1	0	0.999999
bad	0	0	16	0	1.000000
tw	1	1	2	0	1.000000
separated	0	0	1	0	0.999999
tc	1	1	4	0	1.000000
told	0	1	1	0	0.999999
accommodations	0	1	1	0	0.999999
wie	4	0	2	0	1.000000
tm	3	1	1	0	0.999999
yic	2	0	1	0	0.999999
cannot	0	0	24	0	1.000000
barberiana	0	1	1	0	0.999999
integrated	0	0	9	0	1.000000
ffe	4	0	14	0	1.000000
huseklepp	0	1	1	0	0.999999
plassans	0	1	3	0	1.000000
profits	0	1	5	0	1.000000
kitty	0	1	1	0	0.999999
significance	0	0	2	0	1.000000
lot	4	0	50	0	1.000000
integrity	0	0	10	0	1.000000
khatri	0	1	1	0	0.999999
uea	2	1	1	0	0.999999
coordination	0	0	2	0	1.000000
supplies	0	1	1	0	0.999999
odh	2	1	1	0	0.999999
discoverhow	0	1	1	0	0.999999
therein	0	1	5	0	1.000000
arredonegozi	0	1	5	0	1.000000
joao	0	1	1	0	0.999999
manly	0	1	3	0	1.000000
fotos	0	0	1	0	0.999999
geo	4	0	15	0	1.000000
noaa	0	1	3	0	1.000000
pedia	0	0	1	0	0.999999
he	1	1	1111	0	1.000000
di	1	0	30	0	1.000000
pat	4	1	9	0	1.000000
biz	2	0	7	0	1.000000
adv	4	0	114	0	1.000000
gus	2	1	2	0	1.000000
olt	4	0	1	0	0.999999
mystery	0	1	1	0	0.999999
jov	4	0	1	0	0.999999
tap	2	1	1	0	0.999999
mam	0	0	1	0	0.999999
working	0	0	36	0	1.000000
xer	2	0	1	0	0.999999
gina	0	1	1	0	0.999999
expecting	0	0	1	0	0.999999
rit	4	0	6	0	1.000000
scotia	0	1	2	0	1.000000
spark	0	1	1	0	0.999999
van	0	1	6	0	1.000000
hy	1	1	58	0	1.000000
yield	0	0	4	0	1.000000
counterterrorism	0	1	1	0	0.999999
aeu	2	1	1	0	0.999999
rides	0	0	4	0	1.000000
coi	4	1	2	0	1.000000
room	0	1	4	0	1.000000
cathodic	0	0	4	0	1.000000
suvs	0	1	1	0	0.999999
singers	0	0	2	0	1.000000
wreath	0	0	1	0	0.999999
lto	2	0	5	0	1.000000
ct	1	1	179	0	1.000000
rooted	0	0	1	0	0.999999
convocados	0	1	1	0	0.999999
vendono	0	0	1	0	0.999999
outback	0	0	1	0	0.999999
abound	0	0	1	0	0.999999
ban	4	0	71	0	1.000000
lad	2	0	6	0	1.000000
suposta	0	0	1	0	0.999999
kiteboarding	0	0	1	0	0.999999
alliance	0	1	9	0	1.000000
acc	2	0	1	0	0.999999
virou	0	1	1	0	0.999999
colorado	0	1	4	0	1.000000
macom	0	1	1	0	0.999999
methodology	0	0	1	0	0.999999
sss	2	1	1	0	0.999999
similar	0	1	15	0	1.000000
gentleman	0	1	1	0	0.999999
byt	4	0	1	0	0.999999
nautical	0	0	1	0	0.999999
emission	0	1	1	0	0.999999
terms	0	1	1	0	0.999999
svp	2	1	1	0	0.999999
let	2	0	39	0	1.000000
mck	4	0	1	0	0.999999
optionally	0	0	1	0	0.999999
kou	4	1	3	0	1.000000
storm	0	0	3	0	1.000000
mio	0	0	1	0	0.999999
ald	4	0	1	0	0.999999
tanks	0	1	1	0	0.999999
agricultural	0	1	4	0	1.000000
gear	0	0	7	0	1.000000
addons	0	1	8	0	1.000000
supercharged	0	0	1	0	0.999999
filth	0	0	1	0	0.999999
interlibrary	0	0	2	0	1.000000
iom	2	0	1	0	0.999999
nul	4	0	8	0	1.000000
wmu	4	0	2	0	1.000000
job	4	0	61	0	1.000000
ows	0	1	1	0	0.999999
off	2	1	14	0	1.000000
fil	4	0	130	0	1.000000
cca	2	1	3	0	1.000000
ni	2	0	1	0	0.999999
mio	2	1	1	0	0.999999
nintendo	0	1	3	0	1.000000
enriching	0	1	1	0	0.999999
origination	0	0	1	0	0.999999
baier	0	0	1	0	0.999999
clicks	0	0	4	0	1.000000
rgb	4	1	1	0	0.999999
boxes	0	0	7	0	1.000000
litso	0	0	2	0	1.000000
gee	2	0	2	0	1.000000
he	3	0	591	0	1.000000
muc	4	1	6	0	1.000000
believing	0	0	1	0	0.999999
delicious	0	1	2	0	1.000000
cash	0	1	3	0	1.000000
odr	2	1	1	0	0.999999
aaed	0	0	1	0	0.999999
unable	0	0	6	0	1.000000
virtue	0	0	2	0	1.000000
wsy	2	0	1	0	0.999999
kig	4	1	2	0	1.000000
cie	2	1	1	0	0.999999
comment	0	0	16	0	1.000000
ege	4	0	5	0	1.000000
ner	2	1	49	0	1.000000
ho	3	0	641	0	1.000000
locales	0	0	1	0	0.999999
rne	2	0	3	0	1.000000
competitive	0	1	1	0	0.999999
joke	0	0	1	0	0.999999
called	0	0	27	0	1.000000
tel	4	0	58	0	1.000000
generalcirculation	0	0	1	0	0.999999
ner	4	1	3	0	1.000000
er	3	1	18	0	1.000000
gendarme	0	0	1	0	0.999999
internationally	0	0	4	0	1.000000
doute	0	0	1	0	0.999999
tir	2	1	3	0	1.000000
ct	3	0	2	0	1.000000
calculators	0	0	7	0	1.000000
comes	0	0	18	0	1.000000
icy	2	0	8	0	1.000000
igu	4	0	1	0	0.999999
british	0	1	14	0	1.000000
priest	0	0	1	0	0.999999
ds	0	1	1	0	0.999999
ern	2	1	47	0	1.000000
duncan	0	1	1	0	0.999999
lud	4	1	1	0	0.999999
personalizada	0	0	1	0	0.999999
yr	1	0	3	0	1.000000
hon	4	1	16	0	1.000000
forlead	0	0	1	0	0.999999
lty	2	0	15	0	1.000000
er	1	0	2802	0	1.000000
server	0	1	17	0	1.000000
in	2	1	217	0	1.000000
put	4	1	11	0	1.000000
happens	0	0	4	0	1.000000
jc	3	0	1	0	0.999999
seven	0	1	3	0	1.000000
esc	0	0	1	0	0.999999
merit	0	0	1	0	0.999999
tw	2	1	1	0	0.999999
al	3	0	814	0	1.000000
medal	0	0	1	0	0.999999
magazines	0	1	2	0	1.000000
pop	4	0	266	0	1.000000
substring	0	0	2	0	1.000000
id	0	0	13	0	1.000000
encourage	0	0	5	0	1.000000
risen	0	0	1	0	0.999999
mechanics	0	0	2	0	1.000000
video	0	0	32	0	1.000000
atualizaes	0	0	1	0	0.999999
ix	1	1	17	0	1.000000
band	0	0	11	0	1.000000
girls	0	0	5	0	1.000000
obair	0	0	1	0	0.999999
fiv	4	1	12	0	1.000000
sew	4	1	2	0	1.000000
desnud	0	0	1	0	0.999999
chalmers	0	1	2	0	1.000000
emi	2	0	4	0	1.000000
carvings	0	0	2	0	1.000000
parks	0	0	13	0	1.000000
ffe	2	1	7	0	1.000000
boj	4	0	1	0	0.999999
euphoric	0	0	1	0	0.999999
rex	4	1	1	0	0.999999
ecs	4	0	1	0	0.999999
bu	3	1	185	0	1.000000
bonjour	0	1	2	0	1.000000
off	4	1	84	0	1.000000
consolation	0	0	1	0	0.999999
almighty	0	1	1	0	0.999999
dinners	0	1	2	0	1.000000
nwide	0	0	1	0	0.999999
oh	3	1	38	0	1.000000
hen	2	1	78	0	1.000000
newcomers	0	0	2	0	1.000000
utimate	0	0	2	0	1.000000
malaria	0	0	1	0	0.999999
rdo	2	1	3	0	1.000000
essentials	0	1	1	0	0.999999
wonderment	0	0	1	0	0.999999
worst	0	0	5	0	1.000000
lngua	0	0	2	0	1.000000
fall	0	0	6	0	1.000000
snow	0	0	2	0	1.000000
oh	2	1	14	0	1.000000
holding	0	0	2	0	1.000000
universiteit	0	1	1	0	0.999999
notification	0	1	1	0	0.999999
pigs	0	1	9	0	1.000000
nav	0	1	2	0	1.000000
sticky	0	0	1	0	0.999999
underground	0	1	4	0	1.000000
hit	2	0	21	0	1.000000
oka	4	1	1	0	0.999999
ndi	2	1	8	0	1.000000
mie	4	1	1	0	0.999999
subs	0	0	1	0	0.999999
visions	0	0	2	0	1.000000
entretenimento	0	0	2	0	1.000000
tob	4	1	4	0	1.000000
evt	4	0	1	0	0.999999
nre	2	0	1	0	0.999999
bahamas	0	1	1	0	0.999999
fez	2	0	1	0	0.999999
assorted	0	0	2	0	1.000000
yr	1	1	6	0	1.000000
bot	2	0	1	0	0.999999
or	0	1	43	0	1.000000
wholesome	0	0	1	0	0.999999
ix	0	1	1	0	0.999999
full	0	0	52	0	1.000000
arh	4	0	1	0	0.999999
individualgame	0	0	5	0	1.000000
vet	4	1	2	0	1.000000
podia	0	0	1	0	0.999999
sn	1	1	11	0	1.000000
empirereferenced	0	1	1	0	0.999999
unshorn	0	0	1	0	0.999999
aft	2	1	54	0	1.000000
coombs	0	1	1	0	0.999999
michigans	0	1	1	0	0.999999
concessions	0	0	1	0	0.999999
gf	1	0	1	0	0.999999
settlementtina	0	1	1	0	0.999999
sturdy	0	0	2	0	1.000000
accomplish	0	0	1	0	0.999999
cloud	0	0	3	0	1.000000
clique	0	0	2	0	1.000000
put	0	0	42	0	1.000000
reach	0	0	4	0	1.000000
reklaam	0	1	1	0	0.999999
exh	4	0	29	0	1.000000
ron	4	1	3	0	1.000000
spissen	0	0	1	0	0.999999
deliberations	0	0	1	0	0.999999
png	4	0	4	0	1.000000
essendo	0	0	1	0	0.999999
hard	0	0	38	0	1.000000
arcanite	0	1	1	0	0.999999
gz	3	1	17	0	1.000000
shallows	0	1	2	0	1.000000
valencia	0	1	1	0	0.999999
mhz	2	1	1	0	0.999999
kek	4	1	2	0	1.000000
bent	0	0	1	0	0.999999
cooperative	0	0	1	0	0.999999
tribune	0	1	3	0	1.000000
lock	0	1	3	0	1.000000
gerretse	0	1	2	0	1.000000
postings	0	0	3	0	1.000000
didn	0	1	1	0	0.999999
closets	0	0	2	0	1.000000
instructor	0	0	3	0	1.000000
boys	0	0	2	0	1.000000
lty	2	1	3	0	1.000000
rst	2	1	29	0	1.000000
skeletal	0	0	1	0	0.999999
organizacje	0	1	1	0	0.999999
fasomap	0	1	1	0	0.999999
cockatoo	0	0	1	0	0.999999
killer	0	0	1	0	0.999999
whitening	0	0	1	0	0.999999
repair	0	1	5	0	1.000000
nor	4	0	61	0	1.000000
red	0	0	11	0	1.000000
lacy	0	1	1	0	0.999999
urh	4	1	2	0	1.000000
xi	1	1	1	0	0.999999
pez	4	1	1	0	0.999999
archduke	0	1	1	0	0.999999
protection	0	0	15	0	1.000000
moharram	0	1	1	0	0.999999
eff	4	1	31	0	1.000000
whp	0	1	2	0	1.000000
sd	0	0	1	0	0.999999
uae	2	0	1	0	0.999999
auditoriumsunday	0	1	1	0	0.999999
catch	0	0	11	0	1.000000
nid	2	1	1	0	0.999999
loman	0	1	1	0	0.999999
player	0	1	16	0	1.000000
projets	0	0	2	0	1.000000
evanda	0	1	2	0	1.000000
mac	0	1	7	0	1.000000
customary	0	0	3	0	1.000000
adpater	0	0	1	0	0.999999
division	0	0	2	0	1.000000
medallion	0	0	1	0	0.999999
whiet	0	0	1	0	0.999999
esprtaco	0	1	1	0	0.999999
glbt	0	1	1	0	0.999999
rusted	0	0	2	0	1.000000
ho	0	1	1	0	0.999999
persistent	0	0	2	0	1.000000
cecily	0	0	1	0	0.999999
areasof	0	0	1	0	0.999999
nice	0	1	3	0	1.000000
whether	0	1	9	0	1.000000
daresay	0	0	1	0	0.999999
artist	0	1	6	0	1.000000
brahmin	0	1	1	0	0.999999
took	0	0	15	0	1.000000
crf	4	0	1	0	0.999999
sustainability	0	0	4	0	1.000000
greet	0	0	1	0	0.999999
startin	0	0	1	0	0.999999
sports	0	0	8	0	1.000000
liz	4	1	3	0	1.000000
cio	2	1	10	0	1.000000
keu	4	0	1	0	0.999999
tel	2	1	7	0	1.000000
observing	0	0	1	0	0.999999
audit	0	0	2	0	1.000000
command	0	0	35	0	1.000000
kok	4	1	1	0	0.999999
perfect	0	0	10	0	1.000000
etters	0	0	1	0	0.999999
rentas	0	1	1	0	0.999999
lip	2	1	4	0	1.000000
reports	0	1	4	0	1.000000
bot	4	0	56	0	1.000000
bad	0	1	7	0	1.000000
mos	4	0	129	0	1.000000
la	0	1	6	0	1.000000
ries	0	0	3	0	1.000000
pointed	0	0	1	0	0.999999
dsuswith	0	1	1	0	0.999999
lent	0	0	1	0	0.999999
mph	4	0	4	0	1.000000
unb	4	1	2	0	1.000000
alphabet	0	0	1	0	0.999999
gazzarian	0	1	1	0	0.999999
adv	0	1	1	0	0.999999
tournament	0	0	1	0	0.999999
av	2	1	1	0	0.999999
ordinandas	0	0	1	0	0.999999
png	4	1	2	0	1.000000
adored	0	0	2	0	1.000000
ows	2	1	45	0	1.000000
sco	2	0	4	0	1.000000
toddlers	0	0	7	0	1.000000
slots	0	0	39	0	1.000000
birders	0	1	1	0	0.999999
souvenir	0	1	1	0	0.999999
intelligence	0	1	2	0	1.000000
iii	4	1	8	0	1.000000
wallace	0	0	1	0	0.999999
mam	4	0	4	0	1.000000
pg	0	1	2	0	1.000000
operation	0	1	1	0	0.999999
frissonner	0	0	1	0	0.999999
circuit	0	0	2	0	1.000000
jaz	4	1	2	0	1.000000
tir	4	0	6	0	1.000000
rdy	2	1	2	0	1.000000
er	1	1	1176	0	1.000000
techniko	0	0	1	0	0.999999
sheriff	0	1	3	0	1.000000
ico	4	0	2	0	1.000000
odr	4	1	1	0	0.999999
home	0	0	83	0	1.000000
diseases	0	0	3	0	1.000000
mmunity	0	0	2	0	1.000000
stangrave	0	1	1	0	0.999999
needed	0	1	2	0	1.000000
spark	0	0	1	0	0.999999
mpr	4	0	1	0	0.999999
freeadobe	0	1	1	0	0.999999
convenience	0	0	2	0	1.000000
gui	4	1	85	0	1.000000
gray	0	1	2	0	1.000000
singers	0	1	1	0	0.999999
itr	4	1	2	0	1.000000
inn	2	1	3	0	1.000000
ab	3	0	413	0	1.000000
cathodic	0	1	2	0	1.000000
pez	2	1	2	0	1.000000
tsh	4	0	1	0	0.999999
directing	0	0	1	0	0.999999
madness	0	0	1	0	0.999999
prob	0	0	1	0	0.999999
miy	2	1	1	0	0.999999
multi	0	1	2	0	1.000000
oci	2	0	1	0	0.999999
distribute	0	0	4	0	1.000000
suspicion	0	0	2	0	1.000000
mahihirap	0	0	1	0	0.999999
alliance	0	0	3	0	1.000000
ctd	4	1	1	0	0.999999
ct	0	1	3	0	1.000000
dry	2	1	2	0	1.000000
rar	4	0	22	0	1.000000
crf	2	0	1	0	0.999999
nho	2	0	3	0	1.000000
la	3	0	495	0	1.000000
byt	4	1	1	0	0.999999
diffcult	0	0	2	0	1.000000
publikkapacitet	0	0	1	0	0.999999
sx	0	0	4	0	1.000000
nry	2	1	5	0	1.000000
russia	0	1	3	0	1.000000
terms	0	0	14	0	1.000000
rfc	2	1	1	0	0.999999
lad	0	0	1	0	0.999999
advisory	0	0	2	0	1.000000
wearing	0	1	1	0	0.999999
billing	0	0	3	0	1.000000
acc	0	0	1	0	0.999999
cards	0	1	1	0	0.999999
ul	3	0	3	0	1.000000
ro	3	1	137	0	1.000000
bun	4	0	12	0	1.000000
essencial	0	1	1	0	0.999999
affection	0	0	1	0	0.999999
lud	2	1	1	0	0.999999
gp	2	1	1	0	0.999999
fg	1	0	1	0	0.999999
pq	2	0	3	0	1.000000
champion	0	1	1	0	0.999999
blamed	0	0	1	0	0.999999
job	4	1	3	0	1.000000
renew	0	0	2	0	1.000000
gaining	0	0	2	0	1.000000
communities	0	1	1	0	0.999999
image	0	0	22	0	1.000000
let	0	0	19	0	1.000000
jdc	4	1	1	0	0.999999
hyd	4	1	31	0	1.000000
spokane	0	1	1	0	0.999999
ith	4	1	3	0	1.000000
wandering	0	1	1	0	0.999999
publicwednesday	0	1	1	0	0.999999
he	3	1	337	0	1.000000
smo	2	0	5	0	1.000000
volkswagen	0	0	1	0	0.999999
handley	0	1	11	0	1.000000
washes	0	0	1	0	0.999999
muc	0	1	1	0	0.999999
windows	0	1	26	0	1.000000
alternative	0	0	4	0	1.000000
rit	2	0	10	0	1.000000
historial	0	0	1	0	0.999999
nin	4	0	22	0	1.000000
digicell	0	1	1	0	0.999999
ho	3	1	285	0	1.000000
sulfur	0	0	2	0	1.000000
bet	4	0	80	0	1.000000
rar	0	0	1	0	0.999999
carsoup	0	1	1	0	0.999999
independently	0	0	4	0	1.000000
xin	4	1	13	0	1.000000
sexiest	0	0	2	0	1.000000
ebt	2	1	7	0	1.000000
van	4	1	13	0	1.000000
prosti	0	1	1	0	0.999999
rise	0	0	3	0	1.000000
rapidement	0	0	1	0	0.999999
ner	4	0	7	0	1.000000
assist	0	1	4	0	1.000000
parliament	0	0	1	0	0.999999
vu	0	1	2	0	1.000000
oci	2	1	1	0	0.999999
tir	2	0	3	0	1.000000
breakaway	0	0	1	0	0.999999
mcdonalds	0	0	1	0	0.999999
ds	0	0	7	0	1.000000
ba	3	0	424	0	1.000000
wide	0	1	3	0	1.000000
gulfport	0	0	2	0	1.000000
ern	2	0	39	0	1.000000
russian	0	0	1	0	0.999999
llc	2	1	1	0	0.999999
stisiun	0	0	1	0	0.999999
asta	0	0	2	0	1.000000
ct	2	0	3	0	1.000000
lan	2	1	15	0	1.000000
americano	0	0	1	0	0.999999
unsolicitedmessages	0	0	1	0	0.999999
pourri	0	0	1	0	0.999999
eak	2	0	59	0	1.000000
draene	0	0	7	0	1.000000
fof	4	0	1	0	0.999999
sibun	0	1	2	0	1.000000
provider	0	0	9	0	1.000000
news	0	1	60	0	1.000000
penser	0	0	2	0	1.000000
else	0	1	1	0	0.999999
healthy	0	0	4	0	1.000000
fiquei	0	0	1	0	0.999999
id	0	1	10	0	1.000000
inn	4	0	16	0	1.000000
vidsalso	0	1	1	0	0.999999
modifications	0	0	6	0	1.000000
lan	4	0	67	0	1.000000
band	0	1	16	0	1.000000
couture	0	1	1	0	0.999999
erd	2	1	7	0	1.000000
fiv	4	0	18	0	1.000000
bud	4	1	2	0	1.000000
candidate	0	0	7	0	1.000000
he	0	1	53	0	1.000000
ems	4	1	7	0	1.000000
verdue	0	0	1	0	0.999999
dheidhinn	0	0	1	0	0.999999
excerpt	0	0	1	0	0.999999
enterprise	0	1	1	0	0.999999
pil	4	1	9	0	1.000000
wj	3	0	2	0	1.000000
premature	0	0	2	0	1.000000
marvin	0	1	1	0	0.999999
recycle	0	0	1	0	0.999999
oh	3	0	8	0	1.000000
obj	2	0	1	0	0.999999
craigslisf	0	0	1	0	0.999999
pestle	0	0	1	0	0.999999
wys	4	0	2	0	1.000000
convenient	0	0	8	0	1.000000
cj	2	1	1	0	0.999999
tel	0	0	2	0	1.000000
liz	4	0	14	0	1.000000
wellness	0	1	1	0	0.999999
edited	0	0	94	0	1.000000
irt	2	0	8	0	1.000000
rur	4	1	1	0	0.999999
menaced	0	0	1	0	0.999999
ord	2	0	127	0	1.000000
shallower	0	0	2	0	1.000000
developers	0	0	1	0	0.999999
sis	2	1	40	0	1.000000
pays	0	0	5	0	1.000000
squ	4	0	17	0	1.000000
sis	4	1	2	0	1.000000
aft	4	1	30	0	1.000000
nre	2	1	2	0	1.000000
mie	0	1	1	0	0.999999
volkswagen	0	1	1	0	0.999999
ces	2	1	184	0	1.000000
comum	0	0	1	0	0.999999
hardwoods	0	0	1	0	0.999999
gui	2	0	1	0	0.999999
ry	1	0	929	0	1.000000
tuf	4	1	2	0	1.000000
icon	0	0	1	0	0.999999
monterey	0	1	2	0	1.000000
affiliate	0	0	1	0	0.999999
appr	0	0	2	0	1.000000
tipfollowmouse	0	1	2	0	1.000000
buildings	0	0	7	0	1.000000
sn	1	0	36	0	1.000000
dichlorobenzaldehyde	0	0	3	0	1.000000
mmu	4	0	4	0	1.000000
tri	4	1	17	0	1.000000
chords	0	1	30	0	1.000000
mac	4	0	28	0	1.000000
put	0	1	7	0	1.000000
nobmul	0	1	1	0	0.999999
or	2	1	43	0	1.000000
immediate	0	1	1	0	0.999999
upt	4	0	2	0	1.000000
restricted	0	1	2	0	1.000000
wnt	0	0	1	0	0.999999
religious	0	0	2	0	1.000000
wnt	2	0	1	0	0.999999
epp	2	1	1	0	0.999999
nix	2	1	6	0	1.000000
sequestrators	0	0	2	0	1.000000
uv	1	1	7	0	1.000000
lock	0	0	5	0	1.000000
off	0	0	47	0	1.000000
ice	0	0	15	0	1.000000
bu	1	1	5	0	1.000000
ccu	0	0	1	0	0.999999
ico	2	1	24	0	1.000000
investment	0	1	1	0	0.999999
humor	0	0	1	0	0.999999
minorsin	0	1	1	0	0.999999
donated	0	0	2	0	1.000000
redding	0	1	1	0	0.999999
beck	0	0	1	0	0.999999
malpractice	0	0	1	0	0.999999
excuse	0	1	1	0	0.999999
vincent	0	0	1	0	0.999999
ctdx	0	1	1	0	0.999999
toast	0	0	2	0	1.000000
pissing	0	0	1	0	0.999999
nor	4	1	147	0	1.000000
mhz	0	1	1	0	0.999999
rts	2	0	147	0	1.000000
vrg	4	1	2	0	1.000000
vehicles	0	1	8	0	1.000000
were	0	0	97	0	1.000000
wse	2	1	7	0	1.000000
failed	0	0	3	0	1.000000
esc	2	1	2	0	1.000000
lad	4	1	7	0	1.000000
mewithg	0	1	2	0	1.000000
resolving	0	0	3	0	1.000000
zsv	2	1	1	0	0.999999
nested	0	1	1	0	0.999999
burdened	0	0	1	0	0.999999
nerd	0	0	3	0	1.000000
acquaintance	0	0	1	0	0.999999
nds	2	0	251	0	1.000000
volumes	0	0	1	0	0.999999
ihio	0	0	1	0	0.999999
lux	4	1	3	0	1.000000
explode	0	0	2	0	1.000000
were	0	1	2	0	1.000000
hed	2	1	7	0	1.000000
obj	4	0	8	0	1.000000
mac	0	0	3	0	1.000000
stripe	0	1	1	0	0.999999
aristotle	0	1	1	0	0.999999
grills	0	1	1	0	0.999999
ravie	0	0	1	0	0.999999
issued	0	0	8	0	1.000000
quer	0	0	1	0	0.999999
pib	2	0	1	0	0.999999
heremost	0	1	1	0	0.999999
artist	0	0	6	0	1.000000
erd	2	0	5	0	1.000000
central	0	0	9	0	1.000000
dhe	4	1	1	0	0.999999
dolphins	0	0	1	0	0.999999
mhz	4	1	1	0	0.999999
teevisi	0	0	1	0	0.999999
acquainted	0	0	1	0	0.999999
coupons	0	0	1	0	0.999999
justness	0	0	1	0	0.999999
mechanism	0	0	2	0	1.000000
took	0	1	1	0	0.999999
research	0	0	19	0	1.000000
trs	4	0	9	0	1.000000
conspiracy	0	0	1	0	0.999999
weekend	0	1	3	0	1.000000
ho	2	1	1	0	0.999999
cio	2	0	5	0	1.000000
str	4	0	171	0	1.000000
kok	4	0	1	0	0.999999
playful	0	0	1	0	0.999999
ceerd	0	1	4	0	1.000000
er	2	1	2	0	1.000000
reports	0	0	28	0	1.000000
oms	2	1	7	0	1.000000
wearing	0	0	2	0	1.000000
controlling	0	0	2	0	1.000000
lisa	0	1	2	0	1.000000
pop	4	1	127	0	1.000000
rfc	0	1	1	0	0.999999
strikers	0	1	1	0	0.999999
gilbertson	0	1	2	0	1.000000
cosmetically	0	0	1	0	0.999999
currency	0	1	1	0	0.999999
dress	0	1	2	0	1.000000
red	2	0	278	0	1.000000
license	0	1	3	0	1.000000
gcil	0	1	1	0	0.999999
connexion	0	0	1	0	0.999999
groceries	0	0	1	0	0.999999
cotton	0	0	3	0	1.000000
trav	0	0	1	0	0.999999
gas	0	1	4	0	1.000000
widgets	0	0	4	0	1.000000
fiters	0	0	1	0	0.999999
solved	0	1	1	0	0.999999
tw	3	0	104	0	1.000000
rod	2	0	2	0	1.000000
processes	0	0	3	0	1.000000
artices	0	0	2	0	1.000000
xiang	0	1	1	0	0.999999
pieces	0	1	1	0	0.999999
ice	4	1	5	0	1.000000
ico	4	1	11	0	1.000000
indolence	0	0	1	0	0.999999
respectful	0	0	2	0	1.000000
iii	0	1	8	0	1.000000
sempree	0	1	1	0	0.999999
jaz	4	0	1	0	0.999999
mery	0	0	1	0	0.999999
lps	2	0	5	0	1.000000
pipes	0	1	13	0	1.000000
brg	4	1	1	0	0.999999
alibre	0	1	1	0	0.999999
zls	4	1	1	0	0.999999
ry	0	0	8	0	1.000000
kb	1	1	1	0	0.999999
ege	0	0	4	0	1.000000
sudden	0	0	1	0	0.999999
plaira	0	0	1	0	0.999999
mepage	0	0	2	0	1.000000
diseases	0	1	1	0	0.999999
links	0	1	5	0	1.000000
sn	0	0	1	0	0.999999
terraruim	0	0	1	0	0.999999
spyder	0	0	1	0	0.999999
xtractor	0	1	4	0	1.000000
ags	2	0	6	0	1.000000
rar	2	1	1	0	0.999999
stalagtites	0	0	1	0	0.999999
isi	4	1	2	0	1.000000
ugs	2	0	7	0	1.000000
liz	2	0	1	0	0.999999
alvarez	0	1	1	0	0.999999
miy	2	0	1	0	0.999999
activities	0	1	2	0	1.000000
assessed	0	0	2	0	1.000000
xiii	0	1	1	0	0.999999
heritage	0	0	4	0	1.000000
rde	4	0	6	0	1.000000
jackets	0	0	1	0	0.999999
coloured	0	0	1	0	0.999999
mt	0	1	2	0	1.000000
sym	4	0	13	0	1.000000
la	3	1	225	0	1.000000
centennial	0	0	1	0	0.999999
unholy	0	0	1	0	0.999999
authorize	0	1	1	0	0.999999
van	2	1	8	0	1.000000
kletrnsanlg	0	0	1	0	0.999999
veille	0	1	1	0	0.999999
rightmga	0	1	2	0	1.000000
he	0	0	165	0	1.000000
evt	2	0	3	0	1.000000
din	0	1	2	0	1.000000
types	0	0	21	0	1.000000
sn	2	1	1	0	0.999999
fg	3	0	1	0	0.999999
ogo	2	0	2	0	1.000000
segmentinit	0	1	1	0	0.999999
filing	0	0	1	0	0.999999
reachcerros	0	1	1	0	0.999999
mt	2	0	1	0	0.999999
mardi	0	1	1	0	0.999999
osc	2	1	2	0	1.000000
bgr	4	0	1	0	0.999999
loei	0	1	1	0	0.999999
eather	0	0	1	0	0.999999
let	4	0	56	0	1.000000
monument	0	1	3	0	1.000000
echo	0	0	1	0	0.999999
eaten	0	1	1	0	0.999999
icies	0	0	1	0	0.999999
twx	4	0	1	0	0.999999
hovers	0	0	1	0	0.999999
deviation	0	1	2	0	1.000000
fez	0	0	1	0	0.999999
itineraries	0	0	2	0	1.000000
gorax	0	0	1	0	0.999999
apes	0	0	1	0	0.999999
zandt	0	1	2	0	1.000000
communities	0	0	3	0	1.000000
fat	2	1	1	0	0.999999
shaw	0	0	1	0	0.999999
reklama	0	1	1	0	0.999999
afferant	0	0	1	0	0.999999
fil	2	0	4	0	1.000000
visa	0	1	1	0	0.999999
parenst	0	0	2	0	1.000000
wma	4	1	1	0	0.999999
lautre	0	0	2	0	1.000000
such	0	1	9	0	1.000000
ako	2	1	2	0	1.000000
tap	4	1	4	0	1.000000
hydroelectric	0	1	4	0	1.000000
ffy	2	0	1	0	0.999999
nin	4	1	6	0	1.000000
ro	0	1	1	0	0.999999
bonuses	0	1	2	0	1.000000
goo	2	1	4	0	1.000000
jm	1	1	1	0	0.999999
minha	0	0	1	0	0.999999
som	2	0	2	0	1.000000
sug	4	0	30	0	1.000000
paperwork	0	0	1	0	0.999999
aktuelle	0	0	1	0	0.999999
personnally	0	0	2	0	1.000000
ethiopiamap	0	1	1	0	0.999999
connects	0	0	1	0	0.999999
stands	0	1	1	0	0.999999
keeping	0	0	11	0	1.000000
gainesville	0	0	1	0	0.999999
pharmacy	0	0	1	0	0.999999
rod	4	0	4	0	1.000000
vu	1	0	2	0	1.000000
doesnt	0	0	5	0	1.000000
multifunction	0	0	1	0	0.999999
lk	1	0	33	0	1.000000
assist	0	0	4	0	1.000000
participation	0	1	1	0	0.999999
oceans	0	1	1	0	0.999999
cam	4	1	33	0	1.000000
utf	2	1	1	0	0.999999
parliament	0	1	1	0	0.999999
wes	4	0	15	0	1.000000
street	0	1	27	0	1.000000
demi	0	0	1	0	0.999999
involve	0	0	1	0	0.999999
gas	2	1	8	0	1.000000
hartville	0	0	1	0	0.999999
spl	4	0	4	0	1.000000
arrangements	0	0	9	0	1.000000
passengerswith	0	1	1	0	0.999999
ub	3	1	1	0	0.999999
egy	2	0	7	0	1.000000
retreating	0	0	1	0	0.999999
gabourel	0	1	1	0	0.999999
butterfly	0	0	1	0	0.999999
detect	0	0	2	0	1.000000
cac	4	0	3	0	1.000000
datori	0	1	1	0	0.999999
distinguish	0	0	2	0	1.000000
fundamenta	0	0	1	0	0.999999
atz	2	0	1	0	0.999999
leave	0	0	16	0	1.000000
ub	1	1	22	0	1.000000
urge	0	0	1	0	0.999999
crisis	0	0	4	0	1.000000
news	0	0	85	0	1.000000
snn	2	0	1	0	0.999999
tri	2	1	4	0	1.000000
campeonato	0	1	1	0	0.999999
hispanic	0	0	1	0	0.999999
thissection	0	1	1	0	0.999999
rend	0	0	2	0	1.000000
evenings	0	1	1	0	0.999999
else	0	0	27	0	1.000000
orn	2	0	16	0	1.000000
ffe	0	0	1	0	0.999999
zut	4	1	1	0	0.999999
inn	4	1	5	0	1.000000
julian	0	1	3	0	1.000000
downs	0	1	1	0	0.999999
debate	0	1	1	0	0.999999
gateways	0	0	1	0	0.999999
draggabe	0	1	1	0	0.999999
clean	0	0	5	0	1.000000
fls	2	0	1	0	0.999999
consolidated	0	1	1	0	0.999999
scotia	0	0	1	0	0.999999
prohibit	0	0	1	0	0.999999
ohn	2	0	2	0	1.000000
obvious	0	0	2	0	1.000000
cookin	0	0	1	0	0.999999
alors	0	0	3	0	1.000000
enterprise	0	0	1	0	0.999999
collapse	0	0	1	0	0.999999
bbm	4	0	1	0	0.999999
vu	1	1	2	0	1.000000
wright	0	1	2	0	1.000000
rome	0	0	1	0	0.999999
cum	4	0	1	0	0.999999
dro	2	1	16	0	1.000000
swo	4	0	1	0	0.999999
pop	2	1	8	0	1.000000
usg	4	1	1	0	0.999999
lipunan	0	0	1	0	0.999999
ceased	0	0	1	0	0.999999
fat	0	0	3	0	1.000000
sew	0	1	1	0	0.999999
fat	0	1	1	0	0.999999
topography	0	0	1	0	0.999999
mauritiusmap	0	1	1	0	0.999999
moi	0	0	4	0	1.000000
sn	3	1	17	0	1.000000
moi	2	0	4	0	1.000000
paso	0	1	1	0	0.999999
swe	0	1	1	0	0.999999
mergers	0	0	2	0	1.000000
gathering	0	0	5	0	1.000000
ego	2	1	12	0	1.000000
isused	0	0	1	0	0.999999
sem	0	0	2	0	1.000000
psychologists	0	0	1	0	0.999999
owner	0	0	9	0	1.000000
facilitydepositary	0	1	1	0	0.999999
wca	2	0	1	0	0.999999
sis	4	0	7	0	1.000000
snn	4	0	1	0	0.999999
wine	0	0	8	0	1.000000
announcement	0	1	1	0	0.999999
regimen	0	0	1	0	0.999999
orn	4	1	2	0	1.000000
auditorium	0	1	2	0	1.000000
kl	3	1	8	0	1.000000
tap	0	1	1	0	0.999999
orn	2	1	7	0	1.000000
systemic	0	0	2	0	1.000000
maw	4	0	1	0	0.999999
lumar	0	0	3	0	1.000000
mens	0	0	2	0	1.000000
nct	2	0	4	0	1.000000
permitting	0	0	2	0	1.000000
icon	0	1	2	0	1.000000
injure	0	0	1	0	0.999999
gee	0	0	1	0	0.999999
wse	4	0	1	0	0.999999
wma	0	1	1	0	0.999999
pta	4	0	1	0	0.999999
underground	0	0	2	0	1.000000
dodge	0	1	1	0	0.999999
slipped	0	0	2	0	1.000000
accommodated	0	0	2	0	1.000000
ceer	0	1	1	0	0.999999
contemporary	0	0	2	0	1.000000
vitalpart	0	0	2	0	1.000000
modernized	0	0	1	0	0.999999
unusual	0	0	2	0	1.000000
cma	4	1	3	0	1.000000
excursions	0	0	3	0	1.000000
faoi	0	0	2	0	1.000000
har	0	0	1	0	0.999999
transformation	0	0	2	0	1.000000
manifest	0	1	1	0	0.999999
moniek	0	1	1	0	0.999999
outra	0	0	1	0	0.999999
mesmo	0	0	4	0	1.000000
parents	0	1	3	0	1.000000
rdy	2	0	3	0	1.000000
joined	0	0	1	0	0.999999
ni	1	1	31	0	1.000000
mustang	0	1	15	0	1.000000
mj	3	1	2	0	1.000000
unting	0	0	1	0	0.999999
attacks	0	1	1	0	0.999999
nid	4	0	1	0	0.999999
cylinders	0	0	1	0	0.999999
everyday	0	0	7	0	1.000000
agi	4	1	1	0	0.999999
adorar	0	0	1	0	0.999999
automatic	0	0	16	0	1.000000
adcock	0	1	1	0	0.999999
ceuari	0	0	1	0	0.999999
faso	0	1	1	0	0.999999
liners	0	0	2	0	1.000000
recherche	0	0	1	0	0.999999
dre	4	0	21	0	1.000000
sag	4	0	1	0	0.999999
siege	0	1	1	0	0.999999
wj	3	1	1	0	0.999999
preconfigured	0	0	1	0	0.999999
id	3	0	92	0	1.000000
nbsp	0	0	679	0	1.000000
thi	4	1	268	0	1.000000
dignified	0	0	1	0	0.999999
goo	4	1	25	0	1.000000
required	0	0	31	0	1.000000
pib	4	0	1	0	0.999999
hod	2	0	10	0	1.000000
offerings	0	0	4	0	1.000000
cars	0	0	18	0	1.000000
esc	2	0	1	0	0.999999
console	0	0	6	0	1.000000
uke	4	0	1	0	0.999999
magazines	0	0	1	0	0.999999
unconscious	0	0	1	0	0.999999
sail	0	0	3	0	1.000000
journalist	0	0	1	0	0.999999
pieceto	0	0	1	0	0.999999
trs	2	0	8	0	1.000000
huge	0	1	1	0	0.999999
reviews	0	1	7	0	1.000000
basin	0	1	2	0	1.000000
iga	0	0	1	0	0.999999
zut	0	1	1	0	0.999999
falling	0	0	8	0	1.000000
tw	0	1	1	0	0.999999
interlibrary	0	1	4	0	1.000000
cleaning	0	0	3	0	1.000000
organ	0	0	1	0	0.999999
wt	3	1	4	0	1.000000
gilpin	0	1	1	0	0.999999
re	3	0	1825	0	1.000000
imo	0	1	1	0	0.999999
issued	0	1	1	0	0.999999
ul	1	0	141	0	1.000000
tenterden	0	1	1	0	0.999999
iphone	0	0	1	0	0.999999
retrospective	0	0	1	0	0.999999
aue	2	0	1	0	0.999999
gian	0	1	1	0	0.999999
dhe	4	0	1	0	0.999999
implementing	0	0	2	0	1.000000
protesters	0	1	2	0	1.000000
pop	0	1	5	0	1.000000
str	2	1	7	0	1.000000
dry	0	0	6	0	1.000000
s	0	0	633	0	1.000000
str	4	1	94	0	1.000000
langdon	0	1	1	0	0.999999
wes	0	0	1	0	0.999999
planes	0	0	3	0	1.000000
stability	0	1	2	0	1.000000
ren	2	1	10	0	1.000000
influence	0	0	1	0	0.999999
ba	0	0	3	0	1.000000
printing	0	0	3	0	1.000000
mtx	2	1	16	0	1.000000
bath	0	1	3	0	1.000000
neh	4	0	1	0	0.999999
constantly	0	0	1	0	0.999999
or	3	0	212	0	1.000000
oms	2	0	28	0	1.000000
priwat	0	0	1	0	0.999999
banquets	0	0	1	0	0.999999
ugi	2	1	1	0	0.999999
torecognize	0	0	1	0	0.999999
qui	0	0	5	0	1.000000
remedial	0	1	1	0	0.999999
notepad	0	0	1	0	0.999999
shutter	0	0	1	0	0.999999
deeply	0	0	4	0	1.000000
debt	0	1	6	0	1.000000
framingrelations	0	0	1	0	0.999999
sailing	0	1	1	0	0.999999
educational	0	1	2	0	1.000000
ni	1	0	8	0	1.000000
piety	0	0	1	0	0.999999
bet	0	1	1	0	0.999999
id	1	1	74	0	1.000000
oh	1	1	15	0	1.000000
juliet	0	1	1	0	0.999999
sports	0	1	5	0	1.000000
or	2	0	676	0	1.000000
tombe	0	0	1	0	0.999999
sce	4	0	19	0	1.000000
did	0	0	49	0	1.000000
etl	4	1	2	0	1.000000
notpromotional	0	0	1	0	0.999999
instructional	0	1	1	0	0.999999
supra	0	0	1	0	0.999999
conservative	0	0	1	0	0.999999
experiencing	0	0	3	0	1.000000
ice	4	0	15	0	1.000000
eh	3	0	1	0	0.999999
put	2	0	51	0	1.000000
working	0	1	4	0	1.000000
worldwide	0	1	12	0	1.000000
esteem	0	0	2	0	1.000000
re	1	0	2419	0	1.000000
rit	4	1	1	0	0.999999
aae	0	0	5	0	1.000000
hermosa	0	0	2	0	1.000000
ns	3	0	8	0	1.000000
xs	2	0	1	0	0.999999
bej	4	1	2	0	1.000000
airines	0	0	1	0	0.999999
crest	0	0	1	0	0.999999
ccasi	0	0	1	0	0.999999
ressenties	0	0	1	0	0.999999
ags	2	1	5	0	1.000000
sn	0	1	1	0	0.999999
mine	0	0	6	0	1.000000
spade	0	0	2	0	1.000000
angler	0	0	3	0	1.000000
quotes	0	0	7	0	1.000000
immediate	0	0	3	0	1.000000
coin	0	0	2	0	1.000000
period	0	1	4	0	1.000000
fremad	0	1	1	0	0.999999
middle	0	1	9	0	1.000000
eff	2	1	2	0	1.000000
rar	2	0	8	0	1.000000
privileged	0	0	1	0	0.999999
taented	0	0	1	0	0.999999
climate	0	1	40	0	1.000000
dre	4	1	14	0	1.000000
amici	0	0	1	0	0.999999
could	0	1	1	0	0.999999
herring	0	0	1	0	0.999999
fresno	0	1	7	0	1.000000
ethic	0	0	1	0	0.999999
der	0	0	6	0	1.000000
mira	0	0	2	0	1.000000
drowned	0	1	1	0	0.999999
re	2	0	82	0	1.000000
thugs	0	1	1	0	0.999999
tle	2	0	87	0	1.000000
heritage	0	1	4	0	1.000000
socialization	0	1	1	0	0.999999
diagram	0	0	1	0	0.999999
tiff	0	1	1	0	0.999999
ni	0	0	1	0	0.999999
concourse	0	0	1	0	0.999999
tagungen	0	1	2	0	1.000000
gorda	0	1	10	0	1.000000
amc	2	0	1	0	0.999999
emotion	0	0	2	0	1.000000
van	2	0	10	0	1.000000
png	0	0	2	0	1.000000
din	0	0	1	0	0.999999
timelier	0	0	1	0	0.999999
whp	4	1	2	0	1.000000
procharger	0	1	1	0	0.999999
kidnapping	0	0	1	0	0.999999
pgn	2	0	1	0	0.999999
counseling	0	1	1	0	0.999999
addons	0	0	11	0	1.000000
forefathers	0	0	1	0	0.999999
darr	0	0	1	0	0.999999
ppy	2	0	23	0	1.000000
bif	4	0	2	0	1.000000
pull	0	0	3	0	1.000000
bsp	2	0	679	0	1.000000
clark	0	0	1	0	0.999999
rightnuachtn	0	1	1	0	0.999999
pasha	0	1	1	0	0.999999
fixya	0	1	1	0	0.999999
iss	2	0	17	0	1.000000
informationsuch	0	0	1	0	0.999999
horse	0	0	3	0	1.000000
goldsmith	0	1	1	0	0.999999
sd	2	0	1	0	0.999999
ab	2	0	10	0	1.000000
piano	0	0	2	0	1.000000
sd	1	1	8	0	1.000000
gye	2	1	1	0	0.999999
standardization	0	1	3	0	1.000000
taste	0	0	4	0	1.000000
scopes	0	0	2	0	1.000000
describe	0	0	4	0	1.000000
krebs	0	1	1	0	0.999999
unl	4	0	19	0	1.000000
alarm	0	0	1	0	0.999999
authoring	0	0	1	0	0.999999
aft	0	0	1	0	0.999999
sonoma	0	1	1	0	0.999999
caralhui	0	1	1	0	0.999999
ald	2	1	2	0	1.000000
emailriddlerarray	0	0	2	0	1.000000
oak	4	0	2	0	1.000000
bees	0	0	1	0	0.999999
nba	2	1	1	0	0.999999
soc	4	1	33	0	1.000000
comment	0	1	304	0	1.000000
bonuses	0	0	10	0	1.000000
apos	0	0	160	0	1.000000
datasets	0	0	1	0	0.999999
sug	4	1	6	0	1.000000
drives	0	0	3	0	1.000000
hon	2	0	7	0	1.000000
dor	2	0	5	0	1.000000
jap	4	1	17	0	1.000000
craigs	0	1	2	0	1.000000
vje	2	1	1	0	0.999999
lax	2	0	1	0	0.999999
sco	2	1	8	0	1.000000
pharmacy	0	1	1	0	0.999999
bad	4	1	10	0	1.000000
va	0	0	9	0	1.000000
ct	3	1	4	0	1.000000
undoubtedly	0	0	1	0	0.999999
pg	3	0	8	0	1.000000
arms	0	0	8	0	1.000000
adrian	0	0	1	0	0.999999
dal	4	1	3	0	1.000000
framed	0	0	2	0	1.000000
lineup	0	1	1	0	0.999999
ews	2	0	120	0	1.000000
justice	0	0	4	0	1.000000
butterfly	0	1	1	0	0.999999
proximity	0	1	1	0	0.999999
kathy	0	0	1	0	0.999999
router	0	0	2	0	1.000000
umc	2	0	1	0	0.999999
ppy	2	1	10	0	1.000000
decor	0	0	1	0	0.999999
white	0	1	77	0	1.000000
gp	1	0	1	0	0.999999
cybermapsan	0	1	1	0	0.999999
unfortunate	0	0	3	0	1.000000
mined	0	0	2	0	1.000000
guinea	0	1	7	0	1.000000
tanks	0	0	1	0	0.999999
rno	2	0	4	0	1.000000
headlights	0	1	2	0	1.000000
din	4	1	5	0	1.000000
youtubego	0	1	1	0	0.999999
state	0	1	29	0	1.000000
av	1	1	6	0	1.000000
utey	0	0	1	0	0.999999
video	0	1	22	0	1.000000
ime	2	0	251	0	1.000000
zil	2	0	2	0	1.000000
girls	0	1	7	0	1.000000
clean	0	1	3	0	1.000000
houses	0	0	9	0	1.000000
kou	2	0	1	0	0.999999
fleetwood	0	1	1	0	0.999999
ohn	2	1	10	0	1.000000
sram	0	1	1	0	0.999999
snn	0	0	1	0	0.999999
protest	0	0	2	0	1.000000
shine	0	0	1	0	0.999999
greenhouse	0	1	1	0	0.999999
isolated	0	0	1	0	0.999999
jc	0	1	1	0	0.999999
santa	0	1	4	0	1.000000
fib	4	0	3	0	1.000000
pieces	0	0	2	0	1.000000
ct	2	1	3	0	1.000000
ntains	0	0	1	0	0.999999
worst	0	1	2	0	1.000000
moi	4	0	11	0	1.000000
collectionpaintings	0	1	1	0	0.999999
china	0	0	2	0	1.000000
fq	1	1	1	0	0.999999
qui	2	0	5	0	1.000000
sec	2	1	8	0	1.000000
would	0	1	5	0	1.000000
notification	0	0	4	0	1.000000
sail	0	1	5	0	1.000000
hur	4	1	4	0	1.000000
drilling	0	0	1	0	0.999999
cca	4	0	1	0	0.999999
affiliated	0	0	1	0	0.999999
bangk	0	1	1	0	0.999999
er	0	1	2	0	1.000000
equity	0	0	3	0	1.000000
owi	2	1	1	0	0.999999
coal	0	0	1	0	0.999999
ico	0	0	1	0	0.999999
adults	0	0	5	0	1.000000
safe	0	1	2	0	1.000000
slinking	0	0	1	0	0.999999
eh	0	0	2	0	1.000000
stashes	0	0	1	0	0.999999
edr	2	1	1	0	0.999999
questo	0	0	1	0	0.999999
mma	4	0	2	0	1.000000
damel	0	1	1	0	0.999999
piacenza	0	1	1	0	0.999999
cam	0	1	3	0	1.000000
attacker	0	0	1	0	0.999999
orn	4	0	1	0	0.999999
wave	0	0	1	0	0.999999
hed	0	0	2	0	1.000000
kl	3	0	6	0	1.000000
aoa	4	1	1	0	0.999999
north	0	0	24	0	1.000000
uko	2	1	2	0	1.000000
libcoln	0	0	1	0	0.999999
sobrake	0	0	1	0	0.999999
mackenzie	0	0	1	0	0.999999
chips	0	0	3	0	1.000000
flags	0	1	1	0	0.999999
crossed	0	0	2	0	1.000000
sparyak	0	0	1	0	0.999999
aoa	2	1	1	0	0.999999
omi	2	1	2	0	1.000000
critica	0	0	1	0	0.999999
s	0	1	114	0	1.000000
sec	0	1	7	0	1.000000
consciousness	0	1	1	0	0.999999
profilewith	0	0	1	0	0.999999
suvs	0	0	1	0	0.999999
ndi	4	0	1	0	0.999999
cpr	2	1	1	0	0.999999
king	0	1	14	0	1.000000
poets	0	0	2	0	1.000000
cio	0	1	2	0	1.000000
ren	4	0	36	0	1.000000
wnt	4	0	1	0	0.999999
mauritania	0	1	1	0	0.999999
papua	0	0	1	0	0.999999
off	4	0	204	0	1.000000
ry	2	0	8	0	1.000000
task	0	0	1	0	0.999999
ns	3	1	1	0	0.999999
krissten	0	1	1	0	0.999999
la	2	0	35	0	1.000000
cobbled	0	0	1	0	0.999999
installing	0	1	5	0	1.000000
mars	0	1	1	0	0.999999
gets	0	1	1	0	0.999999
ban	2	0	7	0	1.000000
overview	0	1	11	0	1.000000
flights	0	0	4	0	1.000000
everyday	0	1	1	0	0.999999
shotcrete	0	1	1	0	0.999999
latest	0	0	8	0	1.000000
mridu	0	1	1	0	0.999999
comma	0	0	3	0	1.000000
ro	1	0	27	0	1.000000
sounding	0	0	3	0	1.000000
sag	4	1	2	0	1.000000
olvido	0	0	2	0	1.000000
slips	0	0	1	0	0.999999
faithfu	0	0	1	0	0.999999
ron	0	1	1	0	0.999999
typicay	0	0	1	0	0.999999
arr	2	1	4	0	1.000000
golden	0	0	1	0	0.999999
eurotuner	0	1	1	0	0.999999
shahs	0	1	1	0	0.999999
hugo	0	0	1	0	0.999999
console	0	1	3	0	1.000000
mum	2	1	16	0	1.000000
nor	2	1	5	0	1.000000
gents	0	1	1	0	0.999999
lu	3	0	24	0	1.000000
ix	3	1	2	0	1.000000
catch	0	1	1	0	0.999999
crossdressing	0	0	1	0	0.999999
eim	2	1	3	0	1.000000
findmysoft	0	1	1	0	0.999999
raphael	0	1	1	0	0.999999
sauntered	0	0	1	0	0.999999
arr	4	0	64	0	1.000000
reviews	0	0	14	0	1.000000
warriors	0	0	2	0	1.000000
ho	1	0	147	0	1.000000
easier	0	0	5	0	1.000000
tobacco	0	1	2	0	1.000000
hangouts	0	1	1	0	0.999999
gain	0	0	11	0	1.000000
gamse	0	0	1	0	0.999999
ysc	2	0	1	0	0.999999
tcx	2	1	3	0	1.000000
partyadvertiser	0	0	1	0	0.999999
classed	0	0	1	0	0.999999
bjartmar	0	1	1	0	0.999999
hill	0	0	1	0	0.999999
help	0	1	120	0	1.000000
iga	2	0	1	0	0.999999
desees	0	0	1	0	0.999999
mac	2	1	11	0	1.000000
paulo	0	1	1	0	0.999999
acevedo	0	0	1	0	0.999999
nominate	0	0	4	0	1.000000
hentai	0	1	1	0	0.999999
pop	0	0	10	0	1.000000
aade	0	0	2	0	1.000000
atest	0	0	1	0	0.999999
deciding	0	0	1	0	0.999999
unb	4	0	6	0	1.000000
oua	4	1	1	0	0.999999
inning	0	1	1	0	0.999999
revoir	0	0	2	0	1.000000
olio	0	0	1	0	0.999999
hed	4	1	23	0	1.000000
carmakers	0	0	1	0	0.999999
figuring	0	0	1	0	0.999999
poker	0	0	1	0	0.999999
ipl	4	1	4	0	1.000000
la	1	0	84	0	1.000000
oci	4	0	1	0	0.999999
lodged	0	0	1	0	0.999999
ren	2	0	16	0	1.000000
la	0	0	35	0	1.000000
stonard	0	0	1	0	0.999999
beaten	0	0	1	0	0.999999
leeds	0	1	2	0	1.000000
managed	0	0	4	0	1.000000
cuc	4	1	1	0	0.999999
neighbourhood	0	0	1	0	0.999999
basement	0	0	3	0	1.000000
jeroen	0	1	1	0	0.999999
chlorobenzyl	0	1	4	0	1.000000
hts	2	0	45	0	1.000000
passion	0	0	6	0	1.000000
reasons	0	0	10	0	1.000000
masters	0	1	3	0	1.000000
kb	3	1	4	0	1.000000
ppe	4	0	1	0	0.999999
hen	4	1	11	0	1.000000
gui	0	0	1	0	0.999999
relevant	0	0	7	0	1.000000
lif	4	1	16	0	1.000000
voluminous	0	0	1	0	0.999999
id	1	0	248	0	1.000000
or	1	1	470	0	1.000000
boj	2	0	1	0	0.999999
ramifications	0	0	2	0	1.000000
ron	2	0	8	0	1.000000
did	0	1	25	0	1.000000
in	1	1	407	0	1.000000
vet	2	0	3	0	1.000000
land	0	0	31	0	1.000000
awarding	0	0	1	0	0.999999
pack	0	1	2	0	1.000000
continental	0	1	1	0	0.999999
grocery	0	0	1	0	0.999999
cpr	0	1	1	0	0.999999
eh	3	1	3	0	1.000000
aoa	0	1	1	0	0.999999
rigging	0	0	1	0	0.999999
closure	0	1	2	0	1.000000
offices	0	1	1	0	0.999999
service	0	0	50	0	1.000000
vej	4	0	1	0	0.999999
wac	4	1	6	0	1.000000
sce	2	0	2	0	1.000000
alloy	0	0	1	0	0.999999
entities	0	0	3	0	1.000000
belonging	0	0	1	0	0.999999
bass	0	0	4	0	1.000000
inspector	0	1	1	0	0.999999
bridget	0	1	1	0	0.999999
fut	4	1	11	0	1.000000
nct	2	1	2	0	1.000000
cheaters	0	0	2	0	1.000000
gifs	0	0	5	0	1.000000
huile	0	0	1	0	0.999999
yua	4	1	2	0	1.000000
nice	0	0	12	0	1.000000
cave	0	1	10	0	1.000000
sexton	0	1	1	0	0.999999
period	0	0	26	0	1.000000
worldwide	0	0	4	0	1.000000
dre	2	0	7	0	1.000000
cahal	0	1	1	0	0.999999
mine	0	1	3	0	1.000000
dern	0	1	1	0	0.999999
eff	4	0	45	0	1.000000
clipe	0	1	1	0	0.999999
bastard	0	1	1	0	0.999999
sis	2	0	58	0	1.000000
der	0	1	1	0	0.999999
guns	0	1	3	0	1.000000
music	0	1	13	0	1.000000
ct	0	0	3	0	1.000000
could	0	0	44	0	1.000000
ab	0	0	10	0	1.000000
vip	2	1	2	0	1.000000
gus	4	1	8	0	1.000000
profits	0	0	5	0	1.000000
swe	4	1	8	0	1.000000
increasing	0	0	5	0	1.000000
rts	0	0	4	0	1.000000
photoblogs	0	1	1	0	0.999999
consolidated	0	0	1	0	0.999999
adequately	0	0	1	0	0.999999
rilleux	0	0	1	0	0.999999
rex	2	0	2	0	1.000000
ttack	0	0	1	0	0.999999
desconto	0	0	1	0	0.999999
jol	4	0	3	0	1.000000
vet	0	0	1	0	0.999999
gorda	0	0	2	0	1.000000
dds	2	0	2	0	1.000000
bun	2	1	2	0	1.000000
bobb	0	1	1	0	0.999999
mainline	0	1	1	0	0.999999
kara	0	0	1	0	0.999999
ccu	4	0	1	0	0.999999
ninth	0	0	1	0	0.999999
upt	2	0	2	0	1.000000
good	0	0	88	0	1.000000
ind	4	1	215	0	1.000000
gus	2	0	21	0	1.000000
bfracaso	0	0	1	0	0.999999
sem	2	0	2	0	1.000000
cso	4	1	1	0	0.999999
champion	0	0	1	0	0.999999
heres	0	1	2	0	1.000000
scooted	0	0	1	0	0.999999
beverage	0	0	2	0	1.000000
van	0	0	6	0	1.000000
png	2	0	2	0	1.000000
image	0	1	21	0	1.000000
bot	4	1	6	0	1.000000
pumps	0	1	2	0	1.000000
enthusiasts	0	0	2	0	1.000000
shelbu	0	0	1	0	0.999999
pib	0	0	1	0	0.999999
horse	0	1	2	0	1.000000
al	0	0	7	0	1.000000
european	0	1	15	0	1.000000
rra	2	0	6	0	1.000000
mednarodnih	0	0	1	0	0.999999
corative	0	0	1	0	0.999999
sapphires	0	0	1	0	0.999999
goldsmith	0	0	2	0	1.000000
ab	2	1	3	0	1.000000
unl	4	1	15	0	1.000000
di	3	0	807	0	1.000000
technicians	0	1	1	0	0.999999
conditioning	0	0	1	0	0.999999
comes	0	1	1	0	0.999999
thyroid	0	0	1	0	0.999999
ebola	0	1	1	0	0.999999
re	2	1	12	0	1.000000
liz	2	1	1	0	0.999999
navigator	0	1	1	0	0.999999
frnc	0	1	1	0	0.999999
arthas	0	1	1	0	0.999999
dor	2	1	2	0	1.000000
ab	1	1	12	0	1.000000
ald	2	0	2	0	1.000000
cartographers	0	1	1	0	0.999999
yak	2	0	4	0	1.000000
cum	2	0	1	0	0.999999
cj	1	1	1	0	0.999999
sss	2	0	1	0	0.999999
craigs	0	0	3	0	1.000000
ecs	2	1	1	0	0.999999
ems	0	0	3	0	1.000000
gp	1	1	1	0	0.999999
ngest	0	0	1	0	0.999999
wareh	0	1	1	0	0.999999
duke	0	0	1	0	0.999999
vu	0	0	2	0	1.000000
bad	4	0	18	0	1.000000
explain	0	0	5	0	1.000000
recondite	0	0	2	0	1.000000
biz	4	0	7	0	1.000000
hamlin	0	0	1	0	0.999999
nav	2	1	2	0	1.000000
arms	0	1	1	0	0.999999
encre	0	0	1	0	0.999999
pq	1	0	3	0	1.000000
sata	0	1	2	0	1.000000
dal	4	0	3	0	1.000000
vehicles	0	0	6	0	1.000000
ordinance	0	0	1	0	0.999999
wide	0	0	27	0	1.000000
person	0	0	67	0	1.000000
hint	0	1	2	0	1.000000
proximity	0	0	3	0	1.000000
gai	4	1	2	0	1.000000
mbined	0	0	1	0	0.999999
glitches	0	0	2	0	1.000000
qui	0	1	1	0	0.999999
lot	0	0	36	0	1.000000
roosting	0	0	1	0	0.999999
verify	0	0	4	0	1.000000
aya	2	1	71	0	1.000000
eak	2	1	7	0	1.000000
craigsliet	0	0	1	0	0.999999
qualify	0	0	2	0	1.000000
smiles	0	0	3	0	1.000000
blogs	0	0	3	0	1.000000
reclaim	0	0	1	0	0.999999
aae	2	1	1	0	0.999999
muc	4	0	99	0	1.000000
markers	0	1	1	0	0.999999
soup	0	1	1	0	0.999999
sx	2	0	4	0	1.000000
forefront	0	0	1	0	0.999999
mailing	0	1	1	0	0.999999
malar	0	1	1	0	0.999999
state	0	0	22	0	1.000000
crisis	0	1	1	0	0.999999
predicting	0	0	1	0	0.999999
kettering	0	1	1	0	0.999999
switchin	0	0	1	0	0.999999
lifting	0	0	1	0	0.999999
lan	4	1	49	0	1.000000
beam	0	0	1	0	0.999999
ssi	2	1	1	0	0.999999
mdash	0	0	1	0	0.999999
casting	0	0	1	0	0.999999
ssi	2	0	10	0	1.000000
sparer	0	0	1	0	0.999999
undecided	0	0	1	0	0.999999
er	3	0	46	0	1.000000
confirmation	0	0	2	0	1.000000
copies	0	0	7	0	1.000000
avevo	0	0	1	0	0.999999
pat	0	1	2	0	1.000000
mes	0	0	8	0	1.000000
paj	4	1	1	0	0.999999
shore	0	1	2	0	1.000000
junior	0	0	2	0	1.000000
maw	0	0	1	0	0.999999
red	4	1	12	0	1.000000
humanities	0	1	2	0	1.000000
denyon	0	0	1	0	0.999999
good	0	1	4	0	1.000000
sync	0	0	1	0	0.999999
smo	4	1	5	0	1.000000
tel	0	1	1	0	0.999999
uay	2	0	2	0	1.000000
gas	4	0	2	0	1.000000
fucking	0	1	1	0	0.999999
memes	0	0	1	0	0.999999
irt	2	1	2	0	1.000000
enh	4	0	13	0	1.000000
tumblelog	0	0	1	0	0.999999
opgericht	0	0	1	0	0.999999
racer	0	0	1	0	0.999999
ns	1	1	369	0	1.000000
enr	4	0	3	0	1.000000
dakar	0	1	4	0	1.000000
drilling	0	1	1	0	0.999999
bad	2	1	9	0	1.000000
rtunities	0	0	1	0	0.999999
nni	2	1	6	0	1.000000
nsutancy	0	0	1	0	0.999999
di	2	1	7	0	1.000000
ds	2	1	1	0	0.999999
oak	2	0	2	0	1.000000
miami	0	1	1	0	0.999999
nds	2	1	94	0	1.000000
xi	1	0	8	0	1.000000
compliant	0	0	1	0	0.999999
profilewe	0	1	1	0	0.999999
groan	0	0	1	0	0.999999
infamously	0	0	1	0	0.999999
musicas	0	1	1	0	0.999999
vais	0	0	3	0	1.000000
masala	0	1	1	0	0.999999
mods	0	1	2	0	1.000000
whp	2	1	2	0	1.000000
nix	2	0	2	0	1.000000
north	0	1	32	0	1.000000
rules	0	1	14	0	1.000000
examine	0	1	1	0	0.999999
handgun	0	1	1	0	0.999999
ege	2	0	23	0	1.000000
shes	0	0	3	0	1.000000
eic	4	0	1	0	0.999999
fil	0	0	2	0	1.000000
alprazolam	0	1	5	0	1.000000
skyscanner	0	1	1	0	0.999999
renovation	0	0	1	0	0.999999
punt	0	0	1	0	0.999999
cam	2	1	9	0	1.000000
range	0	0	29	0	1.000000
liability	0	1	5	0	1.000000
comhlacht	0	0	1	0	0.999999
rah	2	1	6	0	1.000000
pyright	0	0	3	0	1.000000
rdo	2	0	2	0	1.000000
ccu	2	0	1	0	0.999999
glimpse	0	0	1	0	0.999999
macedonian	0	1	3	0	1.000000
restricted	0	0	4	0	1.000000
expire	0	0	3	0	1.000000
temerity	0	0	1	0	0.999999
addicting	0	1	1	0	0.999999
tol	4	1	12	0	1.000000
dressing	0	0	1	0	0.999999
off	0	1	8	0	1.000000
ndi	2	0	1	0	0.999999
ban	2	1	1	0	0.999999
batida	0	0	1	0	0.999999
casual	0	0	2	0	1.000000
opera	0	0	2	0	1.000000
sculpture	0	0	1	0	0.999999
bladesfist	0	0	1	0	0.999999
restart	0	1	2	0	1.000000
lu	3	1	23	0	1.000000
shotcrete	0	0	1	0	0.999999
fetish	0	1	4	0	1.000000
excuse	0	0	2	0	1.000000
wars	0	1	2	0	1.000000
romhaire	0	1	2	0	1.000000
runways	0	0	1	0	0.999999
der	2	0	288	0	1.000000
dub	0	1	2	0	1.000000
bientot	0	1	1	0	0.999999
golden	0	1	2	0	1.000000
motorcyles	0	0	1	0	0.999999
suppose	0	0	4	0	1.000000
earls	0	1	1	0	0.999999
rod	0	0	2	0	1.000000
ownership	0	0	5	0	1.000000
emi	4	0	3	0	1.000000
cadillac	0	0	15	0	1.000000
iow	4	0	1	0	0.999999
jayhawk	0	1	1	0	0.999999
mum	2	0	18	0	1.000000
feia	0	0	1	0	0.999999
gsu	2	1	13	0	1.000000
pipes	0	0	16	0	1.000000
disappear	0	0	1	0	0.999999
esc	4	0	14	0	1.000000
hur	4	0	9	0	1.000000
ho	1	1	17	0	1.000000
commitment	0	1	6	0	1.000000
rogelio	0	0	1	0	0.999999
werde	0	0	2	0	1.000000
goe	4	0	4	0	1.000000
ind	2	0	158	0	1.000000
ro	1	1	49	0	1.000000
radicay	0	0	1	0	0.999999
steden	0	1	1	0	0.999999
eka	2	1	1	0	0.999999
noticing	0	0	1	0	0.999999
husband	0	0	4	0	1.000000
sec	4	0	169	0	1.000000
theres	0	1	1	0	0.999999
ceiing	0	1	1	0	0.999999
help	0	0	54	0	1.000000
divers	0	1	1	0	0.999999
sn	2	0	1	0	0.999999
recognizing	0	1	1	0	0.999999
eles	0	0	1	0	0.999999
pat	2	1	5	0	1.000000
mt	3	1	2	0	1.000000
al	2	1	1	0	0.999999
dub	4	1	3	0	1.000000
gia	2	0	3	0	1.000000
ego	4	1	3	0	1.000000
ahci	0	1	1	0	0.999999
ravennna	0	0	1	0	0.999999
tir	4	1	1	0	0.999999
masters	0	0	3	0	1.000000
spl	4	1	1	0	0.999999
iss	4	1	54	0	1.000000
rst	2	0	115	0	1.000000
richard	0	1	5	0	1.000000
ths	2	0	53	0	1.000000
ba	1	1	12	0	1.000000
nal	2	1	169	0	1.000000
la	1	1	60	0	1.000000
ord	4	1	21	0	1.000000
errorisland	0	1	1	0	0.999999
creepiness	0	0	1	0	0.999999
hed	4	0	4	0	1.000000
jennifer	0	0	1	0	0.999999
iem	2	0	1	0	0.999999
crwigslist	0	0	1	0	0.999999
arge	0	0	4	0	1.000000
surpasses	0	0	1	0	0.999999
crqigslist	0	0	2	0	1.000000
cos	2	0	2	0	1.000000
told	0	0	13	0	1.000000
lte	2	0	2	0	1.000000
hedberg	0	0	1	0	0.999999
accommodations	0	0	8	0	1.000000
more	0	1	59	0	1.000000
accorded	0	0	1	0	0.999999
chartransfer	0	1	1	0	0.999999
silk	0	0	2	0	1.000000
utf	4	1	1	0	0.999999
he	2	0	165	0	1.000000
solo	0	0	3	0	1.000000
preserving	0	0	2	0	1.000000
dor	4	0	1	0	0.999999
mos	2	1	7	0	1.000000
beaware	0	0	1	0	0.999999
erd	4	1	3	0	1.000000
absolute	0	1	1	0	0.999999
cos	4	1	20	0	1.000000
pesquisa	0	0	1	0	0.999999
wkw	0	0	1	0	0.999999
tw	3	1	21	0	1.000000
subscribing	0	0	1	0	0.999999
akon	0	1	6	0	1.000000
whether	0	0	9	0	1.000000
shied	0	1	2	0	1.000000
re	3	1	645	0	1.000000
trudged	0	0	1	0	0.999999
ebt	2	0	20	0	1.000000
write	0	1	5	0	1.000000
biz	2	1	2	0	1.000000
lot	4	1	3	0	1.000000
sx	1	1	3	0	1.000000
mouseover	0	0	2	0	1.000000
gp	3	1	4	0	1.000000
apt	0	0	1	0	0.999999
uld	2	0	238	0	1.000000
gone	0	0	9	0	1.000000
lot	2	1	6	0	1.000000
exposure	0	0	1	0	0.999999
tel	2	0	14	0	1.000000
offices	0	0	10	0	1.000000
oneof	0	0	2	0	1.000000
droga	0	0	1	0	0.999999
architectural	0	0	1	0	0.999999
mencken	0	1	1	0	0.999999
erotica	0	0	1	0	0.999999
mio	4	1	1	0	0.999999
explorer	0	1	6	0	1.000000
rides	0	1	2	0	1.000000
gifs	0	1	2	0	1.000000
creed	0	0	1	0	0.999999
mes	4	1	16	0	1.000000
every	0	0	75	0	1.000000
pessimistic	0	0	1	0	0.999999
lip	4	0	2	0	1.000000
gee	4	0	1	0	0.999999
caspian	0	1	1	0	0.999999
keygen	0	0	2	0	1.000000
vet	4	0	4	0	1.000000
innerheight	0	1	1	0	0.999999
effective	0	1	1	0	0.999999
processes	0	1	11	0	1.000000
toolpath	0	0	1	0	0.999999
mexicobenque	0	1	1	0	0.999999
hur	2	0	1	0	0.999999
tournament	0	1	6	0	1.000000
music	0	0	22	0	1.000000
hayden	0	1	1	0	0.999999
acc	2	1	1	0	0.999999
graha	0	0	1	0	0.999999
mt	0	0	1	0	0.999999
ab	0	1	3	0	1.000000
colorado	0	0	5	0	1.000000
mazda	0	0	2	0	1.000000
increasing	0	1	1	0	0.999999
attempt	0	0	6	0	1.000000
despre	0	0	1	0	0.999999
excitment	0	0	1	0	0.999999
jol	4	1	2	0	1.000000
sailing	0	0	9	0	1.000000
ogo	2	1	4	0	1.000000
specialist	0	1	13	0	1.000000
carry	0	0	10	0	1.000000
sers	0	0	2	0	1.000000
community	0	1	22	0	1.000000
ealaontir	0	0	1	0	0.999999
iew	4	0	1	0	0.999999
mio	0	1	1	0	0.999999
tri	0	1	2	0	1.000000
ctx	2	0	1	0	0.999999
ald	4	1	3	0	1.000000
let	4	1	16	0	1.000000
edge	0	1	2	0	1.000000
mys	4	0	37	0	1.000000
monument	0	0	1	0	0.999999
home	0	1	23	0	1.000000
masaa	0	0	1	0	0.999999
launches	0	0	1	0	0.999999
png	2	1	1	0	0.999999
sentra	0	0	1	0	0.999999
enthusiasts	0	1	1	0	0.999999
street	0	0	9	0	1.000000
represents	0	0	2	0	1.000000
fil	4	1	33	0	1.000000
settlementsi	0	1	1	0	0.999999
european	0	0	1	0	0.999999
rightbaltimaid	0	1	1	0	0.999999
nav	4	1	19	0	1.000000
comparison	0	0	1	0	0.999999
fastening	0	0	1	0	0.999999
superficial	0	0	1	0	0.999999
al	0	1	1	0	0.999999
violent	0	0	4	0	1.000000
off	2	0	48	0	1.000000
di	3	1	271	0	1.000000
fredrik	0	1	1	0	0.999999
scholarships	0	0	7	0	1.000000
ofblocks	0	0	5	0	1.000000
legitimate	0	0	1	0	0.999999
vibrate	0	0	1	0	0.999999
paperback	0	1	1	0	0.999999
cash	0	0	5	0	1.000000
cei	4	1	2	0	1.000000
phones	0	0	2	0	1.000000
dry	2	0	6	0	1.000000
i	0	1	968	0	1.000000
dicti	0	1	1	0	0.999999
cpcs	0	1	3	0	1.000000
december	0	1	38	0	1.000000
driving	0	0	3	0	1.000000
sandwiches	0	0	1	0	0.999999
ryd	4	1	1	0	0.999999
magtek	0	1	1	0	0.999999
rne	2	1	8	0	1.000000
industrious	0	0	1	0	0.999999
keeping	0	1	1	0	0.999999
cartographers	0	0	1	0	0.999999
fratelli	0	1	1	0	0.999999
rod	4	1	2	0	1.000000
sx	0	1	2	0	1.000000
kelly	0	1	3	0	1.000000
statescentral	0	1	1	0	0.999999
ecs	2	0	7	0	1.000000
females	0	0	3	0	1.000000
hit	4	0	11	0	1.000000
axb	2	1	1	0	0.999999
duke	0	1	3	0	1.000000
biz	4	1	3	0	1.000000
itr	2	1	1	0	0.999999
wes	4	1	23	0	1.000000
facilities	0	1	5	0	1.000000
crafts	0	0	5	0	1.000000
ban	0	0	2	0	1.000000
biology	0	0	1	0	0.999999
ynh	4	1	1	0	0.999999
esm	4	1	2	0	1.000000
chain	0	1	1	0	0.999999
bears	0	0	1	0	0.999999
sadness	0	0	1	0	0.999999
ilik	0	0	1	0	0.999999
consignment	0	1	1	0	0.999999
rica	0	0	2	0	1.000000
thirdparty	0	1	1	0	0.999999
curmudgeon	0	1	1	0	0.999999
tvo	2	1	1	0	0.999999
leave	0	1	2	0	1.000000
gai	4	0	22	0	1.000000
wt	1	0	2	0	1.000000
server	0	0	37	0	1.000000
ul	1	1	51	0	1.000000
hagen	0	1	1	0	0.999999
va	2	1	1	0	0.999999
in	2	0	1740	0	1.000000
kunne	0	0	1	0	0.999999
ehrlich	0	1	1	0	0.999999
protection	0	1	13	0	1.000000
esc	0	1	2	0	1.000000
traves	0	1	1	0	0.999999
doris	0	1	1	0	0.999999
zja	2	1	1	0	0.999999
ydr	2	1	1	0	0.999999
consuls	0	1	1	0	0.999999
squ	4	1	5	0	1.000000
aae	2	0	5	0	1.000000
cantorinha	0	0	1	0	0.999999
naturalight	0	1	57	0	1.000000
operation	0	0	9	0	1.000000
ljo	4	1	1	0	0.999999
adv	4	1	25	0	1.000000
opp	4	0	62	0	1.000000
mailing	0	0	2	0	1.000000
partners	0	1	1	0	0.999999
lass	0	0	1	0	0.999999
hy	3	0	26	0	1.000000
avenuebooking	0	1	1	0	0.999999
beam	0	1	1	0	0.999999
starts	0	0	8	0	1.000000
bandera	0	1	1	0	0.999999
did	4	0	62	0	1.000000
pez	0	1	1	0	0.999999
ni	3	1	57	0	1.000000
mapscollection	0	1	2	0	1.000000
boiled	0	0	1	0	0.999999
antas	0	0	1	0	0.999999
warentee	0	0	1	0	0.999999
aqs	2	1	2	0	1.000000
ds	1	0	669	0	1.000000
arvada	0	1	2	0	1.000000
ctx	4	0	1	0	0.999999
dry	4	1	2	0	1.000000
sme	4	0	1	0	0.999999
perhaps	0	0	8	0	1.000000
shore	0	0	9	0	1.000000
cayeport	0	1	1	0	0.999999
russian	0	1	2	0	1.000000
red	4	0	35	0	1.000000
av	3	1	17	0	1.000000
oh	2	0	9	0	1.000000
vienna	0	1	1	0	0.999999
sew	2	1	1	0	0.999999
gas	4	1	5	0	1.000000
satisfies	0	0	1	0	0.999999
swe	2	1	1	0	0.999999
tyl	4	1	1	0	0.999999
vu	2	1	2	0	1.000000
enr	4	1	5	0	1.000000
hit	2	1	1	0	0.999999
lan	2	0	32	0	1.000000
indymac	0	1	1	0	0.999999
memorandum	0	1	1	0	0.999999
draene	0	1	2	0	1.000000
di	2	0	25	0	1.000000
regime	0	1	11	0	1.000000
convention	0	0	3	0	1.000000
mma	2	0	3	0	1.000000
bad	2	0	17	0	1.000000
central	0	1	27	0	1.000000
liability	0	0	1	0	0.999999
hit	4	1	2	0	1.000000
pg	1	0	5	0	1.000000
announcement	0	0	3	0	1.000000
programs	0	1	6	0	1.000000
auditorium	0	0	1	0	0.999999
reprendre	0	0	1	0	0.999999
expanded	0	1	7	0	1.000000
evolution	0	1	3	0	1.000000
som	4	1	27	0	1.000000
novamente	0	0	1	0	0.999999
canton	0	0	3	0	1.000000
vetrina	0	1	1	0	0.999999
judicial	0	0	1	0	0.999999
nal	4	0	1	0	0.999999
bot	2	1	1	0	0.999999
wkw	2	0	1	0	0.999999
bet	2	0	1	0	0.999999
fraught	0	0	1	0	0.999999
today	0	1	18	0	1.000000
bud	4	0	8	0	1.000000
mdiji	0	0	1	0	0.999999
shes	0	1	2	0	1.000000
eh	2	1	22	0	1.000000
ems	4	0	3	0	1.000000
emprisonn	0	0	1	0	0.999999
ashness	0	1	1	0	0.999999
mansion	0	1	1	0	0.999999
pil	4	0	2	0	1.000000
trs	0	0	8	0	1.000000
simplemente	0	0	1	0	0.999999
wicked	0	0	1	0	0.999999
cam	2	0	1	0	0.999999
faroe	0	0	1	0	0.999999
biz	0	0	7	0	1.000000
ading	0	1	1	0	0.999999
exh	4	1	5	0	1.000000
wacom	0	1	2	0	1.000000
thought	0	0	29	0	1.000000
olt	2	0	1	0	0.999999
spique	0	0	1	0	0.999999
elt	2	0	17	0	1.000000
kay	2	1	3	0	1.000000
caution	0	0	1	0	0.999999
ba	2	0	3	0	1.000000
interactivity	0	0	1	0	0.999999
ecosystems	0	0	3	0	1.000000
watch	0	1	4	0	1.000000
tol	4	0	15	0	1.000000
ecastingbar	0	1	1	0	0.999999
opera	0	1	3	0	1.000000
mercuty	0	0	1	0	0.999999
udv	4	0	1	0	0.999999
malimap	0	1	2	0	1.000000
agi	4	0	1	0	0.999999
didn	0	0	4	0	1.000000
shallows	0	0	1	0	0.999999
hostility	0	0	1	0	0.999999
aft	4	0	83	0	1.000000
aig	0	1	2	0	1.000000
usacerl	0	1	1	0	0.999999
der	2	1	54	0	1.000000
rti	4	0	1	0	0.999999
ces	2	0	274	0	1.000000
phiippines	0	1	1	0	0.999999
mankato	0	0	2	0	1.000000
regularly	0	1	1	0	0.999999
llc	4	1	1	0	0.999999
red	0	1	5	0	1.000000
iboox	0	0	4	0	1.000000
match	0	0	9	0	1.000000
emi	4	1	3	0	1.000000
disappointing	0	0	2	0	1.000000
culminating	0	0	2	0	1.000000
cadillac	0	1	1	0	0.999999
iysh	0	1	1	0	0.999999
michele	0	1	1	0	0.999999
tri	4	0	69	0	1.000000
zzo	2	0	2	0	1.000000
schools	0	1	2	0	1.000000
commitment	0	0	4	0	1.000000
staffed	0	0	1	0	0.999999
player	0	0	25	0	1.000000
doxtater	0	1	1	0	0.999999
velcro	0	1	2	0	1.000000
tinkler	0	1	1	0	0.999999
naked	0	0	1	0	0.999999
mutilate	0	1	1	0	0.999999
hyd	0	1	1	0	0.999999
pat	4	0	54	0	1.000000
gerald	0	1	1	0	0.999999
ows	4	1	1	0	0.999999
sec	4	1	64	0	1.000000
gia	4	1	3	0	1.000000
egy	4	1	3	0	1.000000
marin	0	1	1	0	0.999999
kekchi	0	1	2	0	1.000000
whitaker	0	1	1	0	0.999999
rgb	0	1	1	0	0.999999
pg	3	1	11	0	1.000000
tc	3	1	3	0	1.000000
construct	0	0	6	0	1.000000
al	2	0	7	0	1.000000
closest	0	0	2	0	1.000000
enduro	0	0	1	0	0.999999
ico	2	0	4	0	1.000000
mapsclick	0	1	1	0	0.999999
wei	4	0	13	0	1.000000
armsetrough	0	1	1	0	0.999999
bronco	0	0	1	0	0.999999
younger	0	0	1	0	0.999999
mixed	0	1	1	0	0.999999
tly	2	1	16	0	1.000000
ths	2	1	4	0	1.000000
elect	0	1	2	0	1.000000
inspires	0	0	1	0	0.999999
rightongoing	0	1	1	0	0.999999
muc	2	1	1	0	0.999999
cj	0	1	1	0	0.999999
atp	4	1	1	0	0.999999
rts	4	0	5	0	1.000000
nal	2	0	277	0	1.000000
bunaodh	0	1	1	0	0.999999
optech	0	1	1	0	0.999999
lad	4	0	13	0	1.000000
cos	2	1	7	0	1.000000
velshi	0	1	1	0	0.999999
dav	4	1	6	0	1.000000
ifl	4	1	2	0	1.000000
uninhabited	0	0	1	0	0.999999
cutter	0	0	1	0	0.999999
ems	2	0	93	0	1.000000
phipear	0	0	1	0	0.999999
landmass	0	0	1	0	0.999999
ftbol	0	0	1	0	0.999999
biography	0	0	2	0	1.000000
shutter	0	1	2	0	1.000000
marlin	0	1	1	0	0.999999
burroughs	0	0	1	0	0.999999
negativa	0	0	1	0	0.999999
silk	0	1	2	0	1.000000
av	2	0	2	0	1.000000
observes	0	0	1	0	0.999999
pgn	0	0	1	0	0.999999
ds	3	0	2	0	1.000000
gp	0	1	1	0	0.999999
absolute	0	0	9	0	1.000000
pesquisa	0	1	1	0	0.999999
mos	2	0	15	0	1.000000
dividend	0	1	1	0	0.999999
solved	0	0	1	0	0.999999
slots	0	1	36	0	1.000000
cos	4	0	33	0	1.000000
concrete	0	1	8	0	1.000000
intelligence	0	0	2	0	1.000000
qui	4	1	7	0	1.000000
mere	0	0	2	0	1.000000
crashes	0	1	1	0	0.999999
biographies	0	0	2	0	1.000000
mam	4	1	1	0	0.999999
quer	0	1	1	0	0.999999
lockword	0	1	1	0	0.999999
mes	2	0	182	0	1.000000
circuit	0	1	1	0	0.999999
freeagent	0	1	1	0	0.999999
job	2	0	21	0	1.000000
yr	3	0	7	0	1.000000
put	2	1	9	0	1.000000
write	0	0	35	0	1.000000
uld	2	1	10	0	1.000000
thuseliminating	0	0	1	0	0.999999
room	0	0	11	0	1.000000
research	0	1	13	0	1.000000
sx	1	0	5	0	1.000000
rewritestipcss	0	0	1	0	0.999999
zeus	0	1	2	0	1.000000
foia	0	1	1	0	0.999999
theinformation	0	0	1	0	0.999999
needed	0	0	11	0	1.000000
tup	2	0	6	0	1.000000
magnificent	0	0	5	0	1.000000
explorer	0	0	1	0	0.999999
digests	0	0	1	0	0.999999
har	4	1	36	0	1.000000
gourd	0	1	1	0	0.999999
ban	4	1	241	0	1.000000
optimize	0	0	2	0	1.000000
mio	4	0	1	0	0.999999
ith	2	1	100	0	1.000000
dor	4	1	2	0	1.000000
ab	3	1	80	0	1.000000
in	3	1	738	0	1.000000
regularly	0	0	14	0	1.000000
above	0	1	1	0	0.999999
madness	0	1	2	0	1.000000
ltima	0	0	1	0	0.999999
civil	0	1	11	0	1.000000
sres	0	1	2	0	1.000000
nuv	4	1	1	0	0.999999
wes	2	1	4	0	1.000000
attendance	0	0	2	0	1.000000
specialist	0	0	3	0	1.000000
cannot	0	1	1	0	0.999999
dress	0	0	4	0	1.000000
lcl	2	1	2	0	1.000000
effective	0	0	7	0	1.000000
dal	2	1	3	0	1.000000
rar	4	1	4	0	1.000000
wkw	4	0	1	0	0.999999
tanked	0	0	1	0	0.999999
orn	0	1	1	0	0.999999
portable	0	0	1	0	0.999999
refined	0	0	1	0	0.999999
meteors	0	0	5	0	1.000000
iew	0	0	1	0	0.999999
cie	4	0	2	0	1.000000
evt	0	0	1	0	0.999999
png	0	1	1	0	0.999999
carry	0	1	1	0	0.999999
collaboration	0	0	1	0	0.999999
xer	4	1	1	0	0.999999
piano	0	1	1	0	0.999999
gianbattista	0	1	1	0	0.999999
ice	2	1	120	0	1.000000
altered	0	1	1	0	0.999999
alley	0	1	2	0	1.000000
visitors	0	1	4	0	1.000000
gardeners	0	0	1	0	0.999999
stands	0	0	1	0	0.999999
community	0	0	26	0	1.000000
idn	2	1	1	0	0.999999
abd	4	0	1	0	0.999999
acc	0	1	1	0	0.999999
paintings	0	0	2	0	1.000000
mystery	0	0	2	0	1.000000
bun	4	1	5	0	1.000000
makeup	0	1	1	0	0.999999
wes	2	0	1	0	0.999999
interfaz	0	0	1	0	0.999999
string	0	0	10	0	1.000000
kendrick	0	1	1	0	0.999999
height	0	0	14	0	1.000000
wei	4	1	6	0	1.000000
clark	0	1	2	0	1.000000
tap	4	0	4	0	1.000000
contracted	0	0	2	0	1.000000
let	0	1	6	0	1.000000
links	0	0	40	0	1.000000
iss	2	1	46	0	1.000000
str	2	0	2	0	1.000000
coi	4	0	7	0	1.000000
reservelaughing	0	1	1	0	0.999999
nav	4	0	27	0	1.000000
tailor	0	0	1	0	0.999999
snacks	0	0	3	0	1.000000
valued	0	0	1	0	0.999999
alarm	0	1	1	0	0.999999
finances	0	1	1	0	0.999999
portugueis	0	0	2	0	1.000000
ron	4	0	1	0	0.999999
omi	4	0	1	0	0.999999
charter	0	0	7	0	1.000000
kea	4	1	5	0	1.000000
fli	4	0	18	0	1.000000
rit	2	1	3	0	1.000000
eeg	4	1	1	0	0.999999
va	1	1	35	0	1.000000
december	0	0	1	0	0.999999
cei	4	0	2	0	1.000000
ntc	2	1	2	0	1.000000
chelsea	0	1	1	0	0.999999
i	0	0	99	0	1.000000
bet	4	1	19	0	1.000000
shipscan	0	1	3	0	1.000000
maayaam	0	1	1	0	0.999999
nor	0	0	13	0	1.000000
formidable	0	0	2	0	1.000000
lu	1	0	3	0	1.000000
smartest	0	0	1	0	0.999999
builds	0	0	1	0	0.999999
undertaker	0	1	1	0	0.999999
thesearch	0	0	1	0	0.999999
sailfish	0	0	2	0	1.000000
orx	4	0	1	0	0.999999
expired	0	0	1	0	0.999999
qui	4	0	65	0	1.000000
deborah	0	1	1	0	0.999999
durable	0	0	1	0	0.999999
poets	0	1	1	0	0.999999
games	0	0	65	0	1.000000
ews	2	1	90	0	1.000000
gear	0	1	4	0	1.000000
pg	2	1	2	0	1.000000
boj	0	0	1	0	0.999999
chain	0	0	4	0	1.000000
quintero	0	0	1	0	0.999999
pq	0	0	3	0	1.000000
sugababes	0	1	2	0	1.000000
smartcut	0	1	2	0	1.000000
onh	4	1	1	0	0.999999
wam	4	0	1	0	0.999999
mio	2	0	1	0	0.999999
guinea	0	0	2	0	1.000000
fukagawa	0	0	1	0	0.999999
notonly	0	0	1	0	0.999999
extract	0	0	1	0	0.999999
jeune	0	0	2	0	1.000000
windows	0	0	13	0	1.000000
sym	4	1	5	0	1.000000
minook	0	1	1	0	0.999999
bbc	4	1	1	0	0.999999
chicken	0	0	2	0	1.000000
theminimum	0	0	5	0	1.000000
chest	0	0	1	0	0.999999
ime	2	1	56	0	1.000000
obj	0	0	1	0	0.999999
white	0	0	23	0	1.000000
xs	0	0	1	0	0.999999
nobles	0	0	2	0	1.000000
ofbirds	0	0	1	0	0.999999
prizethe	0	1	2	0	1.000000
permafrost	0	0	1	0	0.999999
technicians	0	0	2	0	1.000000
ni	3	0	109	0	1.000000
landmarks	0	0	1	0	0.999999
fib	4	1	1	0	0.999999
theological	0	0	1	0	0.999999
adv	2	1	1	0	0.999999
meds	0	0	4	0	1.000000
humor	0	1	1	0	0.999999
sme	4	1	1	0	0.999999
extras	0	0	1	0	0.999999
refuel	0	0	1	0	0.999999
cards	0	0	10	0	1.000000
gas	2	0	6	0	1.000000
dry	4	0	6	0	1.000000
der	4	1	6	0	1.000000
ub	3	0	5	0	1.000000
gera	0	0	2	0	1.000000
eagrn	0	0	1	0	0.999999
uay	2	1	1	0	0.999999
thinkpad	0	0	1	0	0.999999
av	3	0	129	0	1.000000
mishaps	0	0	1	0	0.999999
envelopes	0	0	3	0	1.000000
ro	3	0	231	0	1.000000
ord	2	1	74	0	1.000000
eh	1	0	8	0	1.000000
put	4	0	47	0	1.000000
vascular	0	0	1	0	0.999999
blackmon	0	1	1	0	0.999999
msica	0	1	1	0	0.999999
seven	0	0	6	0	1.000000
phenomenon	0	0	2	0	1.000000
convention	0	1	3	0	1.000000
aig	4	1	2	0	1.000000
eh	0	1	22	0	1.000000
incentive	0	0	1	0	0.999999
oh	0	0	9	0	1.000000
expanded	0	0	3	0	1.000000
compreensvel	0	0	1	0	0.999999
latina	0	1	1	0	0.999999
evolution	0	0	1	0	0.999999
intact	0	0	3	0	1.000000
gui	2	1	3	0	1.000000
ix	1	0	26	0	1.000000
som	4	0	221	0	1.000000
bet	2	1	1	0	0.999999
winking	0	0	1	0	0.999999
besold	0	1	1	0	0.999999
driving	0	1	5	0	1.000000
versacad	0	1	1	0	0.999999
imitated	0	0	1	0	0.999999
va	1	0	20	0	1.000000
thi	2	1	2	0	1.000000
viz	4	1	1	0	0.999999
eh	2	0	2	0	1.000000
buildings	0	1	1	0	0.999999
today	0	0	16	0	1.000000
giu	4	1	7	0	1.000000
imo	2	0	6	0	1.000000
coalesce	0	0	1	0	0.999999
athens	0	1	1	0	0.999999
turgenieff	0	1	1	0	0.999999
waking	0	0	1	0	0.999999
bu	3	0	676	0	1.000000
mac	4	1	45	0	1.000000
dinners	0	0	3	0	1.000000
king	0	0	12	0	1.000000
faroe	0	1	2	0	1.000000
jacksonville	0	1	1	0	0.999999
ren	4	1	11	0	1.000000
depict	0	0	1	0	0.999999
vagues	0	0	1	0	0.999999
pop	2	0	10	0	1.000000
familiarize	0	0	2	0	1.000000
zzy	2	1	1	0	0.999999
sorry	0	0	4	0	1.000000
rumped	0	0	2	0	1.000000
documentaries	0	0	1	0	0.999999
boatshire	0	1	1	0	0.999999
core	0	0	7	0	1.000000
suspicious	0	0	2	0	1.000000
repair	0	0	7	0	1.000000
vu	3	0	4	0	1.000000
unexpected	0	0	2	0	1.000000
sn	3	0	52	0	1.000000
estuaries	0	0	2	0	1.000000
gleams	0	0	1	0	0.999999
gets	0	0	3	0	1.000000
watch	0	0	22	0	1.000000
oge	4	1	1	0	0.999999
proprietors	0	0	1	0	0.999999
ice	0	1	2	0	1.000000
mie	4	0	5	0	1.000000
overview	0	0	2	0	1.000000
ego	2	0	6	0	1.000000
asteroid	0	0	1	0	0.999999
debreceni	0	1	1	0	0.999999
klem	0	1	1	0	0.999999
nul	4	1	1	0	0.999999
phones	0	1	1	0	0.999999
completed	0	1	2	0	1.000000
hah	4	0	2	0	1.000000
leio	0	0	1	0	0.999999
purchaser	0	0	2	0	1.000000
muzk	0	1	1	0	0.999999
tob	4	0	1	0	0.999999
wine	0	1	2	0	1.000000
bonesplitter	0	0	1	0	0.999999
categoriesmost	0	1	1	0	0.999999
inempire	0	1	5	0	1.000000
rde	2	1	9	0	1.000000
poker	0	1	3	0	1.000000
rts	2	1	61	0	1.000000
mappart	0	1	1	0	0.999999
dining	0	0	3	0	1.000000
permitting	0	1	1	0	0.999999
similar	0	0	11	0	1.000000
dzienniki	0	1	1	0	0.999999
solublity	0	1	1	0	0.999999
wma	2	1	1	0	0.999999
aft	2	0	62	0	1.000000
burning	0	1	2	0	1.000000
al	1	0	1267	0	1.000000
definiteness	0	0	1	0	0.999999
melhores	0	0	3	0	1.000000
uv	3	0	1	0	0.999999
thi	4	0	714	0	1.000000
ces	0	0	3	0	1.000000
itailian	0	0	1	0	0.999999
velcro	0	0	1	0	0.999999
schools	0	0	12	0	1.000000
educational	0	0	11	0	1.000000
obj	4	1	2	0	1.000000
archeology	0	1	1	0	0.999999
deaths	0	0	1	0	0.999999
fraser	0	0	1	0	0.999999
rdquo	0	0	5	0	1.000000
phrase	0	0	2	0	1.000000
crp	4	1	1	0	0.999999
matter	0	0	18	0	1.000000
gia	4	0	3	0	1.000000
isi	2	0	2	0	1.000000
managerial	0	0	1	0	0.999999
sd	1	0	2	0	1.000000
rbg	2	0	1	0	0.999999
lux	2	1	1	0	0.999999
condition	0	0	8	0	1.000000
ul	3	1	6	0	1.000000
eile	0	0	2	0	1.000000
liners	0	1	2	0	1.000000
beneath	0	0	4	0	1.000000
tly	2	0	152	0	1.000000
dul	4	0	2	0	1.000000
wisest	0	0	2	0	1.000000
steep	0	0	1	0	0.999999
election	0	0	1	0	0.999999
would	0	0	108	0	1.000000
platform	0	0	2	0	1.000000
er	2	0	9	0	1.000000
goo	4	0	108	0	1.000000
or	1	0	2621	0	1.000000
male	0	1	3	0	1.000000
armor	0	0	2	0	1.000000
readthebooks	0	1	1	0	0.999999
viding	0	0	4	0	1.000000
christopher	0	1	2	0	1.000000
dav	4	0	6	0	1.000000
did	2	1	25	0	1.000000
snubs	0	0	1	0	0.999999
strategies	0	0	3	0	1.000000
hugo	0	1	4	0	1.000000
neptune	0	1	1	0	0.999999
currency	0	0	7	0	1.000000
hts	2	1	10	0	1.000000
hauron	0	1	1	0	0.999999
entered	0	0	18	0	1.000000
itr	0	1	1	0	0.999999
sem	4	0	13	0	1.000000
nights	0	0	5	0	1.000000
propagate	0	0	2	0	1.000000
dividend	0	0	1	0	0.999999
concrete	0	0	11	0	1.000000
fat	4	1	6	0	1.000000
persistent	0	1	1	0	0.999999
committee	0	0	11	0	1.000000
ith	2	0	824	0	1.000000
rne	4	0	3	0	1.000000
primordial	0	0	1	0	0.999999
makers	0	0	2	0	1.000000
trucking	0	1	1	0	0.999999
crashes	0	0	2	0	1.000000
llc	0	1	1	0	0.999999
tasty	0	0	1	0	0.999999
ralph	0	1	1	0	0.999999
av	0	0	2	0	1.000000
va	2	0	9	0	1.000000
comentrios	0	0	2	0	1.000000
ry	3	0	1	0	0.999999
fastcash	0	0	1	0	0.999999
france	0	1	7	0	1.000000
service	0	1	13	0	1.000000
oprahs	0	1	1	0	0.999999
wills	0	1	2	0	1.000000
screaming	0	0	2	0	1.000000
rightcanadian	0	1	2	0	1.000000
flirt	0	0	1	0	0.999999
lordship	0	0	1	0	0.999999
tuf	2	1	1	0	0.999999
lip	2	0	9	0	1.000000
edge	0	0	17	0	1.000000
aky	2	1	1	0	0.999999
har	4	0	80	0	1.000000
domainarray	0	1	1	0	0.999999
cave	0	0	5	0	1.000000
perhaps	0	1	11	0	1.000000
xi	3	1	16	0	1.000000
cam	4	0	68	0	1.000000
friendly	0	0	10	0	1.000000
nul	2	1	1	0	0.999999
facilities	0	0	17	0	1.000000
in	3	0	1508	0	1.000000
vot	4	0	23	0	1.000000
ugs	2	1	2	0	1.000000
wallpapersdownload	0	1	1	0	0.999999
habitually	0	0	1	0	0.999999
civil	0	0	4	0	1.000000
jennie	0	1	1	0	0.999999
artificer	0	0	1	0	0.999999
oci	0	0	1	0	0.999999
inx	2	0	15	0	1.000000
inspirations	0	0	1	0	0.999999
storyteller	0	1	1	0	0.999999
dal	2	0	5	0	1.000000
injury	0	0	3	0	1.000000
oh	1	0	11	0	1.000000
adopted	0	1	2	0	1.000000
portable	0	1	1	0	0.999999
tomorrow	0	0	2	0	1.000000
huge	0	0	10	0	1.000000
collaboration	0	1	1	0	0.999999
rox	2	0	2	0	1.000000
types	0	1	8	0	1.000000
lot	2	0	46	0	1.000000
momento	0	0	1	0	0.999999
visitors	0	0	56	0	1.000000
abn	4	1	1	0	0.999999
democracies	0	0	1	0	0.999999
ord	4	0	75	0	1.000000
idn	2	0	4	0	1.000000
queramos	0	0	1	0	0.999999
elements	0	0	7	0	1.000000
mt	1	1	7	0	1.000000
id	2	0	13	0	1.000000
iew	2	0	85	0	1.000000
cio	4	1	2	0	1.000000
cabe	0	0	1	0	0.999999
sanded	0	0	1	0	0.999999
softly	0	0	1	0	0.999999
acc	4	1	55	0	1.000000
suggests	0	0	2	0	1.000000
rra	2	1	9	0	1.000000
walking	0	0	5	0	1.000000
thin	0	1	1	0	0.999999
gui	4	0	113	0	1.000000
hyn	4	1	11	0	1.000000
inn	2	0	2	0	1.000000
kristine	0	1	2	0	1.000000
xyic	0	0	1	0	0.999999
cum	0	0	1	0	0.999999
visa	0	0	9	0	1.000000
stumblers	0	0	14	0	1.000000
insegna	0	0	2	0	1.000000
such	0	0	73	0	1.000000
distribute	0	1	1	0	0.999999
zze	2	0	1	0	0.999999
fli	4	1	8	0	1.000000
automatically	0	0	11	0	1.000000
ows	2	0	66	0	1.000000
ffy	2	1	2	0	1.000000
did	2	0	51	0	1.000000
farthest	0	0	1	0	0.999999
weekend	0	0	4	0	1.000000
jonathan	0	1	1	0	0.999999
pgn	4	0	1	0	0.999999
onplaces	0	1	17	0	1.000000
yak	2	1	1	0	0.999999
mypodcasts	0	1	1	0	0.999999
sacrificeam	0	1	1	0	0.999999
lu	1	1	2	0	1.000000
kok	2	1	1	0	0.999999
polite	0	0	1	0	0.999999
va	0	1	1	0	0.999999
ems	0	1	5	0	1.000000
climate	0	0	26	0	1.000000
imo	4	1	1	0	0.999999
nry	2	0	1	0	0.999999
scams	0	0	1	0	0.999999
ake	2	1	76	0	1.000000
lk	1	1	22	0	1.000000
hit	0	0	4	0	1.000000
explain	0	1	2	0	1.000000
games	0	1	40	0	1.000000
di	0	1	7	0	1.000000
vu	2	0	2	0	1.000000
ice	2	0	207	0	1.000000
corbett	0	1	2	0	1.000000
drums	0	0	2	0	1.000000
dimensional	0	0	3	0	1.000000
uke	2	1	5	0	1.000000
egy	2	1	3	0	1.000000
hint	0	0	2	0	1.000000
lun	4	1	3	0	1.000000
faria	0	0	1	0	0.999999
cac	4	1	34	0	1.000000
televisioon	0	1	1	0	0.999999
divers	0	0	3	0	1.000000
ry	3	1	3	0	1.000000
ns	0	0	33	0	1.000000
telling	0	0	6	0	1.000000
rome	0	1	1	0	0.999999
firms	0	0	1	0	0.999999
extract	0	1	1	0	0.999999
utf	4	0	2	0	1.000000
succeeded	0	1	1	0	0.999999
hyd	4	0	12	0	1.000000
blogs	0	1	11	0	1.000000
iphone	0	1	4	0	1.000000
describe	0	1	1	0	0.999999
idn	4	1	1	0	0.999999
stimulating	0	0	2	0	1.000000
friendly	0	1	2	0	1.000000
tel	4	1	28	0	1.000000
midst	0	0	2	0	1.000000
debate	0	0	2	0	1.000000
obt	4	0	21	0	1.000000
peas	0	1	3	0	1.000000
icy	4	0	1	0	0.999999
sme	2	1	2	0	1.000000
sellon	0	1	1	0	0.999999
ako	4	1	6	0	1.000000
hen	2	0	214	0	1.000000
bbc	0	1	1	0	0.999999
karlsson	0	1	1	0	0.999999
incompatible	0	0	1	0	0.999999
jap	4	0	9	0	1.000000
kay	4	0	6	0	1.000000
van	4	0	12	0	1.000000
amw	4	1	1	0	0.999999
hra	4	0	1	0	0.999999
sustainability	0	1	2	0	1.000000
crashaw	0	1	1	0	0.999999
touchscreen	0	0	1	0	0.999999
adrian	0	1	1	0	0.999999
kaufman	0	0	1	0	0.999999
piques	0	0	1	0	0.999999
apt	4	0	5	0	1.000000
swo	4	1	1	0	0.999999
wyi	4	0	1	0	0.999999
privilege	0	0	1	0	0.999999
identical	0	0	2	0	1.000000
teanna	0	1	1	0	0.999999
caracol	0	1	9	0	1.000000
