nfo	2	1	75	0	1.000000
oas	4	1	1	0	0.999999
chevy	0	1	7	0	1.000000
thereof	0	0	1	0	0.999999
vi	1	0	3	0	1.000000
sized	0	0	7	0	1.000000
li	3	0	978	0	1.000000
okstr	0	1	1	0	0.999999
texarkana	0	0	1	0	0.999999
noaccess	0	0	1	0	0.999999
simplicity	0	0	1	0	0.999999
ef	0	0	1	0	0.999999
embry	0	0	1	0	0.999999
fru	4	1	1	0	0.999999
pru	4	1	5	0	1.000000
gym	4	0	6	0	1.000000
ift	2	1	3	0	1.000000
needle	0	0	1	0	0.999999
quietly	0	0	1	0	0.999999
farsi	0	1	1	0	0.999999
visage	0	0	2	0	1.000000
yeti	0	1	1	0	0.999999
stakebed	0	1	1	0	0.999999
mrd	2	0	1	0	0.999999
lds	2	1	8	0	1.000000
proficiencies	0	0	1	0	0.999999
sko	2	1	1	0	0.999999
collaborative	0	0	4	0	1.000000
vi	2	0	2	0	1.000000
headway	0	0	1	0	0.999999
alb	4	1	13	0	1.000000
logo	0	0	2	0	1.000000
wisconsin	0	1	2	0	1.000000
wr	2	0	1	0	0.999999
palmer	0	1	1	0	0.999999
browsable	0	0	1	0	0.999999
rwandamap	0	1	1	0	0.999999
nta	2	0	10	0	1.000000
protective	0	0	2	0	1.000000
dut	4	1	5	0	1.000000
intensity	0	0	1	0	0.999999
anie	0	0	1	0	0.999999
sediment	0	1	1	0	0.999999
toronto	0	0	1	0	0.999999
gd	1	1	1	0	0.999999
yee	2	0	4	0	1.000000
at	0	1	36	0	1.000000
tax	0	1	2	0	1.000000
zen	2	0	4	0	1.000000
rc	3	0	1	0	0.999999
institutional	0	1	24	0	1.000000
bismark	0	1	1	0	0.999999
crooked	0	1	3	0	1.000000
ped	2	0	73	0	1.000000
lego	0	0	1	0	0.999999
reaction	0	0	1	0	0.999999
evauati	0	0	1	0	0.999999
aes	2	0	2	0	1.000000
sponsored	0	1	11	0	1.000000
monachium	0	1	1	0	0.999999
repeat	0	1	6	0	1.000000
large	0	1	3	0	1.000000
inl	4	0	13	0	1.000000
lin	2	1	15	0	1.000000
all	4	0	387	0	1.000000
tan	4	1	6	0	1.000000
events	0	0	20	0	1.000000
notifyusers	0	0	1	0	0.999999
forum	0	1	7	0	1.000000
color	0	0	14	0	1.000000
xtu	4	0	1	0	0.999999
reb	4	0	3	0	1.000000
rsh	2	0	2	0	1.000000
previous	0	1	5	0	1.000000
hly	2	1	2	0	1.000000
compare	0	0	1	0	0.999999
reflect	0	0	5	0	1.000000
sl	1	0	1	0	0.999999
iv	3	0	5	0	1.000000
daniel	0	0	3	0	1.000000
eas	2	1	13	0	1.000000
ez	1	1	7	0	1.000000
theatre	0	1	4	0	1.000000
rtant	0	1	1	0	0.999999
specificatons	0	0	1	0	0.999999
iao	2	0	1	0	0.999999
choose	0	0	21	0	1.000000
churches	0	0	3	0	1.000000
smc	2	1	4	0	1.000000
railway	0	1	1	0	0.999999
caribb	0	1	1	0	0.999999
widths	0	0	1	0	0.999999
lub	2	0	10	0	1.000000
pra	4	0	35	0	1.000000
tmv	0	1	1	0	0.999999
count	0	1	1	0	0.999999
pmp	2	1	1	0	0.999999
peshwas	0	0	1	0	0.999999
fe	0	1	2	0	1.000000
inventor	0	0	1	0	0.999999
nta	2	1	26	0	1.000000
concerned	0	0	5	0	1.000000
extended	0	0	7	0	1.000000
prot	0	0	1	0	0.999999
whom	0	0	15	0	1.000000
uck	2	0	21	0	1.000000
oz	1	1	2	0	1.000000
snowmelt	0	1	1	0	0.999999
clueweb	0	0	3	0	1.000000
waa	4	0	1	0	0.999999
local	0	1	10	0	1.000000
semblances	0	0	1	0	0.999999
perform	0	0	6	0	1.000000
aca	2	0	2	0	1.000000
greatest	0	0	6	0	1.000000
transport	0	1	2	0	1.000000
localflood	0	1	1	0	0.999999
op	3	0	287	0	1.000000
q	0	1	32	0	1.000000
principles	0	1	1	0	0.999999
cate	0	0	1	0	0.999999
oui	4	0	3	0	1.000000
aj	3	1	2	0	1.000000
egypt	0	1	1	0	0.999999
itz	2	0	1	0	0.999999
il	2	1	2	0	1.000000
jan	2	1	96	0	1.000000
yus	4	0	1	0	0.999999
tbc	2	1	6	0	1.000000
far	2	1	2	0	1.000000
ase	2	0	168	0	1.000000
civilworks	0	1	1	0	0.999999
estar	0	0	3	0	1.000000
zoom	0	0	2	0	1.000000
fill	0	1	4	0	1.000000
courtyard	0	1	1	0	0.999999
comedy	0	0	1	0	0.999999
mental	0	0	3	0	1.000000
dez	4	0	1	0	0.999999
ingemar	0	1	1	0	0.999999
happie	0	0	1	0	0.999999
haf	0	0	1	0	0.999999
developing	0	0	11	0	1.000000
fearful	0	0	1	0	0.999999
kadhi	0	1	1	0	0.999999
lawrence	0	1	3	0	1.000000
par	2	0	1	0	0.999999
effect	0	0	9	0	1.000000
zealand	0	0	1	0	0.999999
yyy	4	1	1	0	0.999999
barbara	0	1	3	0	1.000000
mak	4	1	37	0	1.000000
kubo	0	1	5	0	1.000000
banners	0	0	1	0	0.999999
emailed	0	0	1	0	0.999999
cr	1	0	1	0	0.999999
ze	3	0	13	0	1.000000
durham	0	1	1	0	0.999999
broom	0	1	1	0	0.999999
seu	2	0	8	0	1.000000
fort	0	1	3	0	1.000000
investissement	0	1	1	0	0.999999
werder	0	1	1	0	0.999999
cavalier	0	1	2	0	1.000000
balances	0	0	1	0	0.999999
commence	0	0	2	0	1.000000
luke	0	1	1	0	0.999999
bohemia	0	1	1	0	0.999999
stations	0	1	2	0	1.000000
ng	1	1	861	0	1.000000
chloe	0	0	1	0	0.999999
wiccan	0	1	1	0	0.999999
writer	0	1	2	0	1.000000
userelects	0	0	1	0	0.999999
styled	0	0	1	0	0.999999
sae	2	0	6	0	1.000000
processors	0	0	1	0	0.999999
proudly	0	0	2	0	1.000000
mayprefer	0	0	5	0	1.000000
undiscovery	0	0	1	0	0.999999
institutional	0	0	7	0	1.000000
corel	0	1	1	0	0.999999
designation	0	0	2	0	1.000000
ofrecera	0	0	1	0	0.999999
belt	0	1	1	0	0.999999
atlas	0	0	2	0	1.000000
magic	0	1	1	0	0.999999
tell	0	1	4	0	1.000000
bal	4	1	7	0	1.000000
cayes	0	0	14	0	1.000000
bringeth	0	0	1	0	0.999999
ready	0	0	24	0	1.000000
ranks	0	0	3	0	1.000000
success	0	0	12	0	1.000000
py	2	0	1	0	0.999999
pur	0	1	1	0	0.999999
duck	0	0	1	0	0.999999
clam	0	1	1	0	0.999999
addiction	0	1	1	0	0.999999
philosophywhat	0	1	1	0	0.999999
clearances	0	0	1	0	0.999999
bor	2	0	7	0	1.000000
defective	0	1	1	0	0.999999
hhs	4	0	1	0	0.999999
alv	4	1	1	0	0.999999
tobetter	0	0	1	0	0.999999
hw	3	1	3	0	1.000000
founded	0	1	2	0	1.000000
pts	2	0	18	0	1.000000
alphabetically	0	0	2	0	1.000000
pick	0	1	2	0	1.000000
kos	4	1	3	0	1.000000
shr	4	1	2	0	1.000000
pmp	4	1	1	0	0.999999
val	4	1	67	0	1.000000
bottom	0	0	6	0	1.000000
quase	0	0	1	0	0.999999
pe	2	1	2	0	1.000000
sig	4	1	25	0	1.000000
sl	1	1	2	0	1.000000
vre	4	0	1	0	0.999999
cau	4	1	11	0	1.000000
blu	4	1	24	0	1.000000
ef	1	0	68	0	1.000000
gug	4	1	3	0	1.000000
sky	2	1	4	0	1.000000
hol	2	0	2	0	1.000000
converters	0	0	1	0	0.999999
reign	0	0	3	0	1.000000
thingy	0	0	1	0	0.999999
explaining	0	0	3	0	1.000000
lyr	4	0	5	0	1.000000
maud	0	1	1	0	0.999999
div	4	1	20	0	1.000000
distractions	0	0	3	0	1.000000
wh	1	0	7	0	1.000000
misadventure	0	0	1	0	0.999999
awa	4	1	10	0	1.000000
vid	2	1	2	0	1.000000
industrial	0	1	20	0	1.000000
mariogames	0	0	1	0	0.999999
woq	4	0	2	0	1.000000
advisories	0	0	1	0	0.999999
necessary	0	0	20	0	1.000000
gom	4	1	1	0	0.999999
sisters	0	0	4	0	1.000000
advantage	0	1	1	0	0.999999
ver	2	1	118	0	1.000000
understood	0	0	3	0	1.000000
amendment	0	0	1	0	0.999999
bewildered	0	0	1	0	0.999999
kneeling	0	0	1	0	0.999999
ler	2	1	33	0	1.000000
tif	0	1	1	0	0.999999
radyo	0	1	1	0	0.999999
blower	0	1	1	0	0.999999
vi	3	0	474	0	1.000000
ellos	0	0	1	0	0.999999
kie	4	1	1	0	0.999999
inv	4	1	38	0	1.000000
sea	2	0	23	0	1.000000
gem	4	0	2	0	1.000000
instructions	0	1	3	0	1.000000
ngd	2	1	1	0	0.999999
tad	0	1	2	0	1.000000
ja	1	0	9	0	1.000000
cheap	0	0	9	0	1.000000
scopiamo	0	1	1	0	0.999999
mge	2	0	1	0	0.999999
cr	2	0	1	0	0.999999
fen	0	0	4	0	1.000000
definition	0	0	1	0	0.999999
optimization	0	1	1	0	0.999999
sgs	0	1	1	0	0.999999
generate	0	1	2	0	1.000000
publications	0	0	12	0	1.000000
ler	4	0	1	0	0.999999
bonito	0	1	1	0	0.999999
mtv	0	1	1	0	0.999999
tad	4	0	2	0	1.000000
officers	0	1	4	0	1.000000
presence	0	0	9	0	1.000000
ch	2	0	1	0	0.999999
kam	0	0	1	0	0.999999
vor	4	1	2	0	1.000000
nuvens	0	1	1	0	0.999999
utd	0	0	2	0	1.000000
all	0	1	143	0	1.000000
oropendula	0	0	2	0	1.000000
ep	1	0	94	0	1.000000
webloggers	0	1	3	0	1.000000
departed	0	0	1	0	0.999999
uys	2	0	7	0	1.000000
ut	3	1	16	0	1.000000
document	0	1	3	0	1.000000
enumeration	0	0	1	0	0.999999
auction	0	0	2	0	1.000000
ealan	0	0	1	0	0.999999
fe	3	1	168	0	1.000000
warming	0	1	1	0	0.999999
ta	3	0	308	0	1.000000
essentially	0	1	1	0	0.999999
castillo	0	1	3	0	1.000000
obr	4	0	2	0	1.000000
jbm	0	1	1	0	0.999999
sign	0	1	15	0	1.000000
percent	0	0	6	0	1.000000
tame	0	0	1	0	0.999999
unlucky	0	0	1	0	0.999999
kits	0	0	2	0	1.000000
lul	4	1	1	0	0.999999
rtg	2	0	1	0	0.999999
zoological	0	1	1	0	0.999999
nobody	0	1	2	0	1.000000
sarstoon	0	1	1	0	0.999999
hov	4	1	14	0	1.000000
esther	0	1	1	0	0.999999
phenomena	0	0	1	0	0.999999
directorycontact	0	1	1	0	0.999999
vba	4	1	1	0	0.999999
adjust	0	0	7	0	1.000000
awa	2	0	1	0	0.999999
pit	4	1	9	0	1.000000
iya	2	1	3	0	1.000000
artificially	0	0	1	0	0.999999
scenery	0	0	1	0	0.999999
viii	0	1	1	0	0.999999
boostersorder	0	1	1	0	0.999999
empathize	0	0	1	0	0.999999
slater	0	1	1	0	0.999999
fed	0	0	5	0	1.000000
nous	0	0	3	0	1.000000
bre	4	1	13	0	1.000000
usy	2	1	1	0	0.999999
weeks	0	0	20	0	1.000000
upping	0	0	1	0	0.999999
sectors	0	0	25	0	1.000000
vre	2	0	3	0	1.000000
robust	0	0	1	0	0.999999
crazy	0	1	1	0	0.999999
byr	4	1	1	0	0.999999
inspections	0	1	1	0	0.999999
tte	2	1	8	0	1.000000
instant	0	1	4	0	1.000000
ght	2	0	272	0	1.000000
surprise	0	0	5	0	1.000000
frock	0	0	1	0	0.999999
fed	2	1	1	0	0.999999
vagueness	0	0	1	0	0.999999
stuped	0	0	1	0	0.999999
bi	1	0	2	0	1.000000
pythn	0	0	1	0	0.999999
fotbalov	0	0	1	0	0.999999
screenings	0	0	1	0	0.999999
div	4	0	113	0	1.000000
haf	4	1	1	0	0.999999
mh	3	0	1	0	0.999999
jsp	2	0	1	0	0.999999
nall	0	1	1	0	0.999999
posi	0	0	1	0	0.999999
adj	4	1	3	0	1.000000
circling	0	0	1	0	0.999999
rap	2	0	10	0	1.000000
zpw	2	1	30	0	1.000000
transmitted	0	0	1	0	0.999999
areasclear	0	1	1	0	0.999999
cr	0	1	3	0	1.000000
plant	0	0	6	0	1.000000
parcel	0	0	1	0	0.999999
zo	1	1	4	0	1.000000
chn	2	0	1	0	0.999999
nep	4	1	1	0	0.999999
indicated	0	0	1	0	0.999999
slow	0	0	7	0	1.000000
nil	4	0	1	0	0.999999
sandy	0	0	2	0	1.000000
oas	4	0	1	0	0.999999
puzzling	0	0	1	0	0.999999
oppegrd	0	1	1	0	0.999999
copy	0	1	3	0	1.000000
aprender	0	0	2	0	1.000000
ogeworld	0	1	1	0	0.999999
fur	4	0	35	0	1.000000
fond	0	0	3	0	1.000000
iv	0	0	1	0	0.999999
interview	0	1	2	0	1.000000
notes	0	0	4	0	1.000000
foirmeacha	0	0	1	0	0.999999
kaplan	0	0	1	0	0.999999
tip	4	1	9	0	1.000000
fru	4	0	8	0	1.000000
wh	1	1	3	0	1.000000
tooltip	0	0	5	0	1.000000
duplicate	0	0	1	0	0.999999
yeur	0	0	1	0	0.999999
port	0	1	13	0	1.000000
gilmore	0	1	1	0	0.999999
tu	3	0	67	0	1.000000
op	0	0	2	0	1.000000
plaster	0	0	2	0	1.000000
aos	2	1	1	0	0.999999
opd	4	0	1	0	0.999999
vuated	0	0	1	0	0.999999
cong	0	1	1	0	0.999999
ubl	2	1	2	0	1.000000
wisconsin	0	0	3	0	1.000000
fe	2	1	2	0	1.000000
bandwidth	0	0	2	0	1.000000
jet	0	0	1	0	0.999999
oughtn	0	0	1	0	0.999999
awa	4	0	55	0	1.000000
achieve	0	0	7	0	1.000000
logo	0	1	3	0	1.000000
lottery	0	1	1	0	0.999999
abb	4	0	5	0	1.000000
bbu	4	1	1	0	0.999999
formatting	0	0	3	0	1.000000
sensations	0	0	1	0	0.999999
crooked	0	0	1	0	0.999999
lego	0	1	2	0	1.000000
inl	4	1	2	0	1.000000
interstate	0	1	1	0	0.999999
bs	0	0	1	0	0.999999
fit	2	1	1	0	0.999999
afterlifeand	0	1	1	0	0.999999
ous	2	1	34	0	1.000000
reaching	0	0	3	0	1.000000
guatemala	0	1	7	0	1.000000
lin	2	0	6	0	1.000000
pmp	0	1	1	0	0.999999
podcasts	0	1	2	0	1.000000
rsh	2	1	2	0	1.000000
giovanna	0	1	1	0	0.999999
accords	0	1	1	0	0.999999
hyl	2	0	1	0	0.999999
zny	2	0	2	0	1.000000
tad	4	1	2	0	1.000000
usy	2	0	3	0	1.000000
utfile	0	0	2	0	1.000000
roops	0	0	1	0	0.999999
nja	2	0	1	0	0.999999
hly	2	0	17	0	1.000000
ls	1	0	343	0	1.000000
maxconsole	0	1	1	0	0.999999
vi	0	1	1	0	0.999999
eia	2	0	3	0	1.000000
guides	0	1	7	0	1.000000
parade	0	1	1	0	0.999999
pst	0	1	3	0	1.000000
tud	4	0	4	0	1.000000
choose	0	1	35	0	1.000000
vermont	0	0	1	0	0.999999
whitehouse	0	0	1	0	0.999999
eye	4	1	6	0	1.000000
morton	0	1	1	0	0.999999
tte	2	0	16	0	1.000000
ep	3	0	31	0	1.000000
count	0	0	9	0	1.000000
pra	2	0	7	0	1.000000
tested	0	0	6	0	1.000000
limit	0	0	6	0	1.000000
danes	0	1	1	0	0.999999
lid	4	0	4	0	1.000000
pur	2	1	2	0	1.000000
batboy	0	1	1	0	0.999999
tif	2	1	1	0	0.999999
aca	2	1	6	0	1.000000
shells	0	0	2	0	1.000000
leadership	0	0	2	0	1.000000
belong	0	0	1	0	0.999999
local	0	0	34	0	1.000000
nch	2	0	35	0	1.000000
ch	3	1	542	0	1.000000
meant	0	0	7	0	1.000000
aggregate	0	1	1	0	0.999999
cheating	0	0	2	0	1.000000
greatest	0	1	1	0	0.999999
higher	0	1	2	0	1.000000
olive	0	0	2	0	1.000000
itz	2	1	3	0	1.000000
at	2	0	931	0	1.000000
reflecting	0	0	1	0	0.999999
behoveth	0	0	1	0	0.999999
comparaes	0	0	1	0	0.999999
ase	2	1	80	0	1.000000
dollars	0	1	2	0	1.000000
nsistenty	0	0	1	0	0.999999
fill	0	0	28	0	1.000000
tamed	0	0	1	0	0.999999
align	0	0	75	0	1.000000
kes	2	1	17	0	1.000000
far	2	0	24	0	1.000000
peninsula	0	1	1	0	0.999999
eiu	0	1	2	0	1.000000
sight	0	0	2	0	1.000000
series	0	0	13	0	1.000000
mental	0	1	1	0	0.999999
jif	4	1	2	0	1.000000
forum	0	0	10	0	1.000000
mfp	2	0	1	0	0.999999
grave	0	1	1	0	0.999999
relaxed	0	0	1	0	0.999999
tours	0	0	10	0	1.000000
invariably	0	0	1	0	0.999999
iv	0	1	1	0	0.999999
rly	2	1	6	0	1.000000
cagary	0	1	1	0	0.999999
attribution	0	1	2	0	1.000000
commerciali	0	0	1	0	0.999999
ze	3	1	14	0	1.000000
peladeau	0	1	2	0	1.000000
use	4	0	434	0	1.000000
fort	0	0	8	0	1.000000
bre	2	0	8	0	1.000000
retail	0	0	1	0	0.999999
mortar	0	0	2	0	1.000000
uos	2	0	1	0	0.999999
macedonia	0	1	3	0	1.000000
maps	0	1	20	0	1.000000
mesothelioma	0	0	4	0	1.000000
carriers	0	0	6	0	1.000000
colin	0	1	1	0	0.999999
inscriptions	0	0	1	0	0.999999
nut	0	1	1	0	0.999999
ultimate	0	0	2	0	1.000000
limitations	0	0	1	0	0.999999
happiness	0	0	3	0	1.000000
val	2	1	12	0	1.000000
kwa	2	0	2	0	1.000000
anos	0	0	1	0	0.999999
hartwick	0	1	1	0	0.999999
hammers	0	0	1	0	0.999999
theater	0	1	2	0	1.000000
hc	1	0	1	0	0.999999
rudely	0	0	1	0	0.999999
usage	0	1	3	0	1.000000
gag	4	0	1	0	0.999999
zha	4	1	1	0	0.999999
slight	0	0	7	0	1.000000
proceeds	0	0	1	0	0.999999
ues	2	0	49	0	1.000000
buildingthe	0	1	1	0	0.999999
worships	0	0	1	0	0.999999
msw	2	1	1	0	0.999999
actionnariat	0	1	1	0	0.999999
funcionamiento	0	0	1	0	0.999999
crdx	0	1	1	0	0.999999
at	1	1	237	0	1.000000
passive	0	0	2	0	1.000000
dennis	0	1	1	0	0.999999
march	0	0	2	0	1.000000
calculates	0	0	1	0	0.999999
crew	0	1	1	0	0.999999
happily	0	0	1	0	0.999999
admission	0	1	1	0	0.999999
pelham	0	1	9	0	1.000000
cavingto	0	1	1	0	0.999999
uoni	0	0	1	0	0.999999
informationthat	0	0	1	0	0.999999
exp	4	1	81	0	1.000000
servant	0	0	4	0	1.000000
airlines	0	0	3	0	1.000000
cancelled	0	0	2	0	1.000000
ama	4	1	7	0	1.000000
team	0	0	10	0	1.000000
teens	0	0	2	0	1.000000
enf	4	1	3	0	1.000000
eligible	0	0	2	0	1.000000
paris	0	0	2	0	1.000000
exp	2	1	4	0	1.000000
measurements	0	0	1	0	0.999999
tu	0	1	1	0	0.999999
at	3	0	166	0	1.000000
shocks	0	1	1	0	0.999999
sig	4	0	71	0	1.000000
hhs	2	0	1	0	0.999999
sinnamkn	0	0	1	0	0.999999
hold	0	1	1	0	0.999999
perca	0	0	1	0	0.999999
dut	2	1	1	0	0.999999
flat	0	0	9	0	1.000000
vid	4	0	83	0	1.000000
satin	0	0	1	0	0.999999
ng	2	0	10	0	1.000000
lincolj	0	0	1	0	0.999999
sheep	0	0	1	0	0.999999
industrial	0	0	10	0	1.000000
aes	4	1	1	0	0.999999
lyr	2	1	3	0	1.000000
hostal	0	1	1	0	0.999999
sky	4	0	7	0	1.000000
augie	0	1	1	0	0.999999
aie	2	0	3	0	1.000000
organiza	0	1	1	0	0.999999
bydr	0	1	1	0	0.999999
tikal	0	1	1	0	0.999999
monstres	0	1	1	0	0.999999
tracking	0	0	1	0	0.999999
others	0	0	25	0	1.000000
usatelephone	0	1	1	0	0.999999
trainings	0	1	2	0	1.000000
sky	0	0	6	0	1.000000
crusade	0	1	1	0	0.999999
manufactured	0	1	2	0	1.000000
gown	0	0	1	0	0.999999
kei	4	0	1	0	0.999999
vrbg	0	0	1	0	0.999999
kenjansen	0	1	1	0	0.999999
kie	4	0	1	0	0.999999
ja	1	1	5	0	1.000000
zo	1	0	2	0	1.000000
directory	0	0	100	0	1.000000
resort	0	0	5	0	1.000000
ridge	0	1	5	0	1.000000
issue	0	0	10	0	1.000000
tad	0	0	1	0	0.999999
jet	4	1	2	0	1.000000
asy	2	0	47	0	1.000000
relevance	0	0	1	0	0.999999
sek	4	1	2	0	1.000000
veh	4	1	10	0	1.000000
former	0	1	3	0	1.000000
stomach	0	0	1	0	0.999999
conclusion	0	0	1	0	0.999999
aph	2	1	2	0	1.000000
zyn	2	0	1	0	0.999999
jk	0	0	1	0	0.999999
li	2	0	1	0	0.999999
isometric	0	0	2	0	1.000000
teens	0	1	1	0	0.999999
scm	2	0	1	0	0.999999
byr	2	1	1	0	0.999999
manuea	0	1	1	0	0.999999
indiscriminate	0	0	1	0	0.999999
approval	0	0	1	0	0.999999
thesharing	0	0	1	0	0.999999
ped	0	0	2	0	1.000000
escorts	0	1	1	0	0.999999
ceremonial	0	1	1	0	0.999999
gtr	0	1	3	0	1.000000
attorneys	0	0	1	0	0.999999
yz	2	1	1	0	0.999999
rightonline	0	1	1	0	0.999999
compliance	0	0	6	0	1.000000
theater	0	0	5	0	1.000000
gth	2	1	81	0	1.000000
lord	0	0	4	0	1.000000
hm	3	1	2	0	1.000000
fe	3	0	298	0	1.000000
wtb	2	1	1	0	0.999999
hoosing	0	0	1	0	0.999999
dep	4	1	140	0	1.000000
carrot	0	0	2	0	1.000000
agg	4	0	6	0	1.000000
gazzaria	0	1	1	0	0.999999
kits	0	1	1	0	0.999999
pois	0	0	2	0	1.000000
exact	0	0	1	0	0.999999
ef	3	0	47	0	1.000000
lul	4	0	3	0	1.000000
mic	0	0	2	0	1.000000
acu	4	1	1	0	0.999999
talia	0	1	1	0	0.999999
lake	0	0	7	0	1.000000
mechanical	0	0	1	0	0.999999
nicol	0	1	1	0	0.999999
apr	0	1	27	0	1.000000
martin	0	1	3	0	1.000000
fy	0	0	1	0	0.999999
mediolan	0	1	2	0	1.000000
described	0	0	9	0	1.000000
providesboth	0	0	1	0	0.999999
union	0	0	1	0	0.999999
rdc	2	1	3	0	1.000000
emerson	0	0	1	0	0.999999
agency	0	0	5	0	1.000000
altanna	0	0	1	0	0.999999
use	0	1	26	0	1.000000
wealthier	0	0	1	0	0.999999
printabe	0	0	1	0	0.999999
basketball	0	1	1	0	0.999999
elimination	0	0	2	0	1.000000
trazendo	0	0	1	0	0.999999
merchants	0	0	1	0	0.999999
classifiedconfidential	0	1	1	0	0.999999
dimensions	0	0	1	0	0.999999
amplifier	0	0	1	0	0.999999
creates	0	0	5	0	1.000000
zealand	0	1	3	0	1.000000
ipods	0	1	1	0	0.999999
aprils	0	1	1	0	0.999999
necessity	0	0	1	0	0.999999
cayesapodilla	0	1	1	0	0.999999
sig	2	0	5	0	1.000000
generations	0	0	5	0	1.000000
ght	2	1	107	0	1.000000
negroes	0	0	1	0	0.999999
maintaining	0	0	5	0	1.000000
bookmarks	0	1	1	0	0.999999
engineershq	0	1	1	0	0.999999
includes	0	0	27	0	1.000000
inform	0	1	4	0	1.000000
jot	4	1	1	0	0.999999
wh	3	0	1055	0	1.000000
sait	0	0	2	0	1.000000
instant	0	0	6	0	1.000000
rm	1	0	110	0	1.000000
emotionally	0	1	1	0	0.999999
modernization	0	0	2	0	1.000000
fed	2	0	7	0	1.000000
rossum	0	1	2	0	1.000000
jose	0	1	3	0	1.000000
yuwono	0	1	1	0	0.999999
vba	2	1	1	0	0.999999
irr	4	0	5	0	1.000000
yz	1	1	1	0	0.999999
ta	2	0	4	0	1.000000
reservoir	0	1	1	0	0.999999
indoor	0	1	2	0	1.000000
mile	0	0	6	0	1.000000
ut	3	0	32	0	1.000000
pushkars	0	1	1	0	0.999999
ebr	2	1	1	0	0.999999
all	2	0	459	0	1.000000
jones	0	0	2	0	1.000000
rm	3	1	1	0	0.999999
malm	0	1	1	0	0.999999
repeat	0	0	2	0	1.000000
purposely	0	0	2	0	1.000000
injectors	0	1	1	0	0.999999
statistica	0	0	1	0	0.999999
alternatifs	0	0	1	0	0.999999
displaytypes	0	1	1	0	0.999999
tsunami	0	1	4	0	1.000000
ttage	0	0	1	0	0.999999
steering	0	0	1	0	0.999999
tornado	0	0	5	0	1.000000
silver	0	0	2	0	1.000000
tadlp	0	0	1	0	0.999999
united	0	0	3	0	1.000000
fra	0	0	1	0	0.999999
fe	1	1	30	0	1.000000
lab	0	1	1	0	0.999999
bry	4	1	4	0	1.000000
communiplexaddress	0	1	1	0	0.999999
striking	0	0	3	0	1.000000
compact	0	1	1	0	0.999999
ler	0	0	1	0	0.999999
vs	3	1	2	0	1.000000
lodge	0	1	1	0	0.999999
possessed	0	0	2	0	1.000000
bub	4	0	4	0	1.000000
bid	4	0	1	0	0.999999
football	0	0	6	0	1.000000
kbl	2	1	1	0	0.999999
esa	4	0	3	0	1.000000
clinical	0	0	3	0	1.000000
nut	2	0	1	0	0.999999
cottage	0	0	1	0	0.999999
discuter	0	0	1	0	0.999999
your	0	1	103	0	1.000000
official	0	1	9	0	1.000000
quelques	0	0	4	0	1.000000
il	1	1	109	0	1.000000
fe	2	0	3	0	1.000000
laisse	0	0	2	0	1.000000
theremoval	0	0	1	0	0.999999
largestknown	0	0	1	0	0.999999
userscontinue	0	0	1	0	0.999999
musician	0	0	1	0	0.999999
doctor	0	0	5	0	1.000000
aj	3	0	2	0	1.000000
replicated	0	0	1	0	0.999999
sv	3	0	6	0	1.000000
fishermen	0	0	1	0	0.999999
jeffrey	0	0	1	0	0.999999
tif	4	1	2	0	1.000000
tu	1	0	21	0	1.000000
wic	4	1	1	0	0.999999
bs	1	1	20	0	1.000000
dvds	0	1	1	0	0.999999
geospatial	0	1	1	0	0.999999
muk	4	1	1	0	0.999999
ukol	0	0	2	0	1.000000
mhd	4	1	1	0	0.999999
bribes	0	0	1	0	0.999999
il	3	0	24	0	1.000000
pointthe	0	0	5	0	1.000000
bbu	0	1	1	0	0.999999
bs	0	1	3	0	1.000000
jun	4	0	17	0	1.000000
latvija	0	1	1	0	0.999999
ous	2	0	172	0	1.000000
tun	2	1	7	0	1.000000
tna	2	1	1	0	0.999999
facility	0	1	1	0	0.999999
beencensored	0	0	1	0	0.999999
onprivacy	0	0	2	0	1.000000
hudey	0	1	1	0	0.999999
obituaries	0	1	1	0	0.999999
sizedscenario	0	1	1	0	0.999999
fisher	0	1	2	0	1.000000
ls	1	1	206	0	1.000000
fo	2	0	1	0	0.999999
keunstner	0	0	1	0	0.999999
vi	0	0	2	0	1.000000
privacyyour	0	1	1	0	0.999999
calm	0	0	2	0	1.000000
vendetta	0	1	2	0	1.000000
tml	2	0	9	0	1.000000
forever	0	1	4	0	1.000000
rza	2	1	2	0	1.000000
heaven	0	1	1	0	0.999999
zon	4	1	9	0	1.000000
dat	4	0	157	0	1.000000
coat	0	0	1	0	0.999999
div	0	0	1	0	0.999999
telephonec	0	1	1	0	0.999999
ep	3	1	12	0	1.000000
gis	4	0	1	0	0.999999
cruise	0	1	8	0	1.000000
gooseberries	0	0	1	0	0.999999
descriptions	0	0	2	0	1.000000
elastic	0	0	1	0	0.999999
enormity	0	0	1	0	0.999999
diving	0	1	3	0	1.000000
contingent	0	0	4	0	1.000000
rubbish	0	0	1	0	0.999999
voices	0	0	3	0	1.000000
ja	2	0	1	0	0.999999
detroit	0	0	1	0	0.999999
nch	2	1	14	0	1.000000
pur	2	0	2	0	1.000000
turndown	0	0	1	0	0.999999
jk	1	0	1	0	0.999999
higher	0	0	7	0	1.000000
profile	0	0	9	0	1.000000
lending	0	0	1	0	0.999999
keith	0	1	2	0	1.000000
ch	3	0	554	0	1.000000
birding	0	0	9	0	1.000000
method	0	1	1	0	0.999999
unripe	0	0	1	0	0.999999
acted	0	0	1	0	0.999999
ju	3	0	171	0	1.000000
mercury	0	1	38	0	1.000000
shared	0	0	3	0	1.000000
across	0	1	11	0	1.000000
nearly	0	0	13	0	1.000000
ubb	2	0	1	0	0.999999
dollars	0	0	4	0	1.000000
kt	3	0	1	0	0.999999
hyb	4	0	1	0	0.999999
cayetel	0	1	1	0	0.999999
peninsula	0	0	1	0	0.999999
ch	1	1	229	0	1.000000
li	0	0	1	0	0.999999
py	3	1	13	0	1.000000
poem	0	0	6	0	1.000000
citizens	0	0	2	0	1.000000
tours	0	1	1	0	0.999999
hol	4	1	36	0	1.000000
solidus	0	0	1	0	0.999999
piero	0	1	2	0	1.000000
loves	0	1	1	0	0.999999
cci	4	0	1	0	0.999999
linn	0	0	1	0	0.999999
foxtrade	0	1	1	0	0.999999
distributed	0	0	2	0	1.000000
rby	2	0	5	0	1.000000
rly	2	0	79	0	1.000000
raf	4	1	1	0	0.999999
hydropower	0	1	5	0	1.000000
haulin	0	1	2	0	1.000000
kilkenny	0	1	1	0	0.999999
pawnch	0	1	1	0	0.999999
kansas	0	1	35	0	1.000000
uos	2	1	1	0	0.999999
sustainable	0	0	10	0	1.000000
ef	2	0	1	0	0.999999
nng	2	0	1	0	0.999999
ipes	0	0	1	0	0.999999
middletown	0	1	1	0	0.999999
hev	4	0	1	0	0.999999
mfp	0	0	1	0	0.999999
sae	4	0	3	0	1.000000
andes	0	1	1	0	0.999999
creating	0	1	12	0	1.000000
toronto	0	1	1	0	0.999999
whitw	0	0	2	0	1.000000
jbm	2	1	1	0	0.999999
classical	0	0	1	0	0.999999
aola	0	0	1	0	0.999999
cally	0	0	1	0	0.999999
mic	2	1	16	0	1.000000
pen	4	1	3	0	1.000000
jaguars	0	1	1	0	0.999999
mouse	0	1	2	0	1.000000
synoptic	0	0	1	0	0.999999
comenta	0	0	1	0	0.999999
prizestwo	0	1	1	0	0.999999
mr	3	0	1	0	0.999999
backups	0	1	2	0	1.000000
fabricante	0	1	8	0	1.000000
jours	0	0	2	0	1.000000
holidays	0	0	5	0	1.000000
technologie	0	1	1	0	0.999999
headsets	0	1	1	0	0.999999
ib	1	1	2	0	1.000000
henrysaturday	0	1	1	0	0.999999
lisant	0	0	2	0	1.000000
gym	0	0	2	0	1.000000
bla	2	1	1	0	0.999999
mmunities	0	0	1	0	0.999999
hir	4	1	3	0	1.000000
tax	4	1	6	0	1.000000
hearings	0	1	1	0	0.999999
vsync	0	0	1	0	0.999999
spraying	0	1	1	0	0.999999
happily	0	1	1	0	0.999999
advisable	0	0	5	0	1.000000
ott	0	1	1	0	0.999999
canime	0	0	1	0	0.999999
bla	4	1	50	0	1.000000
tty	2	0	17	0	1.000000
hdc	0	1	7	0	1.000000
istings	0	0	1	0	0.999999
jsp	4	1	1	0	0.999999
used	0	0	106	0	1.000000
descrever	0	0	1	0	0.999999
airlines	0	1	1	0	0.999999
jad	4	1	1	0	0.999999
priorto	0	0	2	0	1.000000
indexof	0	1	20	0	1.000000
tot	4	0	47	0	1.000000
ama	4	0	27	0	1.000000
conferences	0	1	3	0	1.000000
enf	4	0	6	0	1.000000
tu	0	0	20	0	1.000000
cic	4	0	1	0	0.999999
relief	0	0	2	0	1.000000
yus	4	1	1	0	0.999999
smsplus	0	1	3	0	1.000000
epis	0	1	1	0	0.999999
unacceptable	0	0	1	0	0.999999
preaches	0	0	1	0	0.999999
surveys	0	0	2	0	1.000000
intee	0	0	1	0	0.999999
decorations	0	0	1	0	0.999999
ignoring	0	0	14	0	1.000000
specialization	0	0	1	0	0.999999
pgl	2	1	6	0	1.000000
shim	0	1	1	0	0.999999
pha	4	1	20	0	1.000000
monica	0	1	1	0	0.999999
eacute	0	0	6	0	1.000000
random	0	1	4	0	1.000000
lva	2	1	5	0	1.000000
lifestyle	0	1	1	0	0.999999
keith	0	0	1	0	0.999999
lab	4	0	12	0	1.000000
gaze	0	0	1	0	0.999999
fur	0	0	1	0	0.999999
linked	0	0	2	0	1.000000
wh	0	1	2	0	1.000000
saunders	0	1	1	0	0.999999
albany	0	1	2	0	1.000000
mim	2	0	4	0	1.000000
uca	2	0	1	0	0.999999
li	3	1	424	0	1.000000
chazaria	0	1	1	0	0.999999
betwixt	0	1	2	0	1.000000
thermal	0	1	1	0	0.999999
meat	0	1	2	0	1.000000
of	0	1	119	0	1.000000
btw	2	0	2	0	1.000000
lub	2	1	9	0	1.000000
val	2	0	33	0	1.000000
bumper	0	0	1	0	0.999999
organizationj	0	0	1	0	0.999999
crd	4	0	1	0	0.999999
unread	0	0	2	0	1.000000
outdoors	0	1	1	0	0.999999
use	4	1	101	0	1.000000
respectively	0	0	5	0	1.000000
establishment	0	1	1	0	0.999999
packing	0	1	8	0	1.000000
ber	4	1	15	0	1.000000
bho	0	0	1	0	0.999999
blot	0	0	1	0	0.999999
pajamas	0	1	1	0	0.999999
tent	0	1	1	0	0.999999
dearly	0	0	1	0	0.999999
different	0	0	54	0	1.000000
cities	0	0	12	0	1.000000
fen	4	1	1	0	0.999999
pen	2	0	56	0	1.000000
rw	1	1	5	0	1.000000
destructi	0	0	1	0	0.999999
regulator	0	1	1	0	0.999999
encouraged	0	0	8	0	1.000000
tte	4	0	2	0	1.000000
medica	0	0	2	0	1.000000
dat	0	1	2	0	1.000000
oui	0	0	2	0	1.000000
boobs	0	0	2	0	1.000000
wak	4	0	3	0	1.000000
tites	0	0	1	0	0.999999
engel	0	1	1	0	0.999999
surprise	0	1	1	0	0.999999
vice	0	0	1	0	0.999999
dissertation	0	0	1	0	0.999999
olympian	0	1	1	0	0.999999
def	4	1	42	0	1.000000
ep	0	1	3	0	1.000000
techniques	0	0	5	0	1.000000
li	1	0	13	0	1.000000
gth	2	0	11	0	1.000000
bourriaud	0	1	1	0	0.999999
exception	0	0	4	0	1.000000
agg	4	1	1	0	0.999999
montelepre	0	1	1	0	0.999999
floors	0	0	3	0	1.000000
dep	4	0	87	0	1.000000
ceremonial	0	0	6	0	1.000000
lry	2	0	4	0	1.000000
that	0	0	724	0	1.000000
fields	0	1	1	0	0.999999
saying	0	0	10	0	1.000000
centre	0	1	26	0	1.000000
lla	2	0	9	0	1.000000
iek	2	1	1	0	0.999999
skies	0	0	1	0	0.999999
ep	2	0	1	0	0.999999
hurting	0	0	2	0	1.000000
cubby	0	0	1	0	0.999999
nil	2	0	3	0	1.000000
union	0	1	4	0	1.000000
squirrel	0	1	1	0	0.999999
greedily	0	0	1	0	0.999999
loader	0	1	1	0	0.999999
summit	0	1	2	0	1.000000
dil	4	0	3	0	1.000000
signing	0	0	2	0	1.000000
ib	3	1	1	0	0.999999
mauritius	0	1	1	0	0.999999
printabe	0	1	1	0	0.999999
leak	0	0	1	0	0.999999
obituaries	0	0	1	0	0.999999
britney	0	1	11	0	1.000000
rc	1	0	7	0	1.000000
ze	1	1	511	0	1.000000
meniscus	0	0	1	0	0.999999
sing	0	0	5	0	1.000000
scenes	0	0	4	0	1.000000
francais	0	0	1	0	0.999999
sl	3	0	114	0	1.000000
mau	4	1	8	0	1.000000
rm	1	1	15	0	1.000000
stratocaster	0	1	1	0	0.999999
itf	4	0	5	0	1.000000
approximately	0	0	3	0	1.000000
comconnection	0	1	2	0	1.000000
talks	0	0	3	0	1.000000
recevoir	0	0	2	0	1.000000
bab	4	1	10	0	1.000000
crossovers	0	1	1	0	0.999999
install	0	1	7	0	1.000000
ng	3	1	6	0	1.000000
rap	4	0	13	0	1.000000
tot	4	1	10	0	1.000000
uys	2	1	1	0	0.999999
object	0	1	1	0	0.999999
kletrne	0	0	2	0	1.000000
far	0	0	19	0	1.000000
jones	0	1	4	0	1.000000
mile	0	1	2	0	1.000000
pod	2	1	3	0	1.000000
permitt	0	0	1	0	0.999999
brazilians	0	0	1	0	0.999999
applicants	0	1	1	0	0.999999
rm	3	0	16	0	1.000000
eye	0	0	11	0	1.000000
kaw	4	0	4	0	1.000000
preschoolers	0	1	7	0	1.000000
steering	0	1	1	0	0.999999
slavs	0	1	1	0	0.999999
po	1	1	2	0	1.000000
sized	0	1	6	0	1.000000
united	0	1	47	0	1.000000
pra	0	1	3	0	1.000000
fe	1	0	141	0	1.000000
pst	4	1	3	0	1.000000
gtr	4	1	3	0	1.000000
evident	0	0	2	0	1.000000
bid	4	1	1	0	0.999999
packing	0	0	2	0	1.000000
aso	2	1	2	0	1.000000
rri	2	1	1	0	0.999999
yoe	4	0	1	0	0.999999
modified	0	1	68	0	1.000000
nut	2	1	2	0	1.000000
inittip	0	1	1	0	0.999999
eader	0	0	1	0	0.999999
your	0	0	658	0	1.000000
tad	2	1	2	0	1.000000
tears	0	0	1	0	0.999999
official	0	0	18	0	1.000000
pregnant	0	1	1	0	0.999999
arthroscopic	0	0	6	0	1.000000
cayerendevous	0	1	1	0	0.999999
finish	0	0	9	0	1.000000
fen	2	0	4	0	1.000000
shooting	0	0	4	0	1.000000
jan	0	1	92	0	1.000000
lounging	0	0	2	0	1.000000
spam	0	0	8	0	1.000000
taxis	0	0	5	0	1.000000
freegames	0	0	1	0	0.999999
cartographerscollection	0	1	1	0	0.999999
null	0	1	1	0	0.999999
at	0	0	931	0	1.000000
crew	0	0	2	0	1.000000
rightoffers	0	1	2	0	1.000000
crown	0	0	2	0	1.000000
pru	4	0	1	0	0.999999
ysk	2	1	2	0	1.000000
siver	0	1	2	0	1.000000
dat	2	1	2	0	1.000000
orl	4	0	3	0	1.000000
instincts	0	0	2	0	1.000000
lttica	0	0	1	0	0.999999
all	4	1	183	0	1.000000
jun	4	1	40	0	1.000000
sisters	0	1	1	0	0.999999
dominique	0	1	3	0	1.000000
crazedlist	0	1	1	0	0.999999
dg	3	1	44	0	1.000000
facility	0	0	19	0	1.000000
discrimination	0	1	1	0	0.999999
attract	0	0	6	0	1.000000
ta	1	0	155	0	1.000000
vi	1	1	10	0	1.000000
federica	0	1	1	0	0.999999
compare	0	1	2	0	1.000000
york	0	1	229	0	1.000000
south	0	0	18	0	1.000000
gorgeous	0	0	2	0	1.000000
imm	4	1	15	0	1.000000
iko	2	0	1	0	0.999999
iv	3	1	11	0	1.000000
array	0	0	6	0	1.000000
facades	0	0	1	0	0.999999
accordance	0	0	2	0	1.000000
hiring	0	0	3	0	1.000000
bridge	0	1	1	0	0.999999
corrupt	0	0	1	0	0.999999
ant	4	0	20	0	1.000000
boring	0	0	1	0	0.999999
awk	2	0	3	0	1.000000
rm	2	0	1	0	0.999999
notablefeature	0	0	1	0	0.999999
engginer	0	1	1	0	0.999999
britain	0	0	1	0	0.999999
kwa	4	0	2	0	1.000000
apr	2	1	27	0	1.000000
uck	2	1	37	0	1.000000
officers	0	0	6	0	1.000000
use	0	0	150	0	1.000000
treats	0	1	1	0	0.999999
administrator	0	0	2	0	1.000000
somewhatstandard	0	0	1	0	0.999999
hollow	0	0	2	0	1.000000
through	0	0	96	0	1.000000
cousy	0	0	1	0	0.999999
resides	0	0	1	0	0.999999
whole	0	0	12	0	1.000000
profile	0	1	40	0	1.000000
fit	4	0	49	0	1.000000
daepartment	0	1	1	0	0.999999
clearstream	0	1	1	0	0.999999
marcus	0	1	1	0	0.999999
birding	0	1	1	0	0.999999
bin	4	1	5	0	1.000000
principles	0	0	5	0	1.000000
spes	0	1	1	0	0.999999
otheranimals	0	0	1	0	0.999999
rev	2	1	2	0	1.000000
across	0	0	12	0	1.000000
nitz	0	1	1	0	0.999999
curtains	0	0	3	0	1.000000
indoor	0	0	3	0	1.000000
globalize	0	0	1	0	0.999999
encoding	0	1	32	0	1.000000
particular	0	1	5	0	1.000000
tiene	0	0	1	0	0.999999
educator	0	0	1	0	0.999999
mangrove	0	1	3	0	1.000000
haf	0	1	1	0	0.999999
algeriamap	0	1	1	0	0.999999
drawback	0	0	1	0	0.999999
sue	2	1	1	0	0.999999
ch	1	0	734	0	1.000000
asses	0	0	1	0	0.999999
physical	0	0	10	0	1.000000
bs	3	1	1	0	0.999999
sou	0	0	1	0	0.999999
hol	4	0	40	0	1.000000
merc	0	0	2	0	1.000000
bayern	0	1	1	0	0.999999
saint	0	0	2	0	1.000000
zod	4	1	1	0	0.999999
crawlers	0	0	2	0	1.000000
beijings	0	1	1	0	0.999999
computer	0	1	3	0	1.000000
kansas	0	0	3	0	1.000000
raf	4	0	1	0	0.999999
receipts	0	1	52	0	1.000000
nanos	0	1	1	0	0.999999
typepad	0	1	4	0	1.000000
democratic	0	0	1	0	0.999999
gaines	0	1	1	0	0.999999
ef	2	1	1	0	0.999999
meaning	0	1	1	0	0.999999
structuredbig	0	1	1	0	0.999999
visiting	0	0	6	0	1.000000
insert	0	0	1	0	0.999999
popamoo	0	1	1	0	0.999999
wheel	0	0	6	0	1.000000
afr	4	0	7	0	1.000000
millerbirds	0	1	1	0	0.999999
hospitable	0	0	1	0	0.999999
angeles	0	1	8	0	1.000000
op	2	0	2	0	1.000000
sablanca	0	0	1	0	0.999999
lawrence	0	0	1	0	0.999999
mic	2	0	25	0	1.000000
certificateinspection	0	0	1	0	0.999999
lor	2	1	2	0	1.000000
belt	0	0	1	0	0.999999
usar	0	0	3	0	1.000000
hoppers	0	0	1	0	0.999999
truxks	0	1	1	0	0.999999
nat	4	0	155	0	1.000000
sv	0	1	1	0	0.999999
cayes	0	1	2	0	1.000000
ett	4	1	2	0	1.000000
holidays	0	1	2	0	1.000000
tax	2	0	4	0	1.000000
fts	2	0	11	0	1.000000
op	1	0	109	0	1.000000
penn	0	0	1	0	0.999999
spartan	0	0	1	0	0.999999
pulling	0	0	3	0	1.000000
ntk	2	1	1	0	0.999999
portali	0	0	1	0	0.999999
appreciation	0	0	1	0	0.999999
farmjng	0	0	1	0	0.999999
fitzroy	0	1	1	0	0.999999
performances	0	1	1	0	0.999999
kernel	0	0	1	0	0.999999
traditions	0	0	2	0	1.000000
mapsimages	0	1	1	0	0.999999
bla	4	0	30	0	1.000000
granted	0	0	7	0	1.000000
adore	0	0	3	0	1.000000
tais	0	0	1	0	0.999999
chapel	0	1	1	0	0.999999
jsp	4	0	1	0	0.999999
flounder	0	0	1	0	0.999999
displayed	0	0	12	0	1.000000
caulker	0	1	4	0	1.000000
rightstair	0	1	1	0	0.999999
gym	2	0	2	0	1.000000
cic	4	1	4	0	1.000000
escolher	0	0	1	0	0.999999
vendori	0	0	1	0	0.999999
tapirs	0	1	1	0	0.999999
ta	0	0	4	0	1.000000
predecessor	0	0	1	0	0.999999
bioness	0	1	1	0	0.999999
used	0	1	23	0	1.000000
tiedto	0	0	1	0	0.999999
relief	0	1	2	0	1.000000
bro	4	1	39	0	1.000000
triangles	0	0	1	0	0.999999
particular	0	0	9	0	1.000000
tubing	0	1	1	0	0.999999
ef	1	1	29	0	1.000000
blockhead	0	0	1	0	0.999999
perris	0	1	1	0	0.999999
suo	4	0	1	0	0.999999
charging	0	0	1	0	0.999999
unt	4	0	33	0	1.000000
zavala	0	1	1	0	0.999999
nta	4	0	4	0	1.000000
pha	4	0	7	0	1.000000
rev	4	1	37	0	1.000000
xli	4	1	1	0	0.999999
lifestyle	0	0	4	0	1.000000
saddle	0	0	1	0	0.999999
dungeons	0	1	1	0	0.999999
catholic	0	0	1	0	0.999999
baked	0	0	1	0	0.999999
trusten	0	1	1	0	0.999999
of	1	1	153	0	1.000000
versatile	0	0	1	0	0.999999
kulturhusleder	0	0	1	0	0.999999
matanzas	0	1	1	0	0.999999
welcomegifts	0	1	1	0	0.999999
bin	2	0	4	0	1.000000
of	0	0	3675	0	1.000000
fauna	0	0	4	0	1.000000
sawmill	0	0	1	0	0.999999
heb	4	1	2	0	1.000000
dof	2	0	1	0	0.999999
basef	0	0	1	0	0.999999
gn	0	0	1	0	0.999999
siver	0	0	1	0	0.999999
edward	0	1	2	0	1.000000
rescuepr	0	1	1	0	0.999999
direction	0	0	6	0	1.000000
cabbage	0	1	1	0	0.999999
jan	4	1	129	0	1.000000
barge	0	0	1	0	0.999999
sb	1	1	5	0	1.000000
weakness	0	0	1	0	0.999999
brit	0	1	1	0	0.999999
kie	2	0	9	0	1.000000
doctor	0	1	5	0	1.000000
winner	0	0	12	0	1.000000
settlementwhy	0	1	1	0	0.999999
ofrespect	0	0	1	0	0.999999
fy	2	0	1	0	0.999999
retaining	0	0	1	0	0.999999
chronologically	0	1	1	0	0.999999
cbse	0	1	1	0	0.999999
levels	0	0	5	0	1.000000
aadc	0	0	1	0	0.999999
esto	0	0	1	0	0.999999
nationalism	0	0	1	0	0.999999
hap	0	1	2	0	1.000000
ep	1	1	103	0	1.000000
ukulele	0	1	1	0	0.999999
suit	0	0	2	0	1.000000
catalina	0	1	1	0	0.999999
document	0	0	23	0	1.000000
medica	0	1	1	0	0.999999
lawsuit	0	0	13	0	1.000000
ber	2	1	137	0	1.000000
auction	0	1	1	0	0.999999
dealer	0	0	2	0	1.000000
leawood	0	1	3	0	1.000000
cooks	0	1	1	0	0.999999
wr	3	0	132	0	1.000000
diverslightweight	0	1	1	0	0.999999
sexually	0	0	1	0	0.999999
famous	0	0	9	0	1.000000
stone	0	0	11	0	1.000000
gossip	0	0	1	0	0.999999
getbackers	0	0	1	0	0.999999
lry	2	1	2	0	1.000000
rfu	2	0	1	0	0.999999
jux	4	0	1	0	0.999999
nobody	0	0	2	0	1.000000
lla	2	1	12	0	1.000000
government	0	1	5	0	1.000000
fo	0	0	1	0	0.999999
vor	2	0	6	0	1.000000
chow	0	0	1	0	0.999999
recent	0	1	4	0	1.000000
mpare	0	0	4	0	1.000000
accelerated	0	1	2	0	1.000000
norman	0	1	2	0	1.000000
hnc	2	1	5	0	1.000000
developenabling	0	0	5	0	1.000000
mortgaging	0	0	1	0	0.999999
aria	0	1	1	0	0.999999
method	0	0	10	0	1.000000
obsolete	0	0	2	0	1.000000
compound	0	0	1	0	0.999999
oas	2	1	1	0	0.999999
aj	1	1	1	0	0.999999
pagetracker	0	1	1	0	0.999999
ib	3	0	10	0	1.000000
batas	0	0	1	0	0.999999
rc	1	1	32	0	1.000000
impressionado	0	0	1	0	0.999999
cinema	0	0	1	0	0.999999
moines	0	0	3	0	1.000000
par	4	0	303	0	1.000000
historically	0	1	2	0	1.000000
drinks	0	0	1	0	0.999999
ped	2	1	3	0	1.000000
sl	3	1	54	0	1.000000
sv	3	1	1	0	0.999999
dpe	2	1	1	0	0.999999
cheol	0	0	1	0	0.999999
gros	0	1	2	0	1.000000
stockton	0	0	1	0	0.999999
courtney	0	1	1	0	0.999999
televizyon	0	1	1	0	0.999999
concerns	0	0	4	0	1.000000
orb	4	1	2	0	1.000000
jeezny	0	0	1	0	0.999999
mr	2	1	6	0	1.000000
pon	2	0	40	0	1.000000
shr	2	1	1	0	0.999999
noodle	0	0	1	0	0.999999
gouvernement	0	1	1	0	0.999999
mh	3	1	3	0	1.000000
dez	0	0	1	0	0.999999
null	0	0	8	0	1.000000
composing	0	0	1	0	0.999999
interagency	0	1	2	0	1.000000
install	0	0	15	0	1.000000
buckingham	0	1	1	0	0.999999
ferocious	0	0	1	0	0.999999
dubious	0	0	1	0	0.999999
reatta	0	0	1	0	0.999999
rap	2	1	5	0	1.000000
authentic	0	0	1	0	0.999999
booking	0	1	2	0	1.000000
cr	0	0	1	0	0.999999
weber	0	0	1	0	0.999999
size	0	0	44	0	1.000000
ske	4	0	10	0	1.000000
gis	0	1	6	0	1.000000
preschoolers	0	0	2	0	1.000000
ruskou	0	0	1	0	0.999999
smjddy	0	0	1	0	0.999999
erb	2	1	1	0	0.999999
canna	0	0	1	0	0.999999
bliantil	0	0	1	0	0.999999
either	0	1	1	0	0.999999
originql	0	0	1	0	0.999999
foros	0	1	1	0	0.999999
isg	2	0	1	0	0.999999
copy	0	0	45	0	1.000000
desk	0	1	1	0	0.999999
travels	0	0	2	0	1.000000
brick	0	0	1	0	0.999999
orld	0	0	2	0	1.000000
pra	0	0	6	0	1.000000
enfants	0	1	1	0	0.999999
cecathodic	0	1	1	0	0.999999
bho	4	0	2	0	1.000000
rrs	0	0	2	0	1.000000
jsp	0	0	1	0	0.999999
ott	2	1	10	0	1.000000
securityto	0	1	1	0	0.999999
priced	0	0	3	0	1.000000
abl	4	0	38	0	1.000000
port	0	0	18	0	1.000000
pregnant	0	0	2	0	1.000000
inb	2	0	1	0	0.999999
mate	0	1	1	0	0.999999
plaster	0	1	3	0	1.000000
through	0	1	3	0	1.000000
aktualno	0	1	2	0	1.000000
exhibiting	0	0	1	0	0.999999
meg	4	1	7	0	1.000000
taxis	0	1	4	0	1.000000
userswould	0	0	1	0	0.999999
scathing	0	0	1	0	0.999999
jk	2	0	1	0	0.999999
centralized	0	0	1	0	0.999999
jet	0	1	1	0	0.999999
ut	2	0	22	0	1.000000
atom	0	1	1	0	0.999999
rel	2	1	7	0	1.000000
wooster	0	1	7	0	1.000000
marta	0	1	8	0	1.000000
genius	0	0	1	0	0.999999
tet	2	0	2	0	1.000000
fur	4	1	11	0	1.000000
wr	3	1	25	0	1.000000
kbl	0	1	1	0	0.999999
ntent	0	0	1	0	0.999999
closecontent	0	1	4	0	1.000000
cr	3	1	244	0	1.000000
spherical	0	0	1	0	0.999999
hopes	0	0	1	0	0.999999
arp	2	0	3	0	1.000000
chevy	0	0	1	0	0.999999
discrimination	0	0	3	0	1.000000
assault	0	1	3	0	1.000000
dg	3	0	1	0	0.999999
eastward	0	0	1	0	0.999999
within	0	0	68	0	1.000000
south	0	1	20	0	1.000000
resort	0	1	2	0	1.000000
lni	4	0	1	0	0.999999
thg	2	1	2	0	1.000000
bry	2	0	1	0	0.999999
oas	2	0	2	0	1.000000
chaque	0	0	2	0	1.000000
nbs	4	0	679	0	1.000000
ngd	4	1	1	0	0.999999
technica	0	0	2	0	1.000000
revistas	0	0	1	0	0.999999
torture	0	0	1	0	0.999999
kwa	0	0	2	0	1.000000
iv	2	1	1	0	0.999999
daiy	0	0	1	0	0.999999
pontus	0	1	1	0	0.999999
potable	0	1	1	0	0.999999
heightened	0	0	2	0	1.000000
problem	0	0	24	0	1.000000
remains	0	0	6	0	1.000000
rbo	2	1	2	0	1.000000
talked	0	0	3	0	1.000000
vs	0	1	2	0	1.000000
caulkerjust	0	1	1	0	0.999999
unlikely	0	0	1	0	0.999999
pur	4	0	63	0	1.000000
apr	2	0	1	0	0.999999
wim	0	1	1	0	0.999999
mtv	4	1	1	0	0.999999
suposed	0	0	1	0	0.999999
submissions	0	0	3	0	1.000000
pst	2	1	3	0	1.000000
eeo	0	1	1	0	0.999999
vds	2	1	1	0	0.999999
boris	0	1	1	0	0.999999
bor	4	1	5	0	1.000000
probl	0	0	1	0	0.999999
irrationality	0	1	1	0	0.999999
vesel	0	1	1	0	0.999999
tacoma	0	0	3	0	1.000000
retired	0	1	2	0	1.000000
hulsebus	0	1	1	0	0.999999
leathanach	0	0	1	0	0.999999
perdido	0	0	1	0	0.999999
tan	4	0	9	0	1.000000
sao	4	1	4	0	1.000000
inaccessible	0	0	1	0	0.999999
events	0	1	15	0	1.000000
rnc	2	1	1	0	0.999999
uma	0	0	9	0	1.000000
sou	4	1	56	0	1.000000
block	0	0	8	0	1.000000
pra	2	1	3	0	1.000000
zed	2	1	11	0	1.000000
undisclosed	0	0	2	0	1.000000
ldi	2	1	2	0	1.000000
coastal	0	0	11	0	1.000000
caps	0	0	1	0	0.999999
bho	2	0	1	0	0.999999
hasexpressed	0	0	1	0	0.999999
anastasia	0	1	1	0	0.999999
eye	2	1	2	0	1.000000
rtant	0	0	1	0	0.999999
controlchannels	0	1	2	0	1.000000
generally	0	1	4	0	1.000000
machine	0	1	1	0	0.999999
currentjournalbase	0	1	1	0	0.999999
ut	0	0	22	0	1.000000
rentals	0	0	1	0	0.999999
onehonors	0	1	1	0	0.999999
shrew	0	1	1	0	0.999999
oui	2	0	2	0	1.000000
mitch	0	0	1	0	0.999999
summon	0	0	1	0	0.999999
klondyke	0	1	2	0	1.000000
fy	1	0	47	0	1.000000
maps	0	0	57	0	1.000000
inv	4	0	80	0	1.000000
collectionsdetails	0	1	1	0	0.999999
far	4	1	24	0	1.000000
democratic	0	1	3	0	1.000000
plut	0	0	2	0	1.000000
biznes	0	1	1	0	0.999999
anchorwoman	0	0	1	0	0.999999
vin	4	0	23	0	1.000000
collectble	0	0	1	0	0.999999
specimens	0	0	1	0	0.999999
insert	0	1	2	0	1.000000
aiy	2	0	1	0	0.999999
chape	0	1	2	0	1.000000
transport	0	0	5	0	1.000000
rightbreaking	0	1	4	0	1.000000
idati	0	0	1	0	0.999999
trying	0	1	2	0	1.000000
ntk	0	1	1	0	0.999999
colonial	0	1	5	0	1.000000
sharply	0	0	1	0	0.999999
oas	0	1	1	0	0.999999
everybody	0	0	6	0	1.000000
rov	4	0	1	0	0.999999
nat	4	1	158	0	1.000000
days	0	0	54	0	1.000000
automaticaly	0	0	1	0	0.999999
mana	0	1	1	0	0.999999
cotacts	0	0	1	0	0.999999
sgs	2	0	1	0	0.999999
kuri	0	0	1	0	0.999999
toleration	0	0	1	0	0.999999
vin	2	0	3	0	1.000000
onf	4	1	1	0	0.999999
plays	0	0	2	0	1.000000
bid	0	0	1	0	0.999999
snapper	0	0	2	0	1.000000
includes	0	1	9	0	1.000000
stork	0	1	2	0	1.000000
effect	0	1	3	0	1.000000
political	0	0	6	0	1.000000
zen	4	0	1	0	0.999999
dancer	0	0	1	0	0.999999
clarkson	0	1	3	0	1.000000
firsthand	0	0	1	0	0.999999
dch	4	0	1	0	0.999999
granted	0	1	1	0	0.999999
tan	2	1	14	0	1.000000
rob	4	1	6	0	1.000000
natured	0	0	2	0	1.000000
thoughtfully	0	0	1	0	0.999999
cr	2	1	3	0	1.000000
thanks	0	1	16	0	1.000000
gtr	2	1	3	0	1.000000
inability	0	0	1	0	0.999999
nib	4	1	1	0	0.999999
panic	0	0	3	0	1.000000
stood	0	0	6	0	1.000000
minimalist	0	0	1	0	0.999999
at	3	1	47	0	1.000000
spam	0	1	8	0	1.000000
residing	0	0	2	0	1.000000
ant	4	1	15	0	1.000000
ase	4	0	2	0	1.000000
hold	0	0	4	0	1.000000
bro	4	0	91	0	1.000000
vows	0	0	1	0	0.999999
eus	2	1	8	0	1.000000
paoli	0	1	1	0	0.999999
oks	2	1	10	0	1.000000
gole	0	0	1	0	0.999999
breast	0	0	1	0	0.999999
origins	0	0	1	0	0.999999
motherease	0	1	5	0	1.000000
bonanza	0	0	1	0	0.999999
ncr	4	0	1	0	0.999999
aborts	0	0	1	0	0.999999
rol	2	1	28	0	1.000000
ch	0	1	3	0	1.000000
rev	4	0	107	0	1.000000
advertiserszaz	0	1	1	0	0.999999
finally	0	1	5	0	1.000000
magic	0	0	3	0	1.000000
matching	0	0	1	0	0.999999
esa	2	0	3	0	1.000000
upscale	0	0	1	0	0.999999
courious	0	0	1	0	0.999999
lab	2	0	2	0	1.000000
adjustment	0	0	1	0	0.999999
allow	0	0	15	0	1.000000
library	0	1	99	0	1.000000
bs	2	0	1	0	0.999999
sv	1	1	5	0	1.000000
zazify	0	0	1	0	0.999999
lowry	0	1	1	0	0.999999
par	4	1	159	0	1.000000
tarma	0	0	1	0	0.999999
of	2	1	119	0	1.000000
tbc	0	1	6	0	1.000000
dobkin	0	1	1	0	0.999999
asy	2	1	2	0	1.000000
enhancment	0	0	1	0	0.999999
paymate	0	1	1	0	0.999999
rol	4	1	5	0	1.000000
sou	2	0	1	0	0.999999
tmv	4	1	1	0	0.999999
enz	2	1	2	0	1.000000
sb	1	0	1	0	0.999999
script	0	0	3	0	1.000000
gourmet	0	0	1	0	0.999999
benetton	0	1	4	0	1.000000
coq	4	0	1	0	0.999999
supposed	0	0	5	0	1.000000
plazas	0	0	2	0	1.000000
challsnge	0	0	1	0	0.999999
sara	0	1	1	0	0.999999
seminar	0	0	2	0	1.000000
mondaylabour	0	1	1	0	0.999999
mientras	0	0	1	0	0.999999
establishes	0	0	1	0	0.999999
vocal	0	0	1	0	0.999999
establish	0	0	7	0	1.000000
page	0	1	30	0	1.000000
ados	0	0	1	0	0.999999
mr	0	1	6	0	1.000000
opn	2	0	2	0	1.000000
robbins	0	1	2	0	1.000000
thirteenth	0	0	1	0	0.999999
infectious	0	1	1	0	0.999999
puerto	0	1	1	0	0.999999
hometown	0	1	1	0	0.999999
emblems	0	0	1	0	0.999999
concepto	0	0	1	0	0.999999
dealer	0	1	3	0	1.000000
aeromagnetic	0	0	2	0	1.000000
kosciusko	0	1	1	0	0.999999
stone	0	1	11	0	1.000000
uum	4	1	1	0	0.999999
famous	0	1	3	0	1.000000
deprived	0	0	1	0	0.999999
hercules	0	0	1	0	0.999999
amiable	0	0	1	0	0.999999
government	0	0	16	0	1.000000
cheese	0	0	1	0	0.999999
year	0	1	7	0	1.000000
psychological	0	0	1	0	0.999999
freelance	0	0	3	0	1.000000
pit	2	1	3	0	1.000000
yyy	0	1	1	0	0.999999
lid	2	1	7	0	1.000000
op	3	1	57	0	1.000000
wh	3	1	341	0	1.000000
dch	2	0	1	0	0.999999
val	4	0	61	0	1.000000
witnesses	0	1	1	0	0.999999
bottles	0	0	1	0	0.999999
lengths	0	0	1	0	0.999999
rusk	0	0	1	0	0.999999
burmese	0	0	3	0	1.000000
aam	2	1	2	0	1.000000
nzo	2	1	3	0	1.000000
arbiter	0	0	1	0	0.999999
maycontact	0	0	1	0	0.999999
jet	2	1	2	0	1.000000
idea	0	1	1	0	0.999999
preparation	0	0	3	0	1.000000
shanghai	0	1	4	0	1.000000
luckily	0	1	1	0	0.999999
avete	0	0	2	0	1.000000
ceq	2	1	2	0	1.000000
lorenzo	0	1	2	0	1.000000
cinema	0	1	1	0	0.999999
terminology	0	1	1	0	0.999999
eee	2	1	1	0	0.999999
li	0	1	5	0	1.000000
prediction	0	0	2	0	1.000000
all	0	0	314	0	1.000000
subsidiaries	0	0	6	0	1.000000
text	0	0	44	0	1.000000
erv	4	0	1	0	0.999999
hydraulic	0	1	14	0	1.000000
khz	4	1	2	0	1.000000
atmospheric	0	0	1	0	0.999999
exclusively	0	0	2	0	1.000000
rtrisk	0	1	1	0	0.999999
preparation	0	1	1	0	0.999999
irr	4	1	3	0	1.000000
corporations	0	0	4	0	1.000000
hdc	4	1	7	0	1.000000
paragraphs	0	0	1	0	0.999999
tu	2	0	20	0	1.000000
esk	2	0	6	0	1.000000
galaxie	0	1	4	0	1.000000
zon	2	1	3	0	1.000000
satyr	0	0	1	0	0.999999
rol	2	0	47	0	1.000000
ack	4	0	5	0	1.000000
all	2	1	221	0	1.000000
reporter	0	0	1	0	0.999999
locatedapproximately	0	0	1	0	0.999999
cute	0	1	2	0	1.000000
deas	0	0	1	0	0.999999
confess	0	0	1	0	0.999999
economie	0	1	1	0	0.999999
bi	3	1	107	0	1.000000
jet	2	0	4	0	1.000000
vs	1	0	14	0	1.000000
handing	0	0	1	0	0.999999
gargish	0	1	7	0	1.000000
ike	0	0	3	0	1.000000
htrw	0	1	4	0	1.000000
nof	2	0	3	0	1.000000
urf	2	1	1	0	0.999999
continue	0	1	4	0	1.000000
meeting	0	0	9	0	1.000000
retired	0	0	1	0	0.999999
erb	2	0	2	0	1.000000
unpublished	0	0	2	0	1.000000
sponsored	0	0	4	0	1.000000
vul	4	0	2	0	1.000000
desk	0	0	6	0	1.000000
tmv	2	1	1	0	0.999999
fluently	0	0	1	0	0.999999
cette	0	0	2	0	1.000000
aminate	0	0	1	0	0.999999
matriculated	0	0	1	0	0.999999
leader	0	0	6	0	1.000000
quintana	0	1	1	0	0.999999
mechanical	0	1	2	0	1.000000
location	0	1	6	0	1.000000
gym	4	1	2	0	1.000000
asy	4	0	1	0	0.999999
ott	2	0	1	0	0.999999
rollercoaster	0	1	1	0	0.999999
inb	2	1	1	0	0.999999
prose	0	0	1	0	0.999999
classified	0	0	1	0	0.999999
reea	0	0	1	0	0.999999
mim	0	0	4	0	1.000000
distrib	0	1	2	0	1.000000
montrer	0	0	2	0	1.000000
lix	2	1	3	0	1.000000
donavan	0	0	1	0	0.999999
nibco	0	1	1	0	0.999999
gem	0	0	2	0	1.000000
exp	0	1	4	0	1.000000
oldest	0	0	2	0	1.000000
tk	2	1	2	0	1.000000
egold	0	1	3	0	1.000000
riche	0	0	3	0	1.000000
haf	4	0	1	0	0.999999
illinois	0	1	1	0	0.999999
critics	0	0	1	0	0.999999
sv	2	1	1	0	0.999999
adj	4	0	14	0	1.000000
fishermen	0	1	1	0	0.999999
clanricard	0	1	1	0	0.999999
estranhas	0	0	1	0	0.999999
organization	0	0	3	0	1.000000
elves	0	0	2	0	1.000000
onward	0	0	1	0	0.999999
bugs	0	1	1	0	0.999999
ncrete	0	0	1	0	0.999999
sampling	0	1	1	0	0.999999
wtb	4	1	1	0	0.999999
tet	4	1	1	0	0.999999
il	3	1	15	0	1.000000
seagrass	0	1	2	0	1.000000
front	0	1	6	0	1.000000
cka	2	0	1	0	0.999999
excess	0	0	4	0	1.000000
tun	4	0	8	0	1.000000
vertebra	0	0	1	0	0.999999
kbl	4	1	1	0	0.999999
pe	1	1	97	0	1.000000
hob	4	0	2	0	1.000000
witchcraft	0	1	1	0	0.999999
assault	0	0	2	0	1.000000
playground	0	1	1	0	0.999999
fitngs	0	0	1	0	0.999999
within	0	1	2	0	1.000000
oz	3	0	2	0	1.000000
torture	0	1	1	0	0.999999
footed	0	0	3	0	1.000000
jbm	4	1	1	0	0.999999
skill	0	0	8	0	1.000000
fortune	0	0	1	0	0.999999
runners	0	0	3	0	1.000000
wedges	0	1	1	0	0.999999
ske	4	1	2	0	1.000000
sharon	0	0	1	0	0.999999
iv	2	0	1	0	0.999999
nil	0	0	1	0	0.999999
lin	4	1	104	0	1.000000
flatscentral	0	1	1	0	0.999999
heaven	0	0	1	0	0.999999
prince	0	0	3	0	1.000000
beaches	0	0	4	0	1.000000
especially	0	0	20	0	1.000000
gis	4	1	6	0	1.000000
vs	0	0	11	0	1.000000
gn	1	0	183	0	1.000000
customers	0	1	1	0	0.999999
il	0	1	2	0	1.000000
grt	4	1	1	0	0.999999
topic	0	1	3	0	1.000000
beaux	0	1	1	0	0.999999
apocalypse	0	1	1	0	0.999999
clearest	0	0	1	0	0.999999
dsay	0	1	1	0	0.999999
adam	0	1	2	0	1.000000
zo	3	0	11	0	1.000000
livros	0	0	7	0	1.000000
sign	0	0	14	0	1.000000
il	2	0	11	0	1.000000
fit	2	0	30	0	1.000000
doodle	0	0	1	0	0.999999
generated	0	1	1	0	0.999999
xof	2	1	20	0	1.000000
block	0	1	2	0	1.000000
rob	2	0	1	0	0.999999
stumbling	0	0	1	0	0.999999
childs	0	0	1	0	0.999999
coastal	0	1	11	0	1.000000
signaler	0	1	1	0	0.999999
powering	0	0	1	0	0.999999
regulations	0	0	4	0	1.000000
syracuse	0	0	1	0	0.999999
schertz	0	0	2	0	1.000000
unt	2	1	21	0	1.000000
bags	0	0	3	0	1.000000
expertise	0	1	12	0	1.000000
razorback	0	0	1	0	0.999999
ott	4	0	12	0	1.000000
utila	0	1	1	0	0.999999
eye	2	0	11	0	1.000000
cruise	0	0	18	0	1.000000
grayson	0	0	1	0	0.999999
divertidas	0	0	1	0	0.999999
melvin	0	0	1	0	0.999999
woq	0	0	2	0	1.000000
meaning	0	0	5	0	1.000000
tip	0	0	2	0	1.000000
hydropower	0	0	3	0	1.000000
machine	0	0	11	0	1.000000
wily	0	0	1	0	0.999999
malawimap	0	1	1	0	0.999999
applied	0	1	1	0	0.999999
fy	1	1	10	0	1.000000
realtor	0	0	2	0	1.000000
kio	4	1	1	0	0.999999
currentio	0	1	1	0	0.999999
witnesses	0	0	1	0	0.999999
fra	4	1	60	0	1.000000
versi	0	0	3	0	1.000000
sae	4	1	1	0	0.999999
acrewoods	0	0	3	0	1.000000
prince	0	1	2	0	1.000000
vector	0	0	5	0	1.000000
far	4	0	74	0	1.000000
syntax	0	1	1	0	0.999999
trays	0	0	1	0	0.999999
impossibility	0	0	1	0	0.999999
aiy	2	1	3	0	1.000000
rsche	0	0	1	0	0.999999
ings	0	0	1	0	0.999999
rel	4	0	125	0	1.000000
eldest	0	0	1	0	0.999999
supper	0	0	2	0	1.000000
aggregate	0	0	3	0	1.000000
mak	4	0	186	0	1.000000
say	2	0	32	0	1.000000
seu	4	0	8	0	1.000000
secretions	0	0	1	0	0.999999
ays	2	1	28	0	1.000000
touren	0	1	1	0	0.999999
at	2	1	36	0	1.000000
ngd	0	1	1	0	0.999999
ultimate	0	1	5	0	1.000000
atlas	0	1	3	0	1.000000
booze	0	0	2	0	1.000000
mr	3	1	21	0	1.000000
pon	4	1	1	0	0.999999
sue	4	0	1	0	0.999999
underway	0	0	1	0	0.999999
kes	2	0	49	0	1.000000
days	0	1	4	0	1.000000
beh	4	0	24	0	1.000000
rve	2	0	26	0	1.000000
kam	4	0	1	0	0.999999
vin	2	1	5	0	1.000000
series	0	1	9	0	1.000000
pen	0	0	3	0	1.000000
vince	0	1	1	0	0.999999
flowed	0	0	1	0	0.999999
rw	3	1	5	0	1.000000
stolen	0	0	1	0	0.999999
use	2	1	77	0	1.000000
grave	0	0	1	0	0.999999
possibly	0	0	2	0	1.000000
cups	0	0	2	0	1.000000
smoke	0	0	1	0	0.999999
tty	2	1	7	0	1.000000
srr	2	1	1	0	0.999999
chapter	0	1	11	0	1.000000
thanks	0	0	12	0	1.000000
yas	2	1	2	0	1.000000
tan	2	0	4	0	1.000000
lor	4	1	9	0	1.000000
todos	0	0	3	0	1.000000
pick	0	0	2	0	1.000000
vin	0	0	1	0	0.999999
besides	0	0	4	0	1.000000
hap	2	1	2	0	1.000000
bro	0	0	1	0	0.999999
gn	2	0	1	0	0.999999
pe	2	0	2	0	1.000000
departments	0	0	2	0	1.000000
properly	0	0	4	0	1.000000
carriers	0	1	1	0	0.999999
view	0	0	28	0	1.000000
bal	2	0	17	0	1.000000
yeah	0	0	2	0	1.000000
oblong	0	1	1	0	0.999999
hogs	0	0	1	0	0.999999
suggestions	0	0	11	0	1.000000
unt	4	1	2	0	1.000000
naj	4	0	1	0	0.999999
rlo	2	1	3	0	1.000000
privatizations	0	1	1	0	0.999999
curiously	0	0	1	0	0.999999
retire	0	0	1	0	0.999999
oks	2	0	40	0	1.000000
fe	0	0	3	0	1.000000
ch	0	0	1	0	0.999999
eas	2	0	62	0	1.000000
size	0	1	11	0	1.000000
usage	0	0	5	0	1.000000
lotion	0	0	1	0	0.999999
unmatched	0	0	1	0	0.999999
equalled	0	0	1	0	0.999999
esa	2	1	5	0	1.000000
britney	0	0	1	0	0.999999
dtu	4	1	1	0	0.999999
chegasse	0	0	1	0	0.999999
replied	0	0	1	0	0.999999
defraying	0	0	1	0	0.999999
fios	0	0	1	0	0.999999
pelas	0	0	1	0	0.999999
allow	0	1	2	0	1.000000
nightclubs	0	0	1	0	0.999999
content	0	0	31	0	1.000000
vi	3	1	178	0	1.000000
at	1	0	2029	0	1.000000
dissemination	0	0	1	0	0.999999
gunnar	0	1	4	0	1.000000
bs	2	1	3	0	1.000000
betrothed	0	0	1	0	0.999999
instructions	0	0	20	0	1.000000
ahf	2	0	1	0	0.999999
of	2	0	3675	0	1.000000
cheap	0	1	6	0	1.000000
outdoors	0	0	4	0	1.000000
furious	0	0	1	0	0.999999
jan	4	0	1	0	0.999999
kari	0	1	3	0	1.000000
optimization	0	0	1	0	0.999999
attempting	0	0	8	0	1.000000
rol	4	0	22	0	1.000000
manufacture	0	1	1	0	0.999999
bonito	0	0	2	0	1.000000
script	0	1	3	0	1.000000
seminar	0	1	2	0	1.000000
bermudian	0	1	1	0	0.999999
par	0	1	1	0	0.999999
nat	0	1	1	0	0.999999
lawton	0	1	1	0	0.999999
sucks	0	0	1	0	0.999999
stee	0	0	1	0	0.999999
subsequent	0	0	3	0	1.000000
apr	4	1	44	0	1.000000
bmt	2	1	3	0	1.000000
este	0	0	1	0	0.999999
g	0	0	25	0	1.000000
flat	0	1	2	0	1.000000
year	0	0	112	0	1.000000
sb	3	0	2	0	1.000000
winwd	0	1	1	0	0.999999
friendif	0	1	1	0	0.999999
aes	4	0	2	0	1.000000
headlines	0	0	6	0	1.000000
thumbs	0	0	1	0	0.999999
ep	0	0	1	0	0.999999
sado	0	1	1	0	0.999999
reefs	0	1	1	0	0.999999
disenchant	0	0	1	0	0.999999
clash	0	0	1	0	0.999999
kes	4	0	2	0	1.000000
sharinglegal	0	1	1	0	0.999999
wr	1	1	1	0	0.999999
lower	0	0	9	0	1.000000
bub	2	1	1	0	0.999999
hitting	0	0	1	0	0.999999
fields	0	0	9	0	1.000000
centre	0	0	9	0	1.000000
colin	0	0	1	0	0.999999
cheese	0	1	1	0	0.999999
medium	0	0	1	0	0.999999
iv	1	0	4	0	1.000000
attendre	0	0	1	0	0.999999
fod	4	0	1	0	0.999999
lid	2	0	30	0	1.000000
ridge	0	0	1	0	0.999999
smashed	0	0	2	0	1.000000
rushed	0	0	3	0	1.000000
artifacts	0	0	2	0	1.000000
jet	4	0	2	0	1.000000
matrix	0	1	2	0	1.000000
amps	0	0	2	0	1.000000
veh	4	0	16	0	1.000000
slotts	0	0	2	0	1.000000
settlementpee	0	1	1	0	0.999999
arranging	0	0	1	0	0.999999
held	0	0	16	0	1.000000
rightdedicated	0	1	1	0	0.999999
cover	0	0	18	0	1.000000
shameless	0	0	3	0	1.000000
rtg	4	0	3	0	1.000000
saturdayeaster	0	1	1	0	0.999999
tip	2	1	3	0	1.000000
precisa	0	0	2	0	1.000000
masks	0	0	3	0	1.000000
fishingto	0	1	1	0	0.999999
ieu	2	0	1	0	0.999999
fo	3	1	432	0	1.000000
bulkheads	0	1	1	0	0.999999
nyour	0	1	1	0	0.999999
mount	0	0	6	0	1.000000
prosthetic	0	0	1	0	0.999999
classifiedx	0	0	1	0	0.999999
niger	0	1	1	0	0.999999
invoice	0	0	1	0	0.999999
vsn	2	1	1	0	0.999999
liga	0	1	1	0	0.999999
ant	2	1	41	0	1.000000
espinoza	0	1	1	0	0.999999
botswana	0	1	1	0	0.999999
hap	4	1	12	0	1.000000
cheerfully	0	0	1	0	0.999999
esk	2	1	3	0	1.000000
ut	1	0	843	0	1.000000
lord	0	1	7	0	1.000000
tbc	4	1	6	0	1.000000
tu	2	1	1	0	0.999999
hyattsville	0	1	1	0	0.999999
oldest	0	1	1	0	0.999999
aylith	0	1	1	0	0.999999
ahmedabad	0	1	1	0	0.999999
specification	0	1	1	0	0.999999
sok	4	1	1	0	0.999999
bi	3	0	232	0	1.000000
rester	0	0	1	0	0.999999
healed	0	0	1	0	0.999999
grtis	0	1	1	0	0.999999
continue	0	0	18	0	1.000000
arbeiderpartiet	0	1	2	0	1.000000
of	3	0	245	0	1.000000
homelands	0	1	1	0	0.999999
ack	2	0	134	0	1.000000
esa	0	1	1	0	0.999999
fcf	4	0	4	0	1.000000
tmv	2	0	3	0	1.000000
eiu	4	1	2	0	1.000000
tun	4	1	16	0	1.000000
terminals	0	0	3	0	1.000000
notes	0	1	2	0	1.000000
plaques	0	0	1	0	0.999999
monstros	0	0	1	0	0.999999
eks	4	0	1	0	0.999999
inb	4	0	1	0	0.999999
irish	0	1	5	0	1.000000
pursuits	0	0	1	0	0.999999
alaska	0	1	4	0	1.000000
institute	0	1	12	0	1.000000
expressway	0	1	1	0	0.999999
apr	4	0	5	0	1.000000
tu	3	1	63	0	1.000000
jot	4	0	1	0	0.999999
gis	2	1	6	0	1.000000
fen	2	1	1	0	0.999999
igs	2	0	7	0	1.000000
vislumbresencerrei	0	1	1	0	0.999999
possible	0	1	3	0	1.000000
lately	0	0	2	0	1.000000
primed	0	0	1	0	0.999999
bandwidth	0	1	1	0	0.999999
mau	4	0	1	0	0.999999
inhabitants	0	0	8	0	1.000000
soa	4	0	1	0	0.999999
estranhas	0	1	1	0	0.999999
solve	0	0	8	0	1.000000
nut	4	1	3	0	1.000000
tickets	0	0	9	0	1.000000
freeware	0	0	1	0	0.999999
abb	4	1	3	0	1.000000
cated	0	0	3	0	1.000000
auc	4	0	2	0	1.000000
wr	1	0	1	0	0.999999
denunciation	0	0	1	0	0.999999
bid	2	0	1	0	0.999999
dull	0	0	1	0	0.999999
hitchhiker	0	1	1	0	0.999999
seagrass	0	0	1	0	0.999999
tad	2	0	1	0	0.999999
tet	4	0	1	0	0.999999
forma	0	1	1	0	0.999999
wh	2	1	2	0	1.000000
front	0	0	16	0	1.000000
pigments	0	1	16	0	1.000000
wtb	0	1	1	0	0.999999
pe	1	0	90	0	1.000000
allowing	0	0	5	0	1.000000
lodge	0	0	3	0	1.000000
ift	2	0	36	0	1.000000
gd	3	1	26	0	1.000000
guides	0	0	22	0	1.000000
giocatori	0	0	1	0	0.999999
content	0	1	95	0	1.000000
vermont	0	1	1	0	0.999999
utrum	0	1	1	0	0.999999
lin	4	0	187	0	1.000000
zy	1	1	4	0	1.000000
broken	0	0	5	0	1.000000
vi	2	1	1	0	0.999999
awk	2	1	2	0	1.000000
mphale	0	0	4	0	1.000000
alb	4	0	4	0	1.000000
il	1	0	204	0	1.000000
britain	0	1	3	0	1.000000
applause	0	0	1	0	0.999999
serelepi	0	0	2	0	1.000000
orfie	0	0	1	0	0.999999
shadows	0	1	1	0	0.999999
li	2	1	5	0	1.000000
agitate	0	1	1	0	0.999999
gang	0	1	1	0	0.999999
wallpapers	0	0	1	0	0.999999
executor	0	0	1	0	0.999999
usreligious	0	1	1	0	0.999999
customers	0	0	11	0	1.000000
nez	2	1	1	0	0.999999
tax	0	0	2	0	1.000000
barcelona	0	1	1	0	0.999999
topic	0	0	7	0	1.000000
yenching	0	1	3	0	1.000000
ull	2	1	12	0	1.000000
shaun	0	0	1	0	0.999999
bs	1	0	63	0	1.000000
elective	0	0	1	0	0.999999
zo	3	1	26	0	1.000000
making	0	0	38	0	1.000000
kt	1	1	1	0	0.999999
probing	0	0	2	0	1.000000
griffin	0	0	1	0	0.999999
sidelong	0	0	1	0	0.999999
large	0	0	44	0	1.000000
hottest	0	0	4	0	1.000000
transmissions	0	1	2	0	1.000000
orl	4	1	1	0	0.999999
crumbling	0	0	1	0	0.999999
versed	0	0	1	0	0.999999
generated	0	0	3	0	1.000000
meg	2	0	2	0	1.000000
holdingsbut	0	0	5	0	1.000000
wh	0	0	7	0	1.000000
bounds	0	0	1	0	0.999999
willbe	0	1	1	0	0.999999
regulations	0	1	1	0	0.999999
dating	0	0	8	0	1.000000
vilas	0	1	1	0	0.999999
tk	1	0	1	0	0.999999
ready	0	1	1	0	0.999999
boston	0	1	4	0	1.000000
daniel	0	1	3	0	1.000000
merchandise	0	1	1	0	0.999999
daigdig	0	0	1	0	0.999999
expertise	0	0	10	0	1.000000
sound	0	0	19	0	1.000000
empirec	0	1	2	0	1.000000
forever	0	0	4	0	1.000000
demographic	0	0	4	0	1.000000
fo	1	1	76	0	1.000000
yeah	0	1	2	0	1.000000
yia	4	1	3	0	1.000000
chem	0	1	2	0	1.000000
roundheads	0	0	1	0	0.999999
nominated	0	0	3	0	1.000000
realtor	0	1	12	0	1.000000
olympia	0	1	2	0	1.000000
bre	2	1	1	0	0.999999
receipts	0	0	1	0	0.999999
applied	0	0	4	0	1.000000
pe	3	1	227	0	1.000000
forse	0	0	1	0	0.999999
posturl	0	1	14	0	1.000000
rrs	2	0	3	0	1.000000
fra	4	0	37	0	1.000000
syntax	0	0	2	0	1.000000
py	1	0	86	0	1.000000
hel	4	1	143	0	1.000000
ctv	2	1	1	0	0.999999
afr	4	1	13	0	1.000000
sedan	0	1	1	0	0.999999
trusted	0	0	4	0	1.000000
kwa	2	1	2	0	1.000000
yf	3	1	2	0	1.000000
preferred	0	0	1	0	0.999999
argentina	0	1	2	0	1.000000
hc	1	1	1	0	0.999999
gaudily	0	0	1	0	0.999999
haz	4	1	6	0	1.000000
ays	2	0	184	0	1.000000
donors	0	0	1	0	0.999999
suffering	0	0	1	0	0.999999
dawkins	0	0	1	0	0.999999
xyumnf	0	0	1	0	0.999999
loveseat	0	0	1	0	0.999999
chunox	0	1	1	0	0.999999
beh	4	1	3	0	1.000000
disponemos	0	0	1	0	0.999999
guild	0	1	2	0	1.000000
commyspace	0	1	1	0	0.999999
ues	2	1	16	0	1.000000
twitch	0	1	1	0	0.999999
tax	2	1	3	0	1.000000
sunny	0	0	3	0	1.000000
investorsdepositary	0	1	1	0	0.999999
say	4	0	52	0	1.000000
rm	0	0	1	0	0.999999
zines	0	0	2	0	1.000000
ped	4	0	10	0	1.000000
andrew	0	0	1	0	0.999999
stye	0	0	1	0	0.999999
gambiamap	0	1	2	0	1.000000
bi	0	1	1	0	0.999999
march	0	1	24	0	1.000000
romance	0	0	2	0	1.000000
locution	0	0	1	0	0.999999
retire	0	1	2	0	1.000000
tk	0	1	2	0	1.000000
manner	0	0	12	0	1.000000
todos	0	1	2	0	1.000000
private	0	1	31	0	1.000000
hyv	4	1	1	0	0.999999
vin	0	1	1	0	0.999999
ett	2	0	2	0	1.000000
fed	4	1	7	0	1.000000
physical	0	1	1	0	0.999999
lor	4	0	6	0	1.000000
closely	0	0	5	0	1.000000
paris	0	1	10	0	1.000000
disapprobation	0	0	2	0	1.000000
amounts	0	0	6	0	1.000000
bahrain	0	1	1	0	0.999999
fence	0	0	1	0	0.999999
ild	2	0	141	0	1.000000
veraltert	0	0	1	0	0.999999
pagar	0	0	1	0	0.999999
tubing	0	0	2	0	1.000000
acremillion	0	0	1	0	0.999999
bul	4	1	5	0	1.000000
diffusers	0	0	1	0	0.999999
vanish	0	0	2	0	1.000000
text	0	1	5	0	1.000000
vid	4	1	32	0	1.000000
op	1	1	86	0	1.000000
mouse	0	0	10	0	1.000000
thingies	0	0	1	0	0.999999
ama	2	1	11	0	1.000000
pe	0	0	2	0	1.000000
sky	4	1	2	0	1.000000
extremely	0	0	10	0	1.000000
wak	4	1	2	0	1.000000
bal	4	0	25	0	1.000000
yyy	2	1	2	0	1.000000
reb	4	1	9	0	1.000000
ib	1	0	3	0	1.000000
wever	0	0	1	0	0.999999
hir	4	0	7	0	1.000000
wish	0	0	32	0	1.000000
kei	4	1	2	0	1.000000
private	0	0	49	0	1.000000
circumstance	0	0	1	0	0.999999
sao	4	0	1	0	0.999999
directory	0	1	17	0	1.000000
inverts	0	0	1	0	0.999999
currencies	0	1	1	0	0.999999
validating	0	1	1	0	0.999999
kie	2	1	10	0	1.000000
uma	2	0	14	0	1.000000
depth	0	1	2	0	1.000000
former	0	0	13	0	1.000000
kos	4	0	1	0	0.999999
dez	2	0	1	0	0.999999
conferences	0	0	2	0	1.000000
spawn	0	0	1	0	0.999999
awful	0	0	1	0	0.999999
marrying	0	0	1	0	0.999999
cau	4	0	35	0	1.000000
ja	3	1	233	0	1.000000
starve	0	0	1	0	0.999999
mh	1	0	1	0	0.999999
ceske	0	1	1	0	0.999999
cantoras	0	0	1	0	0.999999
papers	0	0	7	0	1.000000
eacute	0	1	7	0	1.000000
seu	0	0	8	0	1.000000
lapping	0	0	1	0	0.999999
linksthisweb	0	1	1	0	0.999999
kes	4	1	1	0	0.999999
gom	4	0	1	0	0.999999
pervaded	0	0	1	0	0.999999
reefs	0	0	8	0	1.000000
vs	2	0	11	0	1.000000
ver	2	0	344	0	1.000000
polyester	0	1	1	0	0.999999
political	0	1	3	0	1.000000
ubay	0	1	1	0	0.999999
imaginao	0	0	1	0	0.999999
pobierz	0	0	1	0	0.999999
sae	0	0	3	0	1.000000
ef	3	1	32	0	1.000000
vor	2	1	3	0	1.000000
thermal	0	0	2	0	1.000000
result	0	0	9	0	1.000000
impossible	0	0	2	0	1.000000
ls	3	0	2	0	1.000000
brighton	0	1	1	0	0.999999
tema	0	0	1	0	0.999999
ievel	0	1	1	0	0.999999
medium	0	1	3	0	1.000000
yabu	0	0	1	0	0.999999
hesitated	0	0	1	0	0.999999
reassuring	0	0	1	0	0.999999
artifacts	0	1	2	0	1.000000
jun	2	1	20	0	1.000000
iky	2	0	1	0	0.999999
acfalas	0	0	1	0	0.999999
ntk	4	1	1	0	0.999999
unregistered	0	0	1	0	0.999999
doorway	0	0	1	0	0.999999
establishment	0	0	1	0	0.999999
entitled	0	0	3	0	1.000000
ber	4	0	2	0	1.000000
cover	0	1	1	0	0.999999
creates	0	1	1	0	0.999999
cities	0	1	3	0	1.000000
sea	0	0	23	0	1.000000
workman	0	0	2	0	1.000000
binabago	0	0	1	0	0.999999
fo	3	0	2077	0	1.000000
webapp	0	0	2	0	1.000000
phoenix	0	0	2	0	1.000000
primitive	0	0	1	0	0.999999
wisdom	0	0	1	0	0.999999
phet	0	0	1	0	0.999999
quantity	0	1	2	0	1.000000
compensate	0	0	1	0	0.999999
nat	2	1	1	0	0.999999
ant	2	0	244	0	1.000000
runners	0	1	1	0	0.999999
savage	0	1	1	0	0.999999
def	4	0	56	0	1.000000
hap	4	0	50	0	1.000000
rev	0	1	1	0	0.999999
interpret	0	0	3	0	1.000000
aoi	2	0	2	0	1.000000
hup	2	1	1	0	0.999999
center	0	0	41	0	1.000000
intrinsic	0	1	1	0	0.999999
chew	0	0	1	0	0.999999
practice	0	0	7	0	1.000000
that	0	1	25	0	1.000000
weber	0	1	1	0	0.999999
use	2	0	258	0	1.000000
football	0	1	4	0	1.000000
ebaumont	0	0	1	0	0.999999
tten	0	0	1	0	0.999999
wheeling	0	0	3	0	1.000000
iek	2	0	1	0	0.999999
forma	0	0	1	0	0.999999
cougar	0	1	2	0	1.000000
wikipedie	0	1	1	0	0.999999
axum	0	1	1	0	0.999999
outremont	0	1	2	0	1.000000
willful	0	0	1	0	0.999999
fah	4	1	1	0	0.999999
pit	4	0	4	0	1.000000
bienvenue	0	1	1	0	0.999999
argument	0	0	5	0	1.000000
travels	0	1	1	0	0.999999
talento	0	0	2	0	1.000000
sateite	0	0	1	0	0.999999
smithsonian	0	1	1	0	0.999999
publications	0	1	45	0	1.000000
bre	4	0	42	0	1.000000
vba	0	1	1	0	0.999999
singing	0	0	1	0	0.999999
bub	4	1	4	0	1.000000
claimant	0	1	1	0	0.999999
esa	4	1	1	0	0.999999
exquisite	0	0	2	0	1.000000
fox	4	1	1	0	0.999999
crazy	0	0	11	0	1.000000
automattic	0	0	1	0	0.999999
ja	3	0	54	0	1.000000
oks	4	1	1	0	0.999999
igs	2	1	12	0	1.000000
crape	0	0	1	0	0.999999
wak	2	0	2	0	1.000000
peculiar	0	0	1	0	0.999999
view	0	1	37	0	1.000000
bab	4	0	9	0	1.000000
cracks	0	1	2	0	1.000000
beyond	0	0	7	0	1.000000
nch	4	0	1	0	0.999999
swap	0	1	1	0	0.999999
paymestore	0	1	1	0	0.999999
informazioni	0	0	1	0	0.999999
shrieks	0	0	1	0	0.999999
mtv	2	1	1	0	0.999999
ver	4	0	189	0	1.000000
appropriate	0	0	5	0	1.000000
anglais	0	0	1	0	0.999999
nellottica	0	1	1	0	0.999999
jeffrey	0	1	1	0	0.999999
pod	2	0	1	0	0.999999
nut	4	0	5	0	1.000000
haf	2	0	1	0	0.999999
tu	1	1	1	0	0.999999
frontstage	0	0	1	0	0.999999
bid	2	1	1	0	0.999999
gow	4	0	2	0	1.000000
twoje	0	1	1	0	0.999999
warrant	0	0	1	0	0.999999
speeker	0	0	1	0	0.999999
podcasti	0	1	1	0	0.999999
tainter	0	1	1	0	0.999999
arp	2	1	1	0	0.999999
authorities	0	0	1	0	0.999999
mfp	4	0	1	0	0.999999
fiery	0	0	1	0	0.999999
aussies	0	1	1	0	0.999999
tto	2	0	8	0	1.000000
fitx	0	0	1	0	0.999999
prostitui	0	0	1	0	0.999999
osa	2	0	3	0	1.000000
shr	4	0	5	0	1.000000
deus	0	1	1	0	0.999999
consequential	0	1	5	0	1.000000
adelaide	0	1	1	0	0.999999
aca	4	1	6	0	1.000000
interview	0	0	3	0	1.000000
aso	2	0	2	0	1.000000
tip	4	0	11	0	1.000000
secrets	0	1	10	0	1.000000
administrations	0	0	2	0	1.000000
track	0	1	2	0	1.000000
ectopic	0	0	1	0	0.999999
algeria	0	1	1	0	0.999999
performsshould	0	0	1	0	0.999999
wim	4	1	1	0	0.999999
hel	4	0	97	0	1.000000
dat	4	1	37	0	1.000000
kie	0	0	1	0	0.999999
tpi	4	1	1	0	0.999999
pairs	0	0	2	0	1.000000
athris	0	1	1	0	0.999999
aos	2	0	4	0	1.000000
idv	4	0	1	0	0.999999
commencement	0	0	2	0	1.000000
caderas	0	0	1	0	0.999999
pur	4	1	12	0	1.000000
recent	0	0	9	0	1.000000
crabs	0	0	1	0	0.999999
diving	0	0	23	0	1.000000
nunca	0	0	2	0	1.000000
ctimai	0	0	1	0	0.999999
translation	0	1	1	0	0.999999
generously	0	0	1	0	0.999999
perilous	0	1	1	0	0.999999
ratio	0	0	2	0	1.000000
bbu	4	0	1	0	0.999999
wishes	0	0	5	0	1.000000
theatre	0	0	3	0	1.000000
henson	0	1	1	0	0.999999
gram	0	0	2	0	1.000000
dat	2	0	3	0	1.000000
ull	2	0	81	0	1.000000
frame	0	0	3	0	1.000000
rel	2	0	6	0	1.000000
po	1	0	6	0	1.000000
making	0	1	4	0	1.000000
hook	0	0	3	0	1.000000
bix	4	0	2	0	1.000000
nigeria	0	1	1	0	0.999999
ju	3	1	136	0	1.000000
carta	0	0	1	0	0.999999
righteagraonn	0	1	1	0	0.999999
pulate	0	0	1	0	0.999999
stumbes	0	0	1	0	0.999999
ancillary	0	1	1	0	0.999999
boh	4	1	2	0	1.000000
hyb	4	1	2	0	1.000000
crimson	0	0	1	0	0.999999
artjroscopic	0	0	1	0	0.999999
enjoying	0	0	6	0	1.000000
dista	0	1	2	0	1.000000
millon	0	1	2	0	1.000000
caif	0	1	1	0	0.999999
boston	0	0	3	0	1.000000
catalogue	0	1	1	0	0.999999
fit	4	1	22	0	1.000000
bro	2	0	1	0	0.999999
vor	4	0	1	0	0.999999
majorities	0	0	1	0	0.999999
insta	0	0	1	0	0.999999
rentals	0	1	3	0	1.000000
centro	0	1	1	0	0.999999
eas	4	1	24	0	1.000000
hob	4	1	2	0	1.000000
fo	1	0	22	0	1.000000
page	0	0	71	0	1.000000
eye	4	0	29	0	1.000000
osa	4	1	1	0	0.999999
investigations	0	1	1	0	0.999999
volatility	0	0	1	0	0.999999
cehnc	0	1	5	0	1.000000
rheumatologie	0	0	1	0	0.999999
commetaries	0	0	1	0	0.999999
prizeaus	0	1	1	0	0.999999
laura	0	1	2	0	1.000000
pe	3	0	644	0	1.000000
graphy	0	0	1	0	0.999999
legno	0	0	1	0	0.999999
creating	0	0	9	0	1.000000
indien	0	0	1	0	0.999999
fica	0	0	1	0	0.999999
grsen	0	0	1	0	0.999999
edina	0	1	1	0	0.999999
py	0	0	1	0	0.999999
issue	0	1	1	0	0.999999
trusted	0	1	1	0	0.999999
aie	4	0	1	0	0.999999
lindtveit	0	1	1	0	0.999999
tk	1	1	3	0	1.000000
ike	4	0	3	0	1.000000
trying	0	0	13	0	1.000000
tot	2	1	1	0	0.999999
colonial	0	0	1	0	0.999999
zed	4	1	1	0	0.999999
lub	4	1	2	0	1.000000
attic	0	0	1	0	0.999999
everybody	0	1	1	0	0.999999
rve	4	0	1	0	0.999999
rates	0	1	1	0	0.999999
configuring	0	0	1	0	0.999999
curtains	0	1	2	0	1.000000
reuben	0	1	1	0	0.999999
sig	0	0	5	0	1.000000
fabricante	0	0	2	0	1.000000
imm	4	0	26	0	1.000000
balita	0	0	4	0	1.000000
plastics	0	1	1	0	0.999999
navigate	0	0	3	0	1.000000
sgs	2	1	2	0	1.000000
rri	2	0	1	0	0.999999
toured	0	0	1	0	0.999999
wanna	0	1	2	0	1.000000
betterc	0	1	1	0	0.999999
cayothough	0	1	1	0	0.999999
sue	2	0	13	0	1.000000
ped	4	1	16	0	1.000000
oceanside	0	0	1	0	0.999999
mic	4	1	27	0	1.000000
bi	0	0	2	0	1.000000
stain	0	0	2	0	1.000000
kam	2	0	1	0	0.999999
zen	4	1	4	0	1.000000
bs	3	0	1	0	0.999999
andrew	0	1	2	0	1.000000
utd	2	0	2	0	1.000000
tto	2	1	3	0	1.000000
sao	2	0	1	0	0.999999
tissue	0	0	2	0	1.000000
tej	4	0	1	0	0.999999
phu	4	1	1	0	0.999999
mr	1	0	1	0	0.999999
tranjj	0	0	7	0	1.000000
commercials	0	0	1	0	0.999999
canyons	0	0	1	0	0.999999
aos	4	0	1	0	0.999999
lights	0	0	5	0	1.000000
multitude	0	0	2	0	1.000000
fed	4	0	12	0	1.000000
ild	2	1	28	0	1.000000
convertable	0	0	1	0	0.999999
alerts	0	0	3	0	1.000000
reference	0	0	5	0	1.000000
wowserverslist	0	1	1	0	0.999999
guideyour	0	1	1	0	0.999999
decorations	0	1	1	0	0.999999
bul	4	0	21	0	1.000000
uploading	0	0	1	0	0.999999
angeles	0	0	4	0	1.000000
onp	4	0	2	0	1.000000
origins	0	1	1	0	0.999999
tsina	0	1	1	0	0.999999
team	0	1	6	0	1.000000
vaue	0	0	1	0	0.999999
lor	2	0	19	0	1.000000
permanently	0	0	2	0	1.000000
jun	0	1	20	0	1.000000
ama	2	0	8	0	1.000000
lab	4	1	8	0	1.000000
pe	0	1	2	0	1.000000
submissiveness	0	0	1	0	0.999999
unt	0	0	3	0	1.000000
revolve	0	0	1	0	0.999999
ett	4	0	8	0	1.000000
fra	2	0	1	0	0.999999
culvert	0	1	1	0	0.999999
lab	2	1	2	0	1.000000
chd	2	0	1	0	0.999999
clave	0	0	1	0	0.999999
soldiers	0	0	1	0	0.999999
gga	2	1	1	0	0.999999
meat	0	0	1	0	0.999999
zy	1	0	28	0	1.000000
jud	4	1	3	0	1.000000
thissentence	0	0	1	0	0.999999
gabonmap	0	1	1	0	0.999999
hfu	2	0	1	0	0.999999
circumstance	0	1	1	0	0.999999
springfield	0	1	1	0	0.999999
ipt	2	0	10	0	1.000000
admission	0	0	2	0	1.000000
crd	4	1	1	0	0.999999
exp	4	0	242	0	1.000000
lantz	0	1	1	0	0.999999
pha	2	0	1	0	0.999999
tetons	0	0	1	0	0.999999
sou	4	0	99	0	1.000000
say	0	1	1	0	0.999999
depth	0	0	12	0	1.000000
eiu	2	1	2	0	1.000000
artistic	0	0	1	0	0.999999
wolphert	0	1	2	0	1.000000
belizeans	0	1	3	0	1.000000
nigermap	0	1	1	0	0.999999
khz	2	1	2	0	1.000000
senda	0	1	1	0	0.999999
born	0	0	5	0	1.000000
sao	2	1	4	0	1.000000
mobs	0	0	1	0	0.999999
btw	4	0	2	0	1.000000
establish	0	1	15	0	1.000000
ske	2	1	1	0	0.999999
woq	2	0	2	0	1.000000
bin	4	0	7	0	1.000000
catalyst	0	0	1	0	0.999999
comlog	0	1	5	0	1.000000
ike	2	0	214	0	1.000000
sea	0	1	36	0	1.000000
tell	0	0	21	0	1.000000
srr	4	0	1	0	0.999999
erl	2	1	1	0	0.999999
librarians	0	0	1	0	0.999999
litrocht	0	1	1	0	0.999999
acoustic	0	1	1	0	0.999999
utd	4	0	2	0	1.000000
barbara	0	0	4	0	1.000000
li	1	1	21	0	1.000000
catholic	0	1	1	0	0.999999
truck	0	0	13	0	1.000000
of	1	0	3700	0	1.000000
vs	2	1	2	0	1.000000
vin	4	1	7	0	1.000000
sea	4	0	127	0	1.000000
versions	0	0	2	0	1.000000
eeo	4	1	1	0	0.999999
iya	2	0	1	0	0.999999
apparatus	0	0	1	0	0.999999
swimsuit	0	0	2	0	1.000000
portrait	0	0	1	0	0.999999
result	0	1	2	0	1.000000
gach	0	0	2	0	1.000000
settlin	0	0	1	0	0.999999
meyers	0	0	1	0	0.999999
manufactured	0	0	1	0	0.999999
sensors	0	0	2	0	1.000000
alaskaopen	0	1	1	0	0.999999
gem	2	0	3	0	1.000000
vice	0	1	1	0	0.999999
py	1	1	17	0	1.000000
chalpenge	0	0	1	0	0.999999
acu	4	0	10	0	1.000000
idea	0	0	18	0	1.000000
pod	4	0	20	0	1.000000
pessoa	0	0	2	0	1.000000
highlights	0	0	3	0	1.000000
justified	0	0	3	0	1.000000
chronologically	0	0	1	0	0.999999
apr	0	0	1	0	0.999999
cable	0	0	2	0	1.000000
unt	2	0	63	0	1.000000
cak	4	0	4	0	1.000000
rafenna	0	0	1	0	0.999999
pti	2	0	2	0	1.000000
track	0	0	11	0	1.000000
escorts	0	0	1	0	0.999999
ber	2	0	128	0	1.000000
territorial	0	0	2	0	1.000000
compliance	0	1	1	0	0.999999
rap	4	1	7	0	1.000000
acetone	0	0	1	0	0.999999
kaviak	0	1	2	0	1.000000
julia	0	1	3	0	1.000000
far	0	1	2	0	1.000000
bal	0	0	1	0	0.999999
center	0	1	60	0	1.000000
rel	4	1	38	0	1.000000
cute	0	0	5	0	1.000000
batteries	0	0	1	0	0.999999
hol	0	1	3	0	1.000000
intrinsic	0	0	1	0	0.999999
transformed	0	0	1	0	0.999999
tyranny	0	0	2	0	1.000000
vs	1	1	5	0	1.000000
practice	0	1	7	0	1.000000
estates	0	0	1	0	0.999999
terminology	0	0	3	0	1.000000
lake	0	1	23	0	1.000000
eye	0	1	1	0	0.999999
tip	2	0	7	0	1.000000
ant	0	0	2	0	1.000000
fuaime	0	0	1	0	0.999999
fanaticism	0	0	1	0	0.999999
agency	0	1	8	0	1.000000
gn	3	0	3	0	1.000000
eks	2	0	27	0	1.000000
pon	4	0	1	0	0.999999
onp	4	1	22	0	1.000000
deste	0	0	2	0	1.000000
boutiques	0	1	2	0	1.000000
pra	4	1	17	0	1.000000
witch	0	0	4	0	1.000000
modified	0	0	5	0	1.000000
alexandria	0	1	1	0	0.999999
enrique	0	1	1	0	0.999999
doz	4	0	1	0	0.999999
nch	0	0	1	0	0.999999
oks	4	0	1	0	0.999999
yee	2	1	1	0	0.999999
bomba	0	0	1	0	0.999999
imgboard	0	0	1	0	0.999999
windowvar	0	0	1	0	0.999999
po	3	0	774	0	1.000000
vespa	0	1	1	0	0.999999
par	2	1	3	0	1.000000
slovo	0	0	1	0	0.999999
xunantunich	0	1	7	0	1.000000
badlands	0	0	1	0	0.999999
wacky	0	1	3	0	1.000000
phoenix	0	1	4	0	1.000000
corresponding	0	0	2	0	1.000000
advocate	0	0	1	0	0.999999
provision	0	0	1	0	0.999999
haf	2	1	1	0	0.999999
lbu	2	0	1	0	0.999999
booking	0	0	1	0	0.999999
butterflies	0	1	1	0	0.999999
location	0	0	41	0	1.000000
avait	0	0	1	0	0.999999
listeners	0	0	1	0	0.999999
bi	2	1	1	0	0.999999
raz	4	0	2	0	1.000000
position	0	0	19	0	1.000000
nfo	2	0	20	0	1.000000
speack	0	0	1	0	0.999999
claimant	0	0	1	0	0.999999
openstorage	0	1	1	0	0.999999
lab	0	0	1	0	0.999999
tml	2	1	12	0	1.000000
biscuit	0	1	1	0	0.999999
pill	0	1	1	0	0.999999
york	0	0	14	0	1.000000
zavorotnuk	0	1	1	0	0.999999
baltimore	0	1	2	0	1.000000
oxytocin	0	0	1	0	0.999999
ef	0	1	1	0	0.999999
eyed	0	1	3	0	1.000000
inexperienced	0	0	1	0	0.999999
array	0	1	5	0	1.000000
aca	4	0	16	0	1.000000
crire	0	0	1	0	0.999999
stations	0	0	1	0	0.999999
hw	1	0	1	0	0.999999
lds	2	0	21	0	1.000000
belizespecially	0	1	1	0	0.999999
sko	2	0	1	0	0.999999
danish	0	1	2	0	1.000000
slater	0	0	1	0	0.999999
rowell	0	1	1	0	0.999999
gn	1	1	102	0	1.000000
mmunicati	0	0	1	0	0.999999
bomber	0	1	1	0	0.999999
treks	0	0	2	0	1.000000
berger	0	0	1	0	0.999999
kes	0	0	2	0	1.000000
il	0	0	11	0	1.000000
desabafo	0	0	1	0	0.999999
dut	4	0	7	0	1.000000
sandwich	0	0	2	0	1.000000
euro	0	1	3	0	1.000000
creamy	0	0	1	0	0.999999
corrupting	0	0	5	0	1.000000
druids	0	1	1	0	0.999999
settlementsthe	0	1	1	0	0.999999
aaeb	0	0	1	0	0.999999
ja	0	0	1	0	0.999999
fon	4	0	10	0	1.000000
wic	4	0	1	0	0.999999
frame	0	1	1	0	0.999999
inform	0	0	1	0	0.999999
mutts	0	0	1	0	0.999999
experiences	0	0	4	0	1.000000
larkin	0	1	2	0	1.000000
cr	3	0	596	0	1.000000
warror	0	0	1	0	0.999999
hurtado	0	1	2	0	1.000000
color	0	1	1	0	0.999999
herbicide	0	0	1	0	0.999999
snowl	0	1	2	0	1.000000
wim	2	1	2	0	1.000000
yz	0	1	1	0	0.999999
previous	0	0	8	0	1.000000
mangrove	0	0	1	0	0.999999
khz	0	1	2	0	1.000000
vacation	0	0	7	0	1.000000
rle	2	0	2	0	1.000000
units	0	0	14	0	1.000000
parade	0	0	1	0	0.999999
toll	0	1	1	0	0.999999
po	3	1	456	0	1.000000
cheapest	0	0	3	0	1.000000
ott	4	1	11	0	1.000000
catalogue	0	0	2	0	1.000000
ez	1	0	8	0	1.000000
sinclair	0	1	7	0	1.000000
hhs	0	0	1	0	0.999999
liteon	0	1	1	0	0.999999
friendswelcome	0	1	4	0	1.000000
virginia	0	1	4	0	1.000000
ng	1	0	3521	0	1.000000
daiy	0	1	3	0	1.000000
ng	0	0	10	0	1.000000
say	4	1	2	0	1.000000
zon	4	0	5	0	1.000000
computer	0	0	29	0	1.000000
aspects	0	0	6	0	1.000000
eewire	0	1	1	0	0.999999
rims	0	0	2	0	1.000000
awakening	0	0	2	0	1.000000
continuous	0	0	3	0	1.000000
adio	0	0	2	0	1.000000
inventor	0	1	2	0	1.000000
aie	0	0	1	0	0.999999
exporter	0	1	1	0	0.999999
ytj	2	0	1	0	0.999999
ver	0	0	11	0	1.000000
voices	0	1	1	0	0.999999
johnnie	0	1	2	0	1.000000
latvia	0	1	1	0	0.999999
jordz	0	1	2	0	1.000000
nze	2	0	2	0	1.000000
rrs	4	0	2	0	1.000000
say	2	1	3	0	1.000000
bor	4	0	102	0	1.000000
bhon	0	0	1	0	0.999999
others	0	1	19	0	1.000000
astoria	0	1	1	0	0.999999
q	0	0	4	0	1.000000
cim	4	0	1	0	0.999999
pen	2	1	9	0	1.000000
dazhao	0	1	1	0	0.999999
zen	2	1	2	0	1.000000
mercury	0	0	2	0	1.000000
reaches	0	0	1	0	0.999999
infantry	0	1	1	0	0.999999
plastics	0	0	1	0	0.999999
rates	0	0	4	0	1.000000
herevar	0	0	1	0	0.999999
deaer	0	1	2	0	1.000000
rve	2	1	6	0	1.000000
rap	0	0	5	0	1.000000
zed	2	0	59	0	1.000000
fts	2	1	13	0	1.000000
caps	0	1	1	0	0.999999
vendors	0	0	1	0	0.999999
capitals	0	0	1	0	0.999999
nearby	0	0	5	0	1.000000
mic	4	0	8	0	1.000000
generally	0	0	7	0	1.000000
splits	0	0	1	0	0.999999
cr	1	1	12	0	1.000000
linn	0	1	1	0	0.999999
performances	0	0	1	0	0.999999
orphans	0	0	1	0	0.999999
mr	1	1	6	0	1.000000
enquiry	0	0	1	0	0.999999
ibang	0	0	1	0	0.999999
bald	0	0	1	0	0.999999
citiizen	0	0	1	0	0.999999
revamping	0	0	1	0	0.999999
ju	1	1	1	0	0.999999
pufnstuf	0	1	1	0	0.999999
workwith	0	0	1	0	0.999999
besides	0	1	3	0	1.000000
writer	0	0	4	0	1.000000
tests	0	0	3	0	1.000000
sao	0	0	1	0	0.999999
organized	0	0	7	0	1.000000
ta	1	1	103	0	1.000000
departments	0	1	3	0	1.000000
lights	0	1	3	0	1.000000
este	0	1	2	0	1.000000
victorian	0	1	2	0	1.000000
reference	0	1	8	0	1.000000
swenson	0	1	1	0	0.999999
wallet	0	0	1	0	0.999999
bal	2	1	29	0	1.000000
propeller	0	1	1	0	0.999999
titans	0	1	1	0	0.999999
shopyou	0	1	1	0	0.999999
preload	0	0	1	0	0.999999
mayhem	0	0	1	0	0.999999
snapper	0	1	3	0	1.000000
privatizations	0	0	2	0	1.000000
false	0	0	7	0	1.000000
thrice	0	0	1	0	0.999999
mim	4	0	4	0	1.000000
bul	2	1	3	0	1.000000
pertaining	0	0	1	0	0.999999
moskvy	0	1	1	0	0.999999
cris	0	0	2	0	1.000000
odf	4	0	1	0	0.999999
onetime	0	0	2	0	1.000000
ovedland	0	0	1	0	0.999999
teenage	0	0	5	0	1.000000
filters	0	0	1	0	0.999999
krause	0	0	1	0	0.999999
pharmaceutical	0	0	1	0	0.999999
ironforge	0	0	1	0	0.999999
jad	2	1	1	0	0.999999
wim	2	0	6	0	1.000000
ensuing	0	0	1	0	0.999999
shared	0	1	2	0	1.000000
ett	2	1	16	0	1.000000
vs	3	0	1	0	0.999999
suffer	0	0	3	0	1.000000
bor	2	1	4	0	1.000000
cyber	0	1	1	0	0.999999
stork	0	0	2	0	1.000000
railway	0	0	2	0	1.000000
mpensate	0	0	1	0	0.999999
clever	0	0	2	0	1.000000
ipt	2	1	76	0	1.000000
jud	4	0	8	0	1.000000
truck	0	1	26	0	1.000000
halperin	0	1	1	0	0.999999
lin	0	0	1	0	0.999999
pts	2	1	53	0	1.000000
ongoing	0	0	3	0	1.000000
caleb	0	1	1	0	0.999999
rob	4	0	4	0	1.000000
beka	0	1	1	0	0.999999
tsz	2	1	1	0	0.999999
wanna	0	0	21	0	1.000000
datetime	0	0	1	0	0.999999
founded	0	0	4	0	1.000000
palestinians	0	1	2	0	1.000000
martinus	0	1	1	0	0.999999
mapsset	0	1	1	0	0.999999
uio	2	0	1	0	0.999999
retaining	0	1	2	0	1.000000
silva	0	1	5	0	1.000000
artistic	0	1	1	0	0.999999
uma	4	0	9	0	1.000000
py	3	0	14	0	1.000000
hol	2	1	7	0	1.000000
mounting	0	0	1	0	0.999999
unwilling	0	0	2	0	1.000000
lyr	4	1	1	0	0.999999
blu	4	0	27	0	1.000000
g	0	1	41	0	1.000000
ike	2	1	29	0	1.000000
sky	2	0	9	0	1.000000
mahaffey	0	1	1	0	0.999999
idvote	0	0	1	0	0.999999
stammer	0	0	1	0	0.999999
earts	0	1	1	0	0.999999
possible	0	0	26	0	1.000000
bugs	0	0	3	0	1.000000
sune	0	1	1	0	0.999999
prizescan	0	1	1	0	0.999999
litrocht	0	0	1	0	0.999999
rdw	4	0	1	0	0.999999
dieu	0	0	1	0	0.999999
vid	2	0	3	0	1.000000
haas	0	0	1	0	0.999999
cheesy	0	0	3	0	1.000000
cartridge	0	1	1	0	0.999999
finally	0	0	14	0	1.000000
advantage	0	0	3	0	1.000000
wwi	4	0	1	0	0.999999
oia	2	1	1	0	0.999999
sea	4	1	91	0	1.000000
martyr	0	0	1	0	0.999999
ler	2	0	49	0	1.000000
jotting	0	0	1	0	0.999999
memphis	0	1	1	0	0.999999
library	0	0	65	0	1.000000
seconds	0	0	7	0	1.000000
listfox	0	1	1	0	0.999999
videostreaming	0	0	2	0	1.000000
iv	1	1	3	0	1.000000
fit	0	0	9	0	1.000000
sgs	4	1	1	0	0.999999
principally	0	0	1	0	0.999999
cabanas	0	0	2	0	1.000000
villagers	0	0	1	0	0.999999
generate	0	0	10	0	1.000000
unfolded	0	0	1	0	0.999999
xylophones	0	0	1	0	0.999999
ronnie	0	0	1	0	0.999999
penis	0	1	1	0	0.999999
aos	0	0	1	0	0.999999
morales	0	1	1	0	0.999999
troops	0	0	3	0	1.000000
soa	2	0	2	0	1.000000
pod	4	1	6	0	1.000000
charges	0	0	2	0	1.000000
netreturn	0	0	1	0	0.999999
fen	4	0	13	0	1.000000
lal	4	1	1	0	0.999999
ch	2	1	3	0	1.000000
eas	4	0	86	0	1.000000
cak	4	1	1	0	0.999999
object	0	0	2	0	1.000000
hdc	2	1	7	0	1.000000
primarily	0	0	3	0	1.000000
dat	0	0	2	0	1.000000
pji	4	1	1	0	0.999999
sparkling	0	0	1	0	0.999999
pon	2	1	34	0	1.000000
wyg	2	0	2	0	1.000000
ta	3	1	84	0	1.000000
bbu	2	1	1	0	0.999999
usts	0	1	1	0	0.999999
ut	1	1	152	0	1.000000
vapour	0	0	1	0	0.999999
craigspist	0	0	1	0	0.999999
kosciusko	0	0	1	0	0.999999
kist	0	0	1	0	0.999999
population	0	0	28	0	1.000000
context	0	0	1	0	0.999999
magellan	0	1	1	0	0.999999
sao	0	1	4	0	1.000000
gunsaules	0	1	1	0	0.999999
zoological	0	0	1	0	0.999999
estoura	0	0	1	0	0.999999
say	0	0	30	0	1.000000
estates	0	1	1	0	0.999999
heaben	0	1	1	0	0.999999
dg	1	1	1	0	0.999999
uei	2	0	1	0	0.999999
receiver	0	0	1	0	0.999999
mmi	4	0	3	0	1.000000
hov	4	0	15	0	1.000000
ep	2	1	3	0	1.000000
of	3	1	89	0	1.000000
ng	3	0	23	0	1.000000
adjust	0	1	2	0	1.000000
hm	1	0	1	0	0.999999
either	0	0	22	0	1.000000
ack	2	1	79	0	1.000000
gn	3	1	1	0	0.999999
fur	2	0	3	0	1.000000
div	2	0	1	0	0.999999
sea	2	1	38	0	1.000000
exciting	0	0	7	0	1.000000
amylove	0	0	1	0	0.999999
fox	2	1	5	0	1.000000
johnson	0	1	6	0	1.000000
dentist	0	0	1	0	0.999999
myg	4	1	1	0	0.999999
boutiques	0	0	1	0	0.999999
crelly	0	1	1	0	0.999999
paws	0	0	1	0	0.999999
eeo	2	1	1	0	0.999999
ze	1	0	96	0	1.000000
descriptor	0	0	1	0	0.999999
btw	0	0	2	0	1.000000
inventions	0	1	1	0	0.999999
blame	0	0	1	0	0.999999
bi	1	1	3	0	1.000000
wr	0	0	1	0	0.999999
hydraulic	0	0	2	0	1.000000
inquired	0	0	1	0	0.999999
pen	4	0	21	0	1.000000
gow	2	1	6	0	1.000000
partnerships	0	0	1	0	0.999999
amu	4	0	5	0	1.000000
maa	4	1	1	0	0.999999
wms	2	0	1	0	0.999999
contenuti	0	0	1	0	0.999999
billerica	0	1	1	0	0.999999
trademark	0	0	1	0	0.999999
bi	2	0	2	0	1.000000
monologue	0	0	1	0	0.999999
tickets	0	1	4	0	1.000000
aman	0	0	1	0	0.999999
wwi	4	1	1	0	0.999999
promoting	0	0	6	0	1.000000
reusable	0	0	1	0	0.999999
publishes	0	0	1	0	0.999999
suffice	0	0	1	0	0.999999
tax	4	0	13	0	1.000000
auc	4	1	2	0	1.000000
deas	0	1	1	0	0.999999
arthroscopic	0	1	6	0	1.000000
ver	4	1	29	0	1.000000
nobodyll	0	0	1	0	0.999999
webs	0	0	1	0	0.999999
aggregated	0	0	1	0	0.999999
deliberate	0	0	2	0	1.000000
agentlik	0	1	1	0	0.999999
falam	0	0	1	0	0.999999
urf	2	0	1	0	0.999999
wh	2	0	7	0	1.000000
uum	2	0	1	0	0.999999
