soundex	0	1	2	0	1.000000
dt	1	1	5	0	1.000000
ect	2	1	45	0	1.000000
big	2	1	19	0	1.000000
whitens	0	1	1	0	0.999999
ino	4	0	1	0	0.999999
thunder	0	0	1	0	0.999999
prompt	0	0	19	0	1.000000
cpi	4	0	1	0	0.999999
wiz	4	0	4	0	1.000000
revised	0	0	3	0	1.000000
boa	4	0	47	0	1.000000
unwanted	0	0	8	0	1.000000
opponents	0	0	2	0	1.000000
addison	0	1	1	0	0.999999
personalinformation	0	0	2	0	1.000000
jasoer	0	0	1	0	0.999999
fashion	0	0	8	0	1.000000
lay	0	1	1	0	0.999999
crack	0	0	4	0	1.000000
ations	0	0	2	0	1.000000
merzig	0	1	1	0	0.999999
glasgowcollection	0	1	1	0	0.999999
fr	3	1	304	0	1.000000
mto	2	0	1	0	0.999999
administrators	0	0	1	0	0.999999
xt	2	1	1	0	0.999999
ale	4	0	14	0	1.000000
fuk	4	0	1	0	0.999999
yla	2	1	1	0	0.999999
pvt	0	1	1	0	0.999999
bigger	0	1	1	0	0.999999
leveraging	0	0	1	0	0.999999
change	0	0	92	0	1.000000
flickrcentral	0	1	1	0	0.999999
coniglio	0	0	1	0	0.999999
xerox	0	1	1	0	0.999999
die	0	0	9	0	1.000000
sy	1	0	62	0	1.000000
upper	0	0	3	0	1.000000
sti	2	1	4	0	1.000000
aspire	0	1	2	0	1.000000
discussion	0	0	6	0	1.000000
shell	0	0	3	0	1.000000
szm	2	0	1	0	0.999999
gardener	0	0	1	0	0.999999
upvc	0	1	4	0	1.000000
aims	0	1	1	0	0.999999
uve	2	0	7	0	1.000000
son	4	0	48	0	1.000000
loa	2	1	1	0	0.999999
allofficial	0	0	1	0	0.999999
charset	0	0	1	0	0.999999
conomie	0	0	1	0	0.999999
dispute	0	0	2	0	1.000000
nes	4	1	2	0	1.000000
ein	4	0	2	0	1.000000
sega	0	1	2	0	1.000000
vulnerable	0	0	1	0	0.999999
stems	0	0	1	0	0.999999
crusades	0	1	1	0	0.999999
ras	2	0	15	0	1.000000
tx	2	0	2	0	1.000000
cu	1	0	3	0	1.000000
amended	0	0	2	0	1.000000
famiies	0	0	1	0	0.999999
shutting	0	0	1	0	0.999999
gallantries	0	0	1	0	0.999999
dialect	0	0	2	0	1.000000
respite	0	0	1	0	0.999999
yi	3	1	3	0	1.000000
umd	2	1	1	0	0.999999
realistic	0	0	1	0	0.999999
ma	0	1	6	0	1.000000
greatness	0	1	1	0	0.999999
obliged	0	0	4	0	1.000000
doro	0	0	1	0	0.999999
saturdays	0	1	4	0	1.000000
varmadisclaimer	0	1	1	0	0.999999
rainbow	0	0	4	0	1.000000
roses	0	1	4	0	1.000000
des	0	0	12	0	1.000000
salt	0	0	1	0	0.999999
craigsliist	0	0	1	0	0.999999
died	0	1	2	0	1.000000
reversed	0	0	1	0	0.999999
father	0	1	5	0	1.000000
ma	1	1	30	0	1.000000
lethal	0	0	1	0	0.999999
zim	4	1	2	0	1.000000
noi	4	0	10	0	1.000000
hereafter	0	0	1	0	0.999999
oor	2	0	58	0	1.000000
biannual	0	0	1	0	0.999999
anglers	0	0	6	0	1.000000
hf	2	1	2	0	1.000000
vantage	0	0	1	0	0.999999
abrupt	0	1	1	0	0.999999
tail	0	1	2	0	1.000000
kidding	0	0	1	0	0.999999
lvd	2	1	2	0	1.000000
signon	0	1	4	0	1.000000
washington	0	1	4	0	1.000000
duties	0	0	2	0	1.000000
corals	0	0	2	0	1.000000
quotidiennes	0	0	1	0	0.999999
ion	4	1	1	0	0.999999
cbc	4	1	1	0	0.999999
wet	0	0	4	0	1.000000
euroclear	0	1	1	0	0.999999
signed	0	0	6	0	1.000000
dys	4	1	1	0	0.999999
flash	0	0	7	0	1.000000
oi	1	0	15	0	1.000000
hiking	0	0	2	0	1.000000
aaf	4	0	1	0	0.999999
wan	4	0	131	0	1.000000
idy	2	0	3	0	1.000000
doi	4	1	1	0	0.999999
gsl	2	0	1	0	0.999999
telecommunication	0	0	1	0	0.999999
km	1	0	2	0	1.000000
expresscard	0	0	1	0	0.999999
bundle	0	1	4	0	1.000000
belle	0	0	4	0	1.000000
gli	4	0	5	0	1.000000
submission	0	1	1	0	0.999999
tindi	0	1	2	0	1.000000
ie	1	1	89	0	1.000000
pic	0	0	15	0	1.000000
tape	0	1	1	0	0.999999
definiti	0	0	2	0	1.000000
fic	2	1	9	0	1.000000
ostensible	0	0	1	0	0.999999
equal	0	1	3	0	1.000000
truly	0	0	10	0	1.000000
ide	4	0	83	0	1.000000
endeavor	0	0	1	0	0.999999
sex	4	0	30	0	1.000000
coquetry	0	0	1	0	0.999999
assesor	0	0	1	0	0.999999
sen	2	0	16	0	1.000000
xinchang	0	1	1	0	0.999999
initialization	0	0	1	0	0.999999
runs	0	1	2	0	1.000000
palm	0	0	2	0	1.000000
abounds	0	0	1	0	0.999999
xie	2	1	5	0	1.000000
nes	2	0	95	0	1.000000
se	3	1	522	0	1.000000
terns	0	0	3	0	1.000000
aibris	0	1	1	0	0.999999
peg	4	1	2	0	1.000000
forensics	0	0	1	0	0.999999
oix	2	0	1	0	0.999999
northern	0	1	10	0	1.000000
hus	2	1	1	0	0.999999
destruction	0	0	7	0	1.000000
die	2	0	12	0	1.000000
two	0	0	83	0	1.000000
wa	2	1	1	0	0.999999
towards	0	1	1	0	0.999999
chaos	0	1	1	0	0.999999
extent	0	0	4	0	1.000000
son	0	0	8	0	1.000000
bamas	0	0	1	0	0.999999
becomeslocked	0	0	1	0	0.999999
institution	0	0	2	0	1.000000
naw	2	1	1	0	0.999999
viewsset	0	1	1	0	0.999999
kly	2	1	1	0	0.999999
oro	2	0	1	0	0.999999
wiiware	0	1	1	0	0.999999
hia	2	1	1	0	0.999999
broncos	0	0	1	0	0.999999
ari	4	1	10	0	1.000000
nam	0	1	2	0	1.000000
declined	0	0	1	0	0.999999
mk	1	1	3	0	1.000000
craigslisg	0	0	1	0	0.999999
big	4	0	23	0	1.000000
mythic	0	0	1	0	0.999999
tracie	0	1	1	0	0.999999
hubcaps	0	0	1	0	0.999999
hz	1	1	3	0	1.000000
phantoms	0	0	1	0	0.999999
uzk	2	1	1	0	0.999999
dfr	4	1	2	0	1.000000
hey	2	1	36	0	1.000000
moderation	0	0	1	0	0.999999
mkn	2	0	1	0	0.999999
ebu	4	0	1	0	0.999999
fireflyred	0	0	1	0	0.999999
threatened	0	0	6	0	1.000000
nys	4	0	1	0	0.999999
its	0	0	134	0	1.000000
buon	0	0	1	0	0.999999
aw	1	0	52	0	1.000000
rye	4	1	2	0	1.000000
ac	1	1	29	0	1.000000
alternator	0	0	1	0	0.999999
ino	2	0	36	0	1.000000
condemning	0	0	1	0	0.999999
permitted	0	0	3	0	1.000000
etc	4	0	24	0	1.000000
gpo	4	1	1	0	0.999999
lodging	0	0	2	0	1.000000
education	0	0	18	0	1.000000
hobbies	0	1	1	0	0.999999
ect	4	0	2	0	1.000000
minelab	0	0	1	0	0.999999
gta	4	0	3	0	1.000000
already	0	0	21	0	1.000000
buick	0	1	1	0	0.999999
aol	0	0	1	0	0.999999
nt	3	1	1	0	0.999999
toc	4	0	1	0	0.999999
luttatori	0	1	1	0	0.999999
accessing	0	0	1	0	0.999999
three	0	0	49	0	1.000000
hus	4	0	6	0	1.000000
deposwarc	0	1	1	0	0.999999
hp	2	1	15	0	1.000000
km	0	1	1	0	0.999999
checklist	0	0	4	0	1.000000
io	3	1	1	0	0.999999
theycollect	0	0	1	0	0.999999
xt	1	0	75	0	1.000000
max	0	1	4	0	1.000000
afternoon	0	0	3	0	1.000000
bound	0	0	4	0	1.000000
ero	4	0	5	0	1.000000
itunes	0	1	4	0	1.000000
motherboards	0	0	1	0	0.999999
lmc	0	1	1	0	0.999999
boa	2	0	2	0	1.000000
ein	2	1	7	0	1.000000
hour	0	1	3	0	1.000000
fringing	0	0	1	0	0.999999
toilets	0	0	1	0	0.999999
iru	2	1	2	0	1.000000
mk	2	1	2	0	1.000000
mud	4	0	1	0	0.999999
intuos	0	1	1	0	0.999999
interviews	0	1	1	0	0.999999
bue	4	1	4	0	1.000000
nos	2	0	15	0	1.000000
releasec	0	1	1	0	0.999999
considered	0	1	1	0	0.999999
lhr	2	1	1	0	0.999999
dio	2	1	29	0	1.000000
am	2	0	65	0	1.000000
abe	2	0	10	0	1.000000
accessible	0	0	16	0	1.000000
pitiable	0	0	1	0	0.999999
faux	0	0	2	0	1.000000
kri	4	1	6	0	1.000000
lovve	0	0	1	0	0.999999
transportation	0	1	4	0	1.000000
village	0	1	12	0	1.000000
mischief	0	0	1	0	0.999999
guys	0	1	1	0	0.999999
woods	0	1	2	0	1.000000
craigslisst	0	0	1	0	0.999999
likes	0	0	3	0	1.000000
rearranging	0	0	2	0	1.000000
sar	0	0	1	0	0.999999
twe	4	1	1	0	0.999999
aza	2	0	2	0	1.000000
filled	0	0	8	0	1.000000
high	0	1	25	0	1.000000
ends	0	0	6	0	1.000000
fitness	0	1	6	0	1.000000
passent	0	0	1	0	0.999999
um	0	1	2	0	1.000000
ari	2	1	3	0	1.000000
pog	4	0	1	0	0.999999
hood	0	1	1	0	0.999999
ancient	0	0	20	0	1.000000
parades	0	0	1	0	0.999999
ottica	0	1	7	0	1.000000
network	0	0	14	0	1.000000
maritime	0	1	2	0	1.000000
bl	1	0	1	0	0.999999
hee	2	0	1	0	0.999999
aly	2	1	15	0	1.000000
listens	0	0	1	0	0.999999
tis	4	1	1	0	0.999999
pervert	0	0	1	0	0.999999
td	1	1	4	0	1.000000
magical	0	0	2	0	1.000000
geography	0	1	5	0	1.000000
genial	0	0	1	0	0.999999
asterisk	0	0	4	0	1.000000
exercised	0	0	1	0	0.999999
cot	4	0	5	0	1.000000
wadman	0	1	1	0	0.999999
stumble	0	0	2	0	1.000000
capture	0	0	4	0	1.000000
qib	4	1	1	0	0.999999
hp	2	0	11	0	1.000000
kol	2	0	3	0	1.000000
fim	4	0	2	0	1.000000
northwest	0	1	2	0	1.000000
hynen	0	0	1	0	0.999999
minki	0	1	1	0	0.999999
swords	0	0	1	0	0.999999
kap	4	0	1	0	0.999999
items	0	0	21	0	1.000000
reproves	0	0	1	0	0.999999
bikes	0	0	4	0	1.000000
torrent	0	0	3	0	1.000000
expert	0	1	5	0	1.000000
arthroscopy	0	0	1	0	0.999999
liquidity	0	1	22	0	1.000000
abo	2	1	1	0	0.999999
circumstances	0	0	2	0	1.000000
cazino	0	0	1	0	0.999999
ere	2	1	141	0	1.000000
ironically	0	1	1	0	0.999999
sunset	0	0	3	0	1.000000
droolers	0	0	1	0	0.999999
tichborne	0	1	1	0	0.999999
gta	2	0	3	0	1.000000
tried	0	0	7	0	1.000000
conventions	0	0	3	0	1.000000
jew	4	1	3	0	1.000000
discovery	0	0	6	0	1.000000
oct	4	1	46	0	1.000000
currently	0	1	5	0	1.000000
gil	2	1	1	0	0.999999
naming	0	1	1	0	0.999999
privatization	0	0	1	0	0.999999
sanctuaryprovides	0	0	1	0	0.999999
max	4	0	22	0	1.000000
tn	1	1	4	0	1.000000
sde	2	1	1	0	0.999999
espero	0	1	1	0	0.999999
tem	0	0	8	0	1.000000
leveldelivery	0	1	1	0	0.999999
cemetarystann	0	1	1	0	0.999999
yer	2	1	32	0	1.000000
wheelchair	0	0	2	0	1.000000
twe	4	0	13	0	1.000000
temash	0	1	1	0	0.999999
portland	0	1	2	0	1.000000
determines	0	0	1	0	0.999999
aramaic	0	1	1	0	0.999999
ube	4	0	3	0	1.000000
coughing	0	1	3	0	1.000000
bb	0	0	1	0	0.999999
instruction	0	1	1	0	0.999999
kaz	4	1	1	0	0.999999
mallory	0	1	1	0	0.999999
matters	0	0	5	0	1.000000
tsi	2	1	1	0	0.999999
hanging	0	1	1	0	0.999999
daw	4	0	3	0	1.000000
hey	4	1	1	0	0.999999
bl	0	1	1	0	0.999999
oin	2	1	4	0	1.000000
cruising	0	0	4	0	1.000000
boa	4	1	154	0	1.000000
mais	0	1	3	0	1.000000
kriger	0	1	1	0	0.999999
ysx	2	0	1	0	0.999999
awn	4	0	1	0	0.999999
grandeur	0	0	1	0	0.999999
can	4	1	61	0	1.000000
fr	0	0	17	0	1.000000
pendant	0	0	1	0	0.999999
rey	2	0	7	0	1.000000
nt	0	1	1	0	0.999999
together	0	0	15	0	1.000000
pau	4	1	16	0	1.000000
hyjal	0	1	1	0	0.999999
mkx	0	0	2	0	1.000000
secti	0	0	1	0	0.999999
ect	2	0	212	0	1.000000
picturewe	0	1	1	0	0.999999
os	2	1	2	0	1.000000
snorkeling	0	0	17	0	1.000000
visible	0	0	16	0	1.000000
umd	4	1	1	0	0.999999
ei	0	1	1	0	0.999999
rode	0	0	2	0	1.000000
ino	4	1	16	0	1.000000
lay	0	0	6	0	1.000000
seasonality	0	1	2	0	1.000000
pr	0	0	23	0	1.000000
premier	0	1	2	0	1.000000
damn	0	0	2	0	1.000000
high	0	0	34	0	1.000000
yal	2	0	3	0	1.000000
fashion	0	1	1	0	0.999999
brother	0	1	2	0	1.000000
obscurity	0	0	1	0	0.999999
audiobooks	0	0	1	0	0.999999
wecan	0	0	1	0	0.999999
apreco	0	0	1	0	0.999999
centers	0	0	12	0	1.000000
dt	3	1	1	0	0.999999
ndt	4	0	2	0	1.000000
wyman	0	0	1	0	0.999999
rp	0	0	1	0	0.999999
change	0	1	47	0	1.000000
chairperson	0	0	6	0	1.000000
bigger	0	0	2	0	1.000000
apologize	0	0	1	0	0.999999
am	3	1	117	0	1.000000
fright	0	0	1	0	0.999999
fighters	0	0	1	0	0.999999
sy	1	1	5	0	1.000000
williamstown	0	1	1	0	0.999999
iny	2	0	13	0	1.000000
beijing	0	1	6	0	1.000000
ist	2	1	91	0	1.000000
yusof	0	1	1	0	0.999999
basket	0	0	1	0	0.999999
meteorological	0	0	1	0	0.999999
shell	0	1	2	0	1.000000
ages	0	0	4	0	1.000000
from	0	1	26	0	1.000000
citytel	0	1	1	0	0.999999
general	0	0	45	0	1.000000
dso	0	1	1	0	0.999999
lugubre	0	0	1	0	0.999999
iy	1	1	9	0	1.000000
wa	1	0	11	0	1.000000
pua	2	0	1	0	0.999999
oba	4	0	5	0	1.000000
karl	0	1	2	0	1.000000
ion	2	1	599	0	1.000000
wk	3	0	1	0	0.999999
cu	0	0	1	0	0.999999
sugar	0	1	1	0	0.999999
ola	2	0	2	0	1.000000
pattern	0	0	1	0	0.999999
entertain	0	0	1	0	0.999999
wmv	2	0	1	0	0.999999
duc	4	1	5	0	1.000000
ll	3	0	4	0	1.000000
wargame	0	0	2	0	1.000000
tidal	0	0	1	0	0.999999
yal	2	1	2	0	1.000000
blew	0	1	1	0	0.999999
ys	1	0	213	0	1.000000
chat	0	1	5	0	1.000000
nei	4	0	14	0	1.000000
cu	3	1	96	0	1.000000
zenegra	0	1	2	0	1.000000
slides	0	0	1	0	0.999999
kvy	2	1	1	0	0.999999
ofg	4	1	1	0	0.999999
tutto	0	0	1	0	0.999999
zhang	0	1	1	0	0.999999
mainland	0	0	13	0	1.000000
rear	0	1	1	0	0.999999
charting	0	1	1	0	0.999999
dei	4	0	5	0	1.000000
rey	4	1	3	0	1.000000
has	4	0	257	0	1.000000
father	0	0	6	0	1.000000
syvia	0	1	1	0	0.999999
shitim	0	1	6	0	1.000000
mongolian	0	1	1	0	0.999999
fungicide	0	0	1	0	0.999999
drinking	0	1	1	0	0.999999
ijs	2	0	2	0	1.000000
gut	2	1	1	0	0.999999
hoe	2	0	5	0	1.000000
tme	2	1	1	0	0.999999
sabato	0	0	1	0	0.999999
awn	2	0	5	0	1.000000
midget	0	1	1	0	0.999999
network	0	1	20	0	1.000000
totaling	0	0	3	0	1.000000
casi	0	1	1	0	0.999999
sno	2	1	7	0	1.000000
aw	3	0	67	0	1.000000
plcad	0	1	2	0	1.000000
stately	0	0	1	0	0.999999
closed	0	0	5	0	1.000000
regards	0	0	2	0	1.000000
belle	0	1	2	0	1.000000
newspapers	0	1	2	0	1.000000
bl	2	1	1	0	0.999999
races	0	1	1	0	0.999999
schnauzers	0	1	1	0	0.999999
chiquibulrain	0	1	1	0	0.999999
routine	0	0	1	0	0.999999
fog	2	1	11	0	1.000000
because	0	1	17	0	1.000000
estabished	0	0	1	0	0.999999
mistress	0	0	1	0	0.999999
mda	4	0	1	0	0.999999
mna	2	0	1	0	0.999999
navigators	0	1	1	0	0.999999
edi	4	1	18	0	1.000000
reserve	0	0	6	0	1.000000
ide	2	1	111	0	1.000000
btf	2	0	1	0	0.999999
atop	0	0	3	0	1.000000
se	3	0	1304	0	1.000000
deployed	0	0	1	0	0.999999
chrysler	0	1	1	0	0.999999
lv	0	1	3	0	1.000000
runs	0	0	9	0	1.000000
dossiers	0	0	1	0	0.999999
ck	1	1	267	0	1.000000
stunning	0	0	1	0	0.999999
alderman	0	1	1	0	0.999999
ido	2	0	7	0	1.000000
bay	2	0	9	0	1.000000
northern	0	0	6	0	1.000000
integration	0	0	2	0	1.000000
internist	0	0	1	0	0.999999
chaos	0	0	3	0	1.000000
ave	0	1	1	0	0.999999
county	0	1	60	0	1.000000
life	0	0	83	0	1.000000
two	0	1	14	0	1.000000
works	0	1	12	0	1.000000
ltz	4	1	2	0	1.000000
veterans	0	1	1	0	0.999999
jis	2	1	1	0	0.999999
hia	2	0	1	0	0.999999
oid	2	0	18	0	1.000000
bicycam	0	1	2	0	1.000000
es	0	1	2	0	1.000000
oro	2	1	1	0	0.999999
max	2	0	11	0	1.000000
kiwi	0	0	2	0	1.000000
num	0	0	1	0	0.999999
device	0	0	1	0	0.999999
ving	0	0	2	0	1.000000
huner	0	1	2	0	1.000000
lead	0	0	8	0	1.000000
tom	4	1	17	0	1.000000
os	3	0	6	0	1.000000
jabirus	0	1	1	0	0.999999
hey	2	0	183	0	1.000000
bologna	0	1	1	0	0.999999
cutting	0	1	1	0	0.999999
liver	0	0	1	0	0.999999
graduating	0	0	2	0	1.000000
ens	2	0	38	0	1.000000
odds	0	0	1	0	0.999999
ac	0	1	1	0	0.999999
customizations	0	1	2	0	1.000000
hoverclass	0	1	14	0	1.000000
sexsearch	0	1	1	0	0.999999
atmosphere	0	0	1	0	0.999999
several	0	0	34	0	1.000000
rtabe	0	0	2	0	1.000000
rede	0	0	1	0	0.999999
tavi	0	1	4	0	1.000000
pessoas	0	0	2	0	1.000000
fgen	0	0	1	0	0.999999
denver	0	0	5	0	1.000000
tunnel	0	0	1	0	0.999999
tool	0	1	1	0	0.999999
abe	4	0	1	0	0.999999
cydesdae	0	1	1	0	0.999999
punitive	0	0	5	0	1.000000
sit	2	0	50	0	1.000000
exceence	0	1	1	0	0.999999
gothamist	0	1	1	0	0.999999
fua	4	0	2	0	1.000000
dialog	0	0	7	0	1.000000
buy	2	0	25	0	1.000000
userpat	0	1	1	0	0.999999
decided	0	0	10	0	1.000000
nac	4	0	1	0	0.999999
receivers	0	0	1	0	0.999999
cushions	0	0	1	0	0.999999
tennessee	0	1	2	0	1.000000
najlepszy	0	0	1	0	0.999999
likes	0	1	14	0	1.000000
man	0	0	29	0	1.000000
grievance	0	1	1	0	0.999999
organised	0	0	5	0	1.000000
so	2	1	32	0	1.000000
davidson	0	0	1	0	0.999999
its	2	0	197	0	1.000000
fh	3	1	1	0	0.999999
io	3	0	3	0	1.000000
ac	3	1	131	0	1.000000
hus	4	1	3	0	1.000000
optimizes	0	1	2	0	1.000000
wax	2	0	1	0	0.999999
ine	2	1	120	0	1.000000
floor	0	1	1	0	0.999999
saws	0	0	1	0	0.999999
ero	4	1	2	0	1.000000
ela	4	0	21	0	1.000000
nam	4	0	107	0	1.000000
nj	1	0	1	0	0.999999
ibat	0	0	2	0	1.000000
kenyamap	0	1	1	0	0.999999
urban	0	0	3	0	1.000000
tis	2	0	5	0	1.000000
ei	1	0	6	0	1.000000
tingling	0	0	1	0	0.999999
eav	4	0	1	0	0.999999
imp	2	0	2	0	1.000000
ash	4	1	8	0	1.000000
yul	2	0	1	0	0.999999
dio	2	0	38	0	1.000000
mankind	0	0	1	0	0.999999
mitchell	0	1	2	0	1.000000
considered	0	0	14	0	1.000000
duration	0	1	1	0	0.999999
eds	2	1	15	0	1.000000
drain	0	0	1	0	0.999999
ph	2	0	5	0	1.000000
apps	0	1	2	0	1.000000
abe	2	1	3	0	1.000000
village	0	0	1	0	0.999999
borough	0	0	1	0	0.999999
sha	4	1	52	0	1.000000
cell	0	0	1	0	0.999999
gomez	0	1	1	0	0.999999
transportation	0	0	11	0	1.000000
adw	4	0	2	0	1.000000
eva	0	1	1	0	0.999999
ist	4	1	1	0	0.999999
regular	0	1	1	0	0.999999
guys	0	0	7	0	1.000000
warranties	0	1	10	0	1.000000
cbc	0	1	1	0	0.999999
minsk	0	1	1	0	0.999999
ends	0	1	1	0	0.999999
forests	0	0	6	0	1.000000
aza	2	1	2	0	1.000000
models	0	1	3	0	1.000000
somewhat	0	0	5	0	1.000000
hik	4	0	4	0	1.000000
implemented	0	1	1	0	0.999999
stangnet	0	1	1	0	0.999999
ons	2	1	264	0	1.000000
oid	4	1	1	0	0.999999
eni	2	1	2	0	1.000000
hypothesis	0	0	1	0	0.999999
hood	0	0	2	0	1.000000
heard	0	0	20	0	1.000000
ael	2	1	7	0	1.000000
avo	4	0	14	0	1.000000
uri	2	0	2	0	1.000000
unnatural	0	0	1	0	0.999999
alo	2	1	4	0	1.000000
cad	2	1	38	0	1.000000
pouvait	0	0	1	0	0.999999
xhp	4	0	2	0	1.000000
zdr	4	1	1	0	0.999999
lsq	4	0	2	0	1.000000
pesky	0	1	1	0	0.999999
nova	0	0	3	0	1.000000
imports	0	1	1	0	0.999999
impressed	0	0	1	0	0.999999
lea	4	1	39	0	1.000000
northwest	0	0	2	0	1.000000
ca	2	0	12	0	1.000000
slaves	0	0	1	0	0.999999
southeast	0	1	7	0	1.000000
tag	0	0	2	0	1.000000
platformed	0	0	2	0	1.000000
se	1	1	383	0	1.000000
district	0	1	21	0	1.000000
zh	3	1	1	0	0.999999
cun	2	1	1	0	0.999999
sed	4	0	1	0	0.999999
oi	3	1	7	0	1.000000
adrs	0	1	2	0	1.000000
mdias	0	1	2	0	1.000000
sti	4	1	9	0	1.000000
urs	0	0	4	0	1.000000
ods	2	0	25	0	1.000000
jerry	0	1	1	0	0.999999
wmv	4	0	1	0	0.999999
highways	0	0	4	0	1.000000
drain	0	1	4	0	1.000000
kanye	0	1	1	0	0.999999
infotainment	0	0	1	0	0.999999
findings	0	0	13	0	1.000000
plt	0	1	1	0	0.999999
currents	0	0	1	0	0.999999
works	0	0	20	0	1.000000
rik	2	1	3	0	1.000000
tow	2	0	3	0	1.000000
num	4	1	17	0	1.000000
yer	2	0	34	0	1.000000
cultural	0	0	12	0	1.000000
region	0	1	8	0	1.000000
electronic	0	0	12	0	1.000000
enthusiast	0	0	9	0	1.000000
mud	2	1	1	0	0.999999
ayb	2	1	1	0	0.999999
albert	0	1	3	0	1.000000
switches	0	0	1	0	0.999999
lv	3	0	19	0	1.000000
inthe	0	0	2	0	1.000000
bae	4	0	1	0	0.999999
aol	2	1	2	0	1.000000
thisparagraph	0	1	1	0	0.999999
ush	2	0	8	0	1.000000
can	2	1	83	0	1.000000
tail	0	0	15	0	1.000000
instruction	0	0	5	0	1.000000
substitute	0	0	5	0	1.000000
officepotential	0	1	1	0	0.999999
tori	0	1	2	0	1.000000
roasted	0	0	1	0	0.999999
augments	0	0	1	0	0.999999
mfi	4	0	2	0	1.000000
gil	4	1	5	0	1.000000
matters	0	1	1	0	0.999999
imp	2	1	2	0	1.000000
bay	4	0	8	0	1.000000
remembered	0	0	3	0	1.000000
mais	0	0	14	0	1.000000
countless	0	0	2	0	1.000000
lena	0	1	1	0	0.999999
ocellatedturkeys	0	1	1	0	0.999999
eva	2	1	1	0	0.999999
raadio	0	1	1	0	0.999999
lue	2	0	48	0	1.000000
seals	0	1	1	0	0.999999
jd	1	1	2	0	1.000000
numerous	0	0	10	0	1.000000
ine	4	0	11	0	1.000000
tufts	0	1	2	0	1.000000
preserve	0	0	1	0	0.999999
unlock	0	0	1	0	0.999999
gosto	0	0	2	0	1.000000
lady	0	1	7	0	1.000000
yal	4	1	1	0	0.999999
takes	0	0	13	0	1.000000
child	0	1	2	0	1.000000
there	0	1	50	0	1.000000
dos	2	0	10	0	1.000000
knol	0	0	1	0	0.999999
two	2	0	83	0	1.000000
productions	0	1	57	0	1.000000
rogue	0	1	1	0	0.999999
respecting	0	0	2	0	1.000000
pile	0	1	3	0	1.000000
sar	4	1	17	0	1.000000
forceful	0	0	2	0	1.000000
brother	0	0	3	0	1.000000
ornithologists	0	0	1	0	0.999999
tx	3	1	1	0	0.999999
nos	4	1	2	0	1.000000
acn	0	1	1	0	0.999999
neglect	0	1	1	0	0.999999
kri	4	0	2	0	1.000000
ouv	4	1	12	0	1.000000
so	3	1	185	0	1.000000
dca	0	1	1	0	0.999999
uri	2	1	6	0	1.000000
acceptable	0	1	1	0	0.999999
sex	2	0	12	0	1.000000
wot	4	1	3	0	1.000000
buying	0	1	3	0	1.000000
j	0	1	37	0	1.000000
camra	0	0	1	0	0.999999
tired	0	0	3	0	1.000000
hazlerig	0	1	1	0	0.999999
mrcury	0	0	1	0	0.999999
urs	4	1	2	0	1.000000
brves	0	0	1	0	0.999999
bearing	0	0	3	0	1.000000
ist	2	0	408	0	1.000000
mu	2	0	2	0	1.000000
ash	2	1	10	0	1.000000
hopper	0	1	1	0	0.999999
tow	0	0	1	0	0.999999
pleasecontact	0	0	1	0	0.999999
pic	2	0	31	0	1.000000
crazefor	0	1	1	0	0.999999
glanville	0	1	1	0	0.999999
kw	1	0	1	0	0.999999
fastener	0	1	1	0	0.999999
cameroon	0	1	1	0	0.999999
big	0	1	18	0	1.000000
delightful	0	0	1	0	0.999999
szm	4	0	1	0	0.999999
untold	0	0	1	0	0.999999
temptations	0	0	1	0	0.999999
deliberately	0	0	3	0	1.000000
ela	0	1	2	0	1.000000
sed	4	1	4	0	1.000000
granddaughter	0	1	1	0	0.999999
casin	0	0	1	0	0.999999
nes	0	0	3	0	1.000000
civic	0	1	2	0	1.000000
cu	3	0	212	0	1.000000
skilled	0	0	6	0	1.000000
blew	0	0	1	0	0.999999
festival	0	1	7	0	1.000000
fleabay	0	1	1	0	0.999999
abreast	0	0	1	0	0.999999
wa	0	1	1	0	0.999999
os	0	0	4	0	1.000000
trave	0	1	2	0	1.000000
ria	0	0	1	0	0.999999
lado	0	0	1	0	0.999999
winters	0	0	1	0	0.999999
rear	0	0	2	0	1.000000
serves	0	0	5	0	1.000000
obnoxious	0	0	1	0	0.999999
syn	0	1	1	0	0.999999
has	4	1	5	0	1.000000
tomulti	0	0	1	0	0.999999
ery	2	0	252	0	1.000000
io	2	1	3	0	1.000000
ush	2	1	8	0	1.000000
fishing	0	1	4	0	1.000000
ion	0	1	1	0	0.999999
tx	2	1	4	0	1.000000
am	0	0	65	0	1.000000
studebaker	0	1	1	0	0.999999
five	0	1	12	0	1.000000
hoe	2	1	1	0	0.999999
has	2	0	254	0	1.000000
rsa	2	1	2	0	1.000000
ketogahs	0	0	1	0	0.999999
olivia	0	1	2	0	1.000000
merely	0	0	3	0	1.000000
cookie	0	0	7	0	1.000000
boa	0	1	1	0	0.999999
ssj	0	1	3	0	1.000000
securities	0	0	14	0	1.000000
regards	0	1	2	0	1.000000
kle	4	1	1	0	0.999999
sne	4	0	4	0	1.000000
fog	2	0	2	0	1.000000
newspapers	0	0	1	0	0.999999
illness	0	0	1	0	0.999999
cje	2	1	1	0	0.999999
came	0	0	23	0	1.000000
ore	4	0	10	0	1.000000
lizy	0	1	2	0	1.000000
scuba	0	1	2	0	1.000000
encrypted	0	0	3	0	1.000000
xum	2	1	1	0	0.999999
hoo	4	1	2	0	1.000000
craiglist	0	0	1	0	0.999999
edi	4	0	141	0	1.000000
worship	0	1	1	0	0.999999
ein	0	0	1	0	0.999999
syd	4	1	4	0	1.000000
parwana	0	0	1	0	0.999999
town	0	1	11	0	1.000000
ulo	2	1	1	0	0.999999
ck	1	0	312	0	1.000000
modes	0	0	1	0	0.999999
wa	1	1	6	0	1.000000
louis	0	0	1	0	0.999999
door	0	0	20	0	1.000000
scare	0	0	2	0	1.000000
python	0	0	5	0	1.000000
inactivity	0	1	1	0	0.999999
lady	0	0	5	0	1.000000
troubleshooting	0	0	2	0	1.000000
celebration	0	0	2	0	1.000000
bucks	0	0	1	0	0.999999
math	0	0	14	0	1.000000
keeps	0	0	4	0	1.000000
sysadmin	0	1	2	0	1.000000
reposed	0	0	1	0	0.999999
domestic	0	0	2	0	1.000000
protector	0	1	4	0	1.000000
veterans	0	0	1	0	0.999999
ons	4	0	3	0	1.000000
kih	2	0	1	0	0.999999
friesland	0	1	1	0	0.999999
cosgrove	0	1	2	0	1.000000
lay	4	1	14	0	1.000000
egrave	0	0	2	0	1.000000
tom	4	0	4	0	1.000000
ion	4	0	1	0	0.999999
ie	0	1	15	0	1.000000
rain	0	0	9	0	1.000000
invitational	0	1	1	0	0.999999
sti	4	0	71	0	1.000000
td	2	0	14	0	1.000000
hsa	4	1	2	0	1.000000
jis	4	1	1	0	0.999999
sti	0	1	2	0	1.000000
brazilian	0	1	1	0	0.999999
alert	0	0	9	0	1.000000
es	2	1	2	0	1.000000
dawn	0	0	2	0	1.000000
fazer	0	0	2	0	1.000000
retained	0	0	3	0	1.000000
gateway	0	0	2	0	1.000000
bl	3	1	164	0	1.000000
thread	0	0	3	0	1.000000
tn	0	1	2	0	1.000000
rus	4	0	11	0	1.000000
urging	0	1	1	0	0.999999
reply	0	0	4	0	1.000000
pilar	0	1	1	0	0.999999
brookstone	0	1	1	0	0.999999
mun	4	0	3	0	1.000000
oal	2	0	5	0	1.000000
cincinnatti	0	0	1	0	0.999999
fim	2	0	2	0	1.000000
three	0	1	39	0	1.000000
migliori	0	1	1	0	0.999999
buy	2	1	29	0	1.000000
cun	4	0	1	0	0.999999
pushkar	0	1	1	0	0.999999
segments	0	0	2	0	1.000000
ferm	0	1	1	0	0.999999
man	0	1	7	0	1.000000
flaw	0	0	1	0	0.999999
esperar	0	0	1	0	0.999999
fussin	0	0	1	0	0.999999
nykoriak	0	1	1	0	0.999999
bb	2	0	1	0	0.999999
spacequest	0	0	2	0	1.000000
ine	2	0	288	0	1.000000
vl	1	0	17	0	1.000000
menos	0	0	2	0	1.000000
fff	2	1	1	0	0.999999
discuss	0	1	3	0	1.000000
fceultra	0	1	3	0	1.000000
etw	2	0	1	0	0.999999
mto	0	1	1	0	0.999999
happy	0	1	6	0	1.000000
pdr	4	0	1	0	0.999999
cad	4	1	21	0	1.000000
bracelet	0	0	1	0	0.999999
btf	4	0	1	0	0.999999
vig	4	0	1	0	0.999999
wax	4	1	1	0	0.999999
bay	0	1	8	0	1.000000
trie	0	0	1	0	0.999999
host	0	0	6	0	1.000000
fr	2	0	17	0	1.000000
five	0	0	16	0	1.000000
sophisticated	0	0	1	0	0.999999
rik	4	1	26	0	1.000000
disaligned	0	0	2	0	1.000000
cuello	0	1	1	0	0.999999
allurstuff	0	0	1	0	0.999999
rare	0	1	4	0	1.000000
eab	2	1	1	0	0.999999
jag	4	0	7	0	1.000000
load	0	1	2	0	1.000000
subscriptions	0	1	1	0	0.999999
hp	0	1	15	0	1.000000
wonders	0	0	1	0	0.999999
memorial	0	0	2	0	1.000000
export	0	0	2	0	1.000000
workforce	0	0	1	0	0.999999
iah	2	1	3	0	1.000000
duration	0	0	7	0	1.000000
raid	0	1	1	0	0.999999
baixado	0	0	1	0	0.999999
seattle	0	1	4	0	1.000000
aby	2	0	5	0	1.000000
des	4	0	273	0	1.000000
giv	4	1	19	0	1.000000
robert	0	0	1	0	0.999999
variati	0	0	1	0	0.999999
hurst	0	1	1	0	0.999999
kaylyn	0	0	1	0	0.999999
so	1	0	293	0	1.000000
forza	0	1	2	0	1.000000
eva	4	1	20	0	1.000000
tom	2	0	18	0	1.000000
thancorporate	0	0	1	0	0.999999
xei	2	1	1	0	0.999999
buchanan	0	1	2	0	1.000000
hardly	0	0	4	0	1.000000
sno	4	1	12	0	1.000000
jd	0	1	2	0	1.000000
mgr	2	1	2	0	1.000000
librarianship	0	0	1	0	0.999999
ahealthy	0	0	1	0	0.999999
ael	2	0	1	0	0.999999
galvanizzati	0	0	1	0	0.999999
mud	4	1	1	0	0.999999
ma	3	0	1288	0	1.000000
bou	4	1	8	0	1.000000
tendre	0	0	2	0	1.000000
avo	4	1	2	0	1.000000
pretending	0	0	2	0	1.000000
resting	0	0	1	0	0.999999
rus	4	1	15	0	1.000000
hips	0	1	1	0	0.999999
settlementinf	0	1	1	0	0.999999
usr	4	1	2	0	1.000000
npr	4	1	2	0	1.000000
sarita	0	1	1	0	0.999999
alleystingray	0	1	1	0	0.999999
assume	0	0	2	0	1.000000
judgements	0	0	1	0	0.999999
design	0	1	78	0	1.000000
amn	4	1	1	0	0.999999
protectionthe	0	1	2	0	1.000000
realtors	0	1	3	0	1.000000
accept	0	0	3	0	1.000000
reverie	0	0	1	0	0.999999
xt	3	0	3	0	1.000000
ore	2	0	441	0	1.000000
oba	4	1	16	0	1.000000
oi	3	0	6	0	1.000000
avy	2	0	8	0	1.000000
ballistics	0	1	1	0	0.999999
jungles	0	0	1	0	0.999999
gravity	0	0	1	0	0.999999
chanteur	0	0	1	0	0.999999
cheung	0	1	1	0	0.999999
sommerlten	0	1	2	0	1.000000
ie	1	0	95	0	1.000000
arhritis	0	0	1	0	0.999999
gg	1	0	8	0	1.000000
nkm	2	1	1	0	0.999999
belizelocation	0	1	1	0	0.999999
grabmayer	0	1	1	0	0.999999
blessed	0	0	3	0	1.000000
hp	3	1	16	0	1.000000
demos	0	0	2	0	1.000000
literally	0	0	5	0	1.000000
roo	4	1	8	0	1.000000
cultural	0	1	4	0	1.000000
studding	0	0	1	0	0.999999
aw	0	0	1	0	0.999999
mud	2	0	1	0	0.999999
bek	4	1	1	0	0.999999
effects	0	0	5	0	1.000000
fulton	0	1	2	0	1.000000
comortas	0	0	1	0	0.999999
consideration	0	0	1	0	0.999999
region	0	0	9	0	1.000000
massachusetts	0	1	1	0	0.999999
buy	4	1	37	0	1.000000
aol	2	0	1	0	0.999999
xes	4	0	2	0	1.000000
notified	0	1	5	0	1.000000
can	2	0	422	0	1.000000
lv	3	1	6	0	1.000000
antiques	0	0	1	0	0.999999
azu	4	0	1	0	0.999999
snowy	0	1	1	0	0.999999
sandusky	0	0	1	0	0.999999
loa	4	0	25	0	1.000000
ero	2	1	8	0	1.000000
jag	0	0	4	0	1.000000
dio	0	0	2	0	1.000000
uve	0	0	1	0	0.999999
cleaned	0	0	1	0	0.999999
lane	0	0	1	0	0.999999
yer	0	0	1	0	0.999999
olan	0	0	1	0	0.999999
carboniferous	0	1	1	0	0.999999
bmw	2	1	40	0	1.000000
bay	4	1	10	0	1.000000
tn	1	0	3	0	1.000000
hai	4	1	3	0	1.000000
jag	4	1	2	0	1.000000
alpheos	0	1	1	0	0.999999
nine	0	0	16	0	1.000000
settlementa	0	1	1	0	0.999999
enlarge	0	1	1	0	0.999999
ll	1	0	1283	0	1.000000
safely	0	0	1	0	0.999999
mk	0	1	2	0	1.000000
sandeed	0	0	1	0	0.999999
numerous	0	1	1	0	0.999999
lue	2	1	57	0	1.000000
regular	0	0	21	0	1.000000
scary	0	0	1	0	0.999999
malicious	0	0	1	0	0.999999
accomodate	0	0	3	0	1.000000
xt	0	1	1	0	0.999999
fresh	0	0	5	0	1.000000
lighthouse	0	1	5	0	1.000000
ine	4	1	6	0	1.000000
uir	2	0	1	0	0.999999
preying	0	0	1	0	0.999999
chop	0	0	1	0	0.999999
cerros	0	1	2	0	1.000000
tem	2	1	19	0	1.000000
mk	3	0	3	0	1.000000
etthermal	0	1	1	0	0.999999
htt	4	1	1	0	0.999999
chlorobenzaldehyde	0	1	3	0	1.000000
ornithologists	0	1	1	0	0.999999
some	0	0	137	0	1.000000
ofattraction	0	0	2	0	1.000000
webbys	0	1	1	0	0.999999
downtown	0	1	2	0	1.000000
dma	2	0	3	0	1.000000
roe	2	0	1	0	0.999999
kly	2	0	14	0	1.000000
scenario	0	0	3	0	1.000000
j	0	0	16	0	1.000000
blaze	0	0	1	0	0.999999
acceptable	0	0	1	0	0.999999
belly	0	1	1	0	0.999999
hp	1	0	15	0	1.000000
postmaster	0	1	1	0	0.999999
minus	0	0	1	0	0.999999
ballistics	0	0	1	0	0.999999
sides	0	0	2	0	1.000000
walks	0	1	3	0	1.000000
etc	2	0	24	0	1.000000
frqnk	0	0	1	0	0.999999
calamity	0	0	1	0	0.999999
drexe	0	1	1	0	0.999999
wk	1	1	2	0	1.000000
thurs	0	0	1	0	0.999999
codegoo	0	1	4	0	1.000000
settlementmier	0	1	1	0	0.999999
fiberglass	0	1	1	0	0.999999
ola	4	0	1	0	0.999999
palace	0	1	2	0	1.000000
moskova	0	1	1	0	0.999999
nes	4	0	15	0	1.000000
rink	0	0	1	0	0.999999
ela	0	0	17	0	1.000000
hear	0	1	1	0	0.999999
suburban	0	0	1	0	0.999999
mndna	0	0	1	0	0.999999
ofall	0	0	1	0	0.999999
causes	0	0	9	0	1.000000
ova	2	1	6	0	1.000000
ca	1	0	69	0	1.000000
mu	0	0	2	0	1.000000
gogurt	0	0	1	0	0.999999
dam	4	1	25	0	1.000000
jukebox	0	0	1	0	0.999999
hindu	0	1	2	0	1.000000
idiota	0	1	1	0	0.999999
reputations	0	1	1	0	0.999999
mu	1	0	2	0	1.000000
negativamente	0	0	1	0	0.999999
predefined	0	0	1	0	0.999999
wand	0	0	1	0	0.999999
kup	2	1	29	0	1.000000
granddaughter	0	0	1	0	0.999999
dutch	0	1	3	0	1.000000
bust	0	0	1	0	0.999999
pelimies	0	1	3	0	1.000000
orleans	0	0	1	0	0.999999
ma	1	0	63	0	1.000000
lich	0	0	1	0	0.999999
dum	2	1	1	0	0.999999
mgr	0	1	2	0	1.000000
caracoltoledo	0	1	1	0	0.999999
sts	4	0	1	0	0.999999
marketinng	0	0	1	0	0.999999
traiers	0	1	1	0	0.999999
blockbuster	0	1	1	0	0.999999
uly	2	1	20	0	1.000000
bea	4	0	70	0	1.000000
sarebbe	0	0	1	0	0.999999
payout	0	1	1	0	0.999999
osprey	0	0	3	0	1.000000
fishing	0	0	39	0	1.000000
bolted	0	0	1	0	0.999999
auf	4	1	1	0	0.999999
tec	2	0	1	0	0.999999
pvt	2	1	1	0	0.999999
pr	2	1	10	0	1.000000
springs	0	1	2	0	1.000000
prefer	0	0	5	0	1.000000
ens	4	0	16	0	1.000000
barred	0	1	1	0	0.999999
rementer	0	1	1	0	0.999999
ave	2	1	41	0	1.000000
bluntly	0	0	1	0	0.999999
uzbekistan	0	1	1	0	0.999999
sellihg	0	0	1	0	0.999999
cuture	0	0	1	0	0.999999
doi	4	0	33	0	1.000000
has	2	1	5	0	1.000000
boa	0	0	2	0	1.000000
fish	0	0	27	0	1.000000
gymnasium	0	0	2	0	1.000000
prins	0	1	2	0	1.000000
wet	4	0	6	0	1.000000
uel	2	1	6	0	1.000000
ei	3	0	36	0	1.000000
kle	4	0	3	0	1.000000
vintage	0	1	2	0	1.000000
german	0	0	3	0	1.000000
ticker	0	0	1	0	0.999999
fic	2	0	38	0	1.000000
mad	0	0	3	0	1.000000
se	0	1	5	0	1.000000
um	1	1	71	0	1.000000
seasoned	0	0	6	0	1.000000
eal	2	1	34	0	1.000000
dsusto	0	1	1	0	0.999999
roy	4	1	3	0	1.000000
tec	4	1	36	0	1.000000
prior	0	1	2	0	1.000000
westfall	0	0	1	0	0.999999
amateurxxxmag	0	0	1	0	0.999999
abo	2	0	4	0	1.000000
performance	0	1	11	0	1.000000
bromide	0	1	5	0	1.000000
vb	1	1	2	0	1.000000
vacati	0	1	1	0	0.999999
refund	0	0	3	0	1.000000
rightleksikografie	0	1	1	0	0.999999
maior	0	0	1	0	0.999999
its	4	1	24	0	1.000000
met	0	0	14	0	1.000000
mapping	0	1	3	0	1.000000
door	0	1	9	0	1.000000
kiomara	0	1	1	0	0.999999
endings	0	0	1	0	0.999999
saring	0	0	2	0	1.000000
creations	0	1	1	0	0.999999
flagged	0	0	1	0	0.999999
lig	2	1	3	0	1.000000
models	0	0	10	0	1.000000
tem	2	0	61	0	1.000000
nos	0	0	9	0	1.000000
lv	1	1	3	0	1.000000
tow	4	1	18	0	1.000000
wa	3	0	1015	0	1.000000
iti	2	1	3	0	1.000000
nt	0	0	2	0	1.000000
subsequently	0	0	1	0	0.999999
jovovich	0	0	1	0	0.999999
personalinformation	0	1	1	0	0.999999
deactivate	0	0	1	0	0.999999
costs	0	1	1	0	0.999999
ari	4	0	2	0	1.000000
hui	2	1	1	0	0.999999
pr	3	1	611	0	1.000000
visited	0	0	5	0	1.000000
loan	0	0	10	0	1.000000
memorial	0	1	5	0	1.000000
tricked	0	1	1	0	0.999999
teclado	0	0	1	0	0.999999
dam	2	1	6	0	1.000000
residence	0	1	1	0	0.999999
air	0	1	9	0	1.000000
yi	3	0	4	0	1.000000
studio	0	0	4	0	1.000000
patiently	0	0	1	0	0.999999
fitch	0	0	1	0	0.999999
societal	0	0	1	0	0.999999
ac	1	0	21	0	1.000000
km	1	1	2	0	1.000000
am	2	1	80	0	1.000000
mormon	0	1	1	0	0.999999
cock	0	0	1	0	0.999999
scotta	0	1	1	0	0.999999
rare	0	0	18	0	1.000000
wiki	0	0	2	0	1.000000
netw	0	1	1	0	0.999999
hilton	0	0	1	0	0.999999
theunited	0	1	1	0	0.999999
removed	0	0	5	0	1.000000
nt	2	0	2	0	1.000000
subscriber	0	0	3	0	1.000000
interlude	0	1	1	0	0.999999
reveals	0	0	2	0	1.000000
hands	0	1	3	0	1.000000
sit	4	0	295	0	1.000000
affections	0	0	1	0	0.999999
updating	0	0	3	0	1.000000
eor	2	1	1	0	0.999999
buy	0	0	25	0	1.000000
eer	2	1	26	0	1.000000
wmv	0	0	1	0	0.999999
cheers	0	0	1	0	0.999999
olk	2	0	1	0	0.999999
harold	0	0	1	0	0.999999
tx	1	1	20	0	1.000000
hai	2	1	5	0	1.000000
discuss	0	0	2	0	1.000000
gpo	2	1	1	0	0.999999
shepherds	0	1	1	0	0.999999
cad	4	0	16	0	1.000000
until	0	0	24	0	1.000000
difficult	0	1	1	0	0.999999
daw	2	1	1	0	0.999999
wax	4	0	1	0	0.999999
abe	0	0	1	0	0.999999
registrations	0	0	2	0	1.000000
naisc	0	0	1	0	0.999999
later	0	1	1	0	0.999999
bomb	0	0	3	0	1.000000
times	0	1	1	0	0.999999
iru	2	0	2	0	1.000000
vb	3	1	1	0	0.999999
industry	0	1	25	0	1.000000
sitespecial	0	1	1	0	0.999999
emulation	0	0	3	0	1.000000
rnia	0	0	1	0	0.999999
withinthe	0	0	1	0	0.999999
adoption	0	0	1	0	0.999999
hopefully	0	0	2	0	1.000000
kle	2	0	2	0	1.000000
fog	0	0	2	0	1.000000
actual	0	0	7	0	1.000000
ether	0	0	1	0	0.999999
getting	0	0	18	0	1.000000
roar	0	0	2	0	1.000000
mordaunt	0	1	1	0	0.999999
hobbs	0	1	1	0	0.999999
level	0	1	24	0	1.000000
inteiro	0	0	1	0	0.999999
num	2	0	6	0	1.000000
hp	0	0	11	0	1.000000
gaie	0	0	1	0	0.999999
tripadvis	0	1	1	0	0.999999
xuc	4	0	1	0	0.999999
gaery	0	1	1	0	0.999999
cyrus	0	0	1	0	0.999999
meanthe	0	1	1	0	0.999999
des	4	1	115	0	1.000000
jd	2	1	2	0	1.000000
query	0	0	1	0	0.999999
jail	0	0	2	0	1.000000
wgh	0	0	1	0	0.999999
reflects	0	0	3	0	1.000000
ascertain	0	0	1	0	0.999999
seekers	0	0	1	0	0.999999
backdrop	0	0	1	0	0.999999
eva	4	0	12	0	1.000000
mu	3	1	77	0	1.000000
pronto	0	1	1	0	0.999999
suggesting	0	0	1	0	0.999999
ave	4	0	25	0	1.000000
peg	2	1	3	0	1.000000
bb	3	1	8	0	1.000000
what	0	1	88	0	1.000000
electronically	0	0	1	0	0.999999
bou	4	0	52	0	1.000000
usersd	0	0	1	0	0.999999
thymus	0	0	1	0	0.999999
filed	0	1	8	0	1.000000
planet	0	0	2	0	1.000000
td	0	0	14	0	1.000000
onfrequenty	0	1	1	0	0.999999
aly	2	0	3	0	1.000000
contrasting	0	0	1	0	0.999999
graham	0	0	3	0	1.000000
td	1	0	16	0	1.000000
strives	0	0	1	0	0.999999
bdl	2	0	1	0	0.999999
entering	0	1	11	0	1.000000
selection	0	1	1	0	0.999999
tropics	0	0	3	0	1.000000
mainland	0	1	1	0	0.999999
archive	0	0	8	0	1.000000
anonymously	0	0	1	0	0.999999
klo	4	1	4	0	1.000000
moscow	0	1	2	0	1.000000
urs	2	1	3	0	1.000000
dooh	0	1	1	0	0.999999
son	2	1	61	0	1.000000
ca	3	1	530	0	1.000000
signage	0	0	1	0	0.999999
americatelephone	0	1	1	0	0.999999
okay	0	1	1	0	0.999999
tss	2	1	1	0	0.999999
accept	0	1	20	0	1.000000
two	4	1	15	0	1.000000
tpb	4	1	1	0	0.999999
triazole	0	0	1	0	0.999999
purchases	0	0	1	0	0.999999
ere	2	0	542	0	1.000000
windsurfers	0	0	1	0	0.999999
prolific	0	0	1	0	0.999999
waterstops	0	1	1	0	0.999999
ambassadors	0	0	2	0	1.000000
fog	0	1	11	0	1.000000
woman	0	0	33	0	1.000000
wheye	0	1	1	0	0.999999
brandi	0	0	1	0	0.999999
penelope	0	0	1	0	0.999999
removed	0	1	5	0	1.000000
corsa	0	0	2	0	1.000000
svisit	0	0	1	0	0.999999
comunidad	0	0	2	0	1.000000
crystall	0	0	2	0	1.000000
aquellos	0	0	1	0	0.999999
zdravje	0	1	1	0	0.999999
shower	0	1	48	0	1.000000
oer	2	1	1	0	0.999999
kir	4	1	2	0	1.000000
welcomed	0	0	1	0	0.999999
tubroos	0	0	1	0	0.999999
massachusetts	0	0	1	0	0.999999
gift	0	0	24	0	1.000000
circulars	0	0	2	0	1.000000
effects	0	1	23	0	1.000000
pic	2	1	13	0	1.000000
pua	4	0	1	0	0.999999
kyrene	0	1	1	0	0.999999
dj	3	1	2	0	1.000000
ira	0	1	1	0	0.999999
ero	2	0	16	0	1.000000
progdvb	0	1	2	0	1.000000
jetta	0	0	1	0	0.999999
form	0	0	38	0	1.000000
rz	1	0	1	0	0.999999
yab	4	0	1	0	0.999999
congresses	0	0	1	0	0.999999
loa	4	1	12	0	1.000000
sequences	0	0	1	0	0.999999
cancel	0	0	4	0	1.000000
oin	2	0	20	0	1.000000
paton	0	0	1	0	0.999999
cleaned	0	1	4	0	1.000000
mps	2	0	6	0	1.000000
tga	0	1	1	0	0.999999
hai	4	0	10	0	1.000000
se	2	0	31	0	1.000000
esn	2	1	3	0	1.000000
orthographic	0	0	1	0	0.999999
can	4	0	502	0	1.000000
ifyou	0	1	2	0	1.000000
wan	2	1	4	0	1.000000
met	4	1	23	0	1.000000
notions	0	0	1	0	0.999999
together	0	1	1	0	0.999999
forming	0	0	3	0	1.000000
remove	0	0	4	0	1.000000
factors	0	0	5	0	1.000000
yor	4	0	14	0	1.000000
appname	0	1	1	0	0.999999
prins	0	0	1	0	0.999999
acham	0	0	1	0	0.999999
t	0	1	53	0	1.000000
spamming	0	0	3	0	1.000000
ph	0	0	5	0	1.000000
telnet	0	0	2	0	1.000000
throwing	0	0	1	0	0.999999
pr	0	1	10	0	1.000000
mk	3	1	1	0	0.999999
unw	4	0	12	0	1.000000
dma	4	1	1	0	0.999999
wad	4	1	3	0	1.000000
justine	0	1	1	0	0.999999
es	3	0	150	0	1.000000
two	2	1	16	0	1.000000
mistrios	0	1	1	0	0.999999
guira	0	1	1	0	0.999999
aurons	0	0	1	0	0.999999
jqu	4	1	13	0	1.000000
downtown	0	0	3	0	1.000000
pr	1	1	42	0	1.000000
man	2	1	65	0	1.000000
targets	0	0	1	0	0.999999
postfabrica	0	1	1	0	0.999999
notified	0	0	3	0	1.000000
rus	2	1	5	0	1.000000
roses	0	0	3	0	1.000000
belly	0	0	2	0	1.000000
nos	2	1	3	0	1.000000
appendchild	0	1	4	0	1.000000
aufrichtig	0	1	1	0	0.999999
emule	0	1	1	0	0.999999
collins	0	1	1	0	0.999999
topographic	0	1	2	0	1.000000
fayette	0	1	1	0	0.999999
crop	0	1	1	0	0.999999
bb	1	1	3	0	1.000000
fully	0	0	11	0	1.000000
chapters	0	0	1	0	0.999999
maybe	0	1	6	0	1.000000
traiers	0	0	1	0	0.999999
eul	4	1	1	0	0.999999
shitbirds	0	1	1	0	0.999999
deer	0	1	1	0	0.999999
ages	0	1	1	0	0.999999
um	0	0	12	0	1.000000
translated	0	0	2	0	1.000000
hasn	0	0	3	0	1.000000
tce	4	1	2	0	1.000000
ale	2	1	34	0	1.000000
dum	4	0	2	0	1.000000
vguestbookpart	0	1	1	0	0.999999
aol	4	0	2	0	1.000000
ion	2	0	1592	0	1.000000
birdingto	0	1	1	0	0.999999
bonefish	0	0	7	0	1.000000
dos	0	0	1	0	0.999999
hear	0	0	9	0	1.000000
tpb	2	1	1	0	0.999999
jewelry	0	0	4	0	1.000000
abo	4	0	308	0	1.000000
quench	0	0	1	0	0.999999
duc	4	0	8	0	1.000000
ciancio	0	1	3	0	1.000000
idiota	0	0	1	0	0.999999
sailboats	0	0	1	0	0.999999
bother	0	0	1	0	0.999999
thomas	0	1	4	0	1.000000
mysterious	0	0	7	0	1.000000
tryin	0	0	1	0	0.999999
shoes	0	0	1	0	0.999999
wip	4	1	1	0	0.999999
coucou	0	1	1	0	0.999999
vote	0	0	5	0	1.000000
memorized	0	0	1	0	0.999999
fiance	0	0	1	0	0.999999
rescissionsgood	0	1	1	0	0.999999
fge	4	0	1	0	0.999999
metaphor	0	0	1	0	0.999999
spectra	0	1	1	0	0.999999
fliptopping	0	1	1	0	0.999999
bladder	0	0	1	0	0.999999
dse	4	0	1	0	0.999999
quantserve	0	0	2	0	1.000000
multiculturalism	0	0	2	0	1.000000
receptions	0	0	1	0	0.999999
untaught	0	0	1	0	0.999999
tug	4	0	1	0	0.999999
aragosta	0	1	1	0	0.999999
bea	4	1	89	0	1.000000
pvt	2	0	1	0	0.999999
sugar	0	0	6	0	1.000000
eab	0	1	1	0	0.999999
ie	2	1	15	0	1.000000
mass	0	0	6	0	1.000000
hf	1	0	1	0	0.999999
field	0	1	4	0	1.000000
ave	2	0	518	0	1.000000
am	1	0	207	0	1.000000
sujeitos	0	0	1	0	0.999999
fish	0	1	3	0	1.000000
soldier	0	0	2	0	1.000000
rp	1	0	7	0	1.000000
affordable	0	0	3	0	1.000000
cet	2	0	1	0	0.999999
wa	3	1	258	0	1.000000
can	0	1	20	0	1.000000
zim	2	1	1	0	0.999999
closed	0	1	1	0	0.999999
cet	4	1	1	0	0.999999
laying	0	0	3	0	1.000000
dfcab	0	0	4	0	1.000000
serverlar	0	1	1	0	0.999999
dressed	0	0	1	0	0.999999
ipc	2	1	1	0	0.999999
naughty	0	0	1	0	0.999999
lv	2	1	3	0	1.000000
pvt	4	1	1	0	0.999999
favorable	0	0	2	0	1.000000
locke	0	1	1	0	0.999999
attitude	0	0	5	0	1.000000
because	0	0	60	0	1.000000
imp	4	0	97	0	1.000000
roy	4	0	3	0	1.000000
km	2	0	2	0	1.000000
effectiveness	0	0	3	0	1.000000
doctors	0	0	2	0	1.000000
town	0	0	11	0	1.000000
ide	2	0	290	0	1.000000
ottica	0	0	11	0	1.000000
heinrich	0	1	4	0	1.000000
graphic	0	0	9	0	1.000000
crossmember	0	1	1	0	0.999999
druid	0	0	2	0	1.000000
died	0	0	6	0	1.000000
claswifieds	0	0	1	0	0.999999
perates	0	0	1	0	0.999999
qctermis	0	1	2	0	1.000000
oct	2	1	33	0	1.000000
krovytska	0	0	1	0	0.999999
yor	2	1	1	0	0.999999
bya	2	1	1	0	0.999999
oor	2	1	18	0	1.000000
esn	4	0	2	0	1.000000
son	4	1	14	0	1.000000
life	0	1	9	0	1.000000
unm	4	0	1	0	0.999999
rks	2	0	46	0	1.000000
actua	0	1	1	0	0.999999
oul	2	1	5	0	1.000000
isnt	0	0	1	0	0.999999
guido	0	1	1	0	0.999999
hepfu	0	0	1	0	0.999999
peinture	0	0	1	0	0.999999
dined	0	0	1	0	0.999999
ria	2	1	27	0	1.000000
alen	0	0	2	0	1.000000
cyclones	0	0	1	0	0.999999
misunderstood	0	0	2	0	1.000000
glasses	0	0	3	0	1.000000
scans	0	0	2	0	1.000000
apartment	0	0	10	0	1.000000
eksisterende	0	0	1	0	0.999999
sextus	0	1	1	0	0.999999
idy	2	1	1	0	0.999999
air	0	0	29	0	1.000000
saharan	0	1	1	0	0.999999
cutting	0	0	5	0	1.000000
argye	0	1	1	0	0.999999
angezeigt	0	0	1	0	0.999999
imagined	0	0	1	0	0.999999
iy	3	1	1	0	0.999999
pic	0	1	1	0	0.999999
urces	0	0	2	0	1.000000
gib	4	1	3	0	1.000000
ule	2	1	11	0	1.000000
alex	0	1	3	0	1.000000
denver	0	1	4	0	1.000000
infame	0	0	1	0	0.999999
acteur	0	0	1	0	0.999999
otherdocuments	0	0	1	0	0.999999
warroor	0	0	1	0	0.999999
sts	2	1	62	0	1.000000
punitive	0	1	5	0	1.000000
tew	4	1	3	0	1.000000
nio	2	0	4	0	1.000000
umd	0	1	1	0	0.999999
deviations	0	1	1	0	0.999999
bowl	0	0	1	0	0.999999
mkx	2	0	2	0	1.000000
jew	4	0	9	0	1.000000
light	0	0	15	0	1.000000
aadf	0	0	1	0	0.999999
giving	0	0	6	0	1.000000
ie	3	0	4	0	1.000000
grievance	0	0	1	0	0.999999
os	1	1	70	0	1.000000
woman	0	1	3	0	1.000000
kiwi	0	1	2	0	1.000000
levees	0	1	3	0	1.000000
supers	0	1	1	0	0.999999
fh	3	0	5	0	1.000000
sit	4	1	38	0	1.000000
harold	0	1	2	0	1.000000
prizesa	0	1	1	0	0.999999
ac	3	0	430	0	1.000000
tx	1	0	4	0	1.000000
buy	0	1	29	0	1.000000
oro	4	1	1	0	0.999999
olk	2	1	5	0	1.000000
waterjet	0	1	1	0	0.999999
hesitation	0	0	2	0	1.000000
officials	0	0	2	0	1.000000
institution	0	1	1	0	0.999999
difficult	0	0	10	0	1.000000
dominates	0	0	1	0	0.999999
nt	1	0	1338	0	1.000000
thrust	0	0	2	0	1.000000
yfq	2	1	1	0	0.999999
hrl	4	1	2	0	1.000000
bomb	0	1	5	0	1.000000
uir	4	0	1	0	0.999999
cruises	0	0	1	0	0.999999
classifying	0	0	1	0	0.999999
memorabilia	0	0	1	0	0.999999
industry	0	0	28	0	1.000000
ash	4	0	9	0	1.000000
yarling	0	1	1	0	0.999999
rai	4	0	45	0	1.000000
yfq	4	1	1	0	0.999999
level	0	0	23	0	1.000000
anglers	0	1	1	0	0.999999
eds	2	0	144	0	1.000000
averages	0	0	2	0	1.000000
getting	0	1	4	0	1.000000
engineers	0	0	1	0	0.999999
io	1	1	112	0	1.000000
shouted	0	0	2	0	1.000000
cell	0	1	3	0	1.000000
scrambling	0	0	1	0	0.999999
crustal	0	0	1	0	0.999999
artists	0	1	1	0	0.999999
um	3	0	13	0	1.000000
measured	0	1	1	0	0.999999
interact	0	1	1	0	0.999999
wanting	0	0	1	0	0.999999
aeb	2	0	1	0	0.999999
contrary	0	0	1	0	0.999999
shapes	0	0	1	0	0.999999
latin	0	1	15	0	1.000000
overemphasis	0	0	1	0	0.999999
hlmav	0	0	1	0	0.999999
ons	2	0	623	0	1.000000
ei	3	1	8	0	1.000000
contract	0	0	1	0	0.999999
utilization	0	0	2	0	1.000000
dca	4	1	1	0	0.999999
obvius	0	0	2	0	1.000000
risks	0	0	1	0	0.999999
deal	0	0	8	0	1.000000
indignant	0	0	1	0	0.999999
dela	0	0	8	0	1.000000
bmw	4	0	14	0	1.000000
poop	0	0	1	0	0.999999
madagascar	0	1	2	0	1.000000
ave	4	1	5	0	1.000000
mad	4	1	10	0	1.000000
what	0	0	155	0	1.000000
marie	0	0	1	0	0.999999
washington	0	0	3	0	1.000000
vvrgg	0	0	1	0	0.999999
technology	0	1	8	0	1.000000
objects	0	1	1	0	0.999999
mad	0	1	1	0	0.999999
hour	0	0	17	0	1.000000
cinemas	0	0	1	0	0.999999
seawalls	0	1	1	0	0.999999
xt	1	1	19	0	1.000000
entering	0	0	8	0	1.000000
romeo	0	0	2	0	1.000000
pfgc	0	1	1	0	0.999999
naming	0	0	4	0	1.000000
allies	0	0	2	0	1.000000
urs	2	0	95	0	1.000000
aap	2	1	1	0	0.999999
um	3	1	3	0	1.000000
archive	0	1	9	0	1.000000
fate	0	0	3	0	1.000000
restaurants	0	1	3	0	1.000000
ied	2	0	108	0	1.000000
hynne	0	0	5	0	1.000000
two	4	0	83	0	1.000000
lean	0	0	2	0	1.000000
triangle	0	1	1	0	0.999999
please	0	0	53	0	1.000000
determining	0	0	1	0	0.999999
jag	2	0	4	0	1.000000
rp	3	1	2	0	1.000000
guide	0	0	53	0	1.000000
disappearance	0	0	2	0	1.000000
targeted	0	0	1	0	0.999999
exi	4	1	9	0	1.000000
mdias	0	0	1	0	0.999999
isuzu	0	1	2	0	1.000000
nei	4	1	7	0	1.000000
cart	0	0	5	0	1.000000
hedgeagency	0	1	1	0	0.999999
steeple	0	0	1	0	0.999999
rary	0	0	2	0	1.000000
prized	0	0	1	0	0.999999
xes	0	0	2	0	1.000000
sex	0	0	12	0	1.000000
offence	0	0	1	0	0.999999
ys	0	0	1	0	0.999999
appears	0	0	4	0	1.000000
natick	0	0	1	0	0.999999
portugal	0	1	5	0	1.000000
upa	4	0	1	0	0.999999
am	1	1	246	0	1.000000
loistin	0	0	1	0	0.999999
director	0	1	6	0	1.000000
tss	4	1	1	0	0.999999
codes	0	0	6	0	1.000000
scuba	0	0	3	0	1.000000
otc	4	1	1	0	0.999999
toyota	0	0	4	0	1.000000
num	4	0	87	0	1.000000
shower	0	0	34	0	1.000000
lou	4	1	4	0	1.000000
electronic	0	1	2	0	1.000000
maritime	0	0	2	0	1.000000
gift	0	1	2	0	1.000000
workshops	0	1	3	0	1.000000
liq	4	1	23	0	1.000000
etc	0	0	24	0	1.000000
pcs	2	1	4	0	1.000000
lurk	0	0	1	0	0.999999
dhey	0	1	1	0	0.999999
cot	4	1	2	0	1.000000
banqueting	0	0	1	0	0.999999
cadd	0	1	10	0	1.000000
nse	2	1	13	0	1.000000
capture	0	1	1	0	0.999999
odi	2	1	1	0	0.999999
kw	3	1	1	0	0.999999
specias	0	1	2	0	1.000000
trendy	0	0	2	0	1.000000
upper	0	1	1	0	0.999999
oub	4	0	3	0	1.000000
frn	4	1	1	0	0.999999
sounded	0	0	3	0	1.000000
mps	2	1	5	0	1.000000
kel	2	1	1	0	0.999999
torrent	0	1	1	0	0.999999
hummingbird	0	0	2	0	1.000000
eva	2	0	2	0	1.000000
self	0	1	1	0	0.999999
imene	0	0	1	0	0.999999
arredamento	0	0	1	0	0.999999
fau	4	0	51	0	1.000000
orden	0	0	1	0	0.999999
dt	1	0	7	0	1.000000
projector	0	1	1	0	0.999999
yor	4	1	229	0	1.000000
anc	4	1	3	0	1.000000
big	2	0	18	0	1.000000
culprits	0	0	1	0	0.999999
babies	0	0	1	0	0.999999
telnet	0	1	10	0	1.000000
trillions	0	0	1	0	0.999999
max	4	1	22	0	1.000000
leverages	0	0	1	0	0.999999
ars	2	1	48	0	1.000000
eiphone	0	0	1	0	0.999999
espero	0	0	3	0	1.000000
serwer	0	1	1	0	0.999999
yre	2	1	3	0	1.000000
sur	2	0	10	0	1.000000
troubleshoot	0	0	1	0	0.999999
richest	0	0	1	0	0.999999
fr	3	0	988	0	1.000000
gat	2	0	1	0	0.999999
es	3	1	86	0	1.000000
pr	1	0	27	0	1.000000
chuck	0	1	1	0	0.999999
file	0	0	25	0	1.000000
send	0	1	24	0	1.000000
nisinta	0	0	2	0	1.000000
hondamatic	0	0	1	0	0.999999
pcs	4	1	1	0	0.999999
nogas	0	0	2	0	1.000000
index	0	0	15	0	1.000000
event	0	1	6	0	1.000000
navy	0	1	1	0	0.999999
injurious	0	0	1	0	0.999999
toberman	0	1	1	0	0.999999
urs	4	0	5	0	1.000000
eal	4	0	3	0	1.000000
auxiliary	0	1	32	0	1.000000
ac	2	1	1	0	0.999999
sti	2	0	4	0	1.000000
ash	2	0	29	0	1.000000
prefix	0	0	1	0	0.999999
prequel	0	1	1	0	0.999999
connect	0	0	7	0	1.000000
salute	0	1	2	0	1.000000
sha	2	1	3	0	1.000000
promising	0	0	1	0	0.999999
ale	2	0	50	0	1.000000
cuss	0	0	1	0	0.999999
benedetti	0	0	1	0	0.999999
promotional	0	0	3	0	1.000000
sar	4	0	10	0	1.000000
dum	4	1	1	0	0.999999
ipc	4	1	1	0	0.999999
aol	4	1	2	0	1.000000
dio	4	0	3	0	1.000000
beachside	0	0	1	0	0.999999
conquest	0	0	5	0	1.000000
curse	0	0	1	0	0.999999
fff	4	1	1	0	0.999999
sra	4	1	1	0	0.999999
sy	3	0	100	0	1.000000
directions	0	0	2	0	1.000000
later	0	0	25	0	1.000000
os	2	0	4	0	1.000000
propre	0	1	1	0	0.999999
ide	4	1	6	0	1.000000
tag	4	0	7	0	1.000000
met	2	1	2	0	1.000000
jewelry	0	1	2	0	1.000000
espao	0	0	1	0	0.999999
furnished	0	0	2	0	1.000000
abo	4	1	48	0	1.000000
deixou	0	0	1	0	0.999999
scots	0	1	2	0	1.000000
nam	2	1	3	0	1.000000
amis	0	0	2	0	1.000000
eyr	2	1	2	0	1.000000
reconcile	0	0	1	0	0.999999
blocker	0	0	5	0	1.000000
sur	0	0	10	0	1.000000
wje	4	0	1	0	0.999999
os	0	1	2	0	1.000000
chairs	0	0	1	0	0.999999
ivoire	0	1	1	0	0.999999
centers	0	1	7	0	1.000000
yer	0	1	1	0	0.999999
cock	0	1	2	0	1.000000
fondness	0	0	1	0	0.999999
sed	2	1	42	0	1.000000
radi	0	0	1	0	0.999999
restaurantprobably	0	1	1	0	0.999999
sno	4	0	36	0	1.000000
ie	3	1	2	0	1.000000
chronicles	0	1	3	0	1.000000
simpler	0	0	1	0	0.999999
teacher	0	0	1	0	0.999999
sex	4	1	22	0	1.000000
am	0	1	80	0	1.000000
iny	2	1	2	0	1.000000
nobu	0	1	4	0	1.000000
jd	3	1	1	0	0.999999
visitar	0	0	1	0	0.999999
hf	1	1	2	0	1.000000
magazinethis	0	1	1	0	0.999999
imp	0	1	2	0	1.000000
from	0	0	619	0	1.000000
prove	0	0	2	0	1.000000
restoration	0	0	1	0	0.999999
benjamin	0	1	1	0	0.999999
enyiw	0	1	1	0	0.999999
can	0	0	400	0	1.000000
fim	0	0	2	0	1.000000
associations	0	0	1	0	0.999999
brands	0	1	1	0	0.999999
schulen	0	0	1	0	0.999999
fic	4	0	3	0	1.000000
consult	0	0	2	0	1.000000
steak	0	0	1	0	0.999999
securities	0	1	18	0	1.000000
rocks	0	1	5	0	1.000000
well	0	0	88	0	1.000000
alcohol	0	0	2	0	1.000000
pvt	4	0	1	0	0.999999
cbc	2	1	1	0	0.999999
races	0	0	10	0	1.000000
aplicaci	0	0	2	0	1.000000
wgh	2	0	1	0	0.999999
zr	1	1	1	0	0.999999
summoner	0	1	1	0	0.999999
bureau	0	1	4	0	1.000000
reproductive	0	0	1	0	0.999999
devan	0	0	1	0	0.999999
wetlands	0	1	3	0	1.000000
bmw	0	1	40	0	1.000000
vou	4	0	10	0	1.000000
nationality	0	1	3	0	1.000000
vast	0	0	5	0	1.000000
prototype	0	0	1	0	0.999999
oid	2	1	3	0	1.000000
ssj	4	1	3	0	1.000000
so	3	0	615	0	1.000000
identifiable	0	0	17	0	1.000000
rey	0	1	1	0	0.999999
voted	0	0	1	0	0.999999
peg	4	0	3	0	1.000000
charting	0	0	3	0	1.000000
graphic	0	1	5	0	1.000000
cesar	0	0	1	0	0.999999
burner	0	0	1	0	0.999999
records	0	1	1	0	0.999999
isso	0	0	4	0	1.000000
hus	2	0	9	0	1.000000
ordnance	0	1	2	0	1.000000
mechanic	0	0	2	0	1.000000
ei	2	1	1	0	0.999999
bait	0	0	1	0	0.999999
prizeus	0	1	1	0	0.999999
towards	0	0	9	0	1.000000
oul	2	0	2	0	1.000000
speaking	0	0	5	0	1.000000
yer	4	0	1	0	0.999999
eul	2	0	1	0	0.999999
rks	2	1	34	0	1.000000
ria	2	0	21	0	1.000000
skank	0	0	1	0	0.999999
drinking	0	0	5	0	1.000000
nie	2	0	2	0	1.000000
simultaneously	0	0	1	0	0.999999
watchin	0	0	1	0	0.999999
hummer	0	0	1	0	0.999999
lay	4	0	17	0	1.000000
ynhesy	0	1	1	0	0.999999
rain	0	1	1	0	0.999999
madagascarmap	0	1	2	0	1.000000
journey	0	0	5	0	1.000000
bing	0	0	1	0	0.999999
levski	0	1	1	0	0.999999
suspiciously	0	0	1	0	0.999999
forcing	0	0	2	0	1.000000
bl	3	0	183	0	1.000000
temples	0	0	6	0	1.000000
rainforests	0	0	3	0	1.000000
arab	0	0	1	0	0.999999
bevington	0	0	1	0	0.999999
dumping	0	1	1	0	0.999999
interest	0	1	23	0	1.000000
pic	4	1	30	0	1.000000
max	2	1	4	0	1.000000
georgia	0	0	1	0	0.999999
reserve	0	1	4	0	1.000000
rejoindre	0	0	2	0	1.000000
mbm	2	0	1	0	0.999999
bamboo	0	1	2	0	1.000000
question	0	0	16	0	1.000000
ore	0	1	2	0	1.000000
mario	0	1	1	0	0.999999
objectives	0	0	3	0	1.000000
hsa	2	1	2	0	1.000000
ayl	4	1	1	0	0.999999
wont	0	0	2	0	1.000000
ido	2	1	1	0	0.999999
personage	0	0	1	0	0.999999
eba	2	1	1	0	0.999999
africa	0	0	1	0	0.999999
county	0	0	19	0	1.000000
wif	4	0	9	0	1.000000
walked	0	0	4	0	1.000000
dam	0	1	2	0	1.000000
hofstrasaturday	0	1	1	0	0.999999
cooking	0	0	2	0	1.000000
austraian	0	1	1	0	0.999999
badges	0	1	1	0	0.999999
dyi	4	0	1	0	0.999999
ma	2	0	4	0	1.000000
es	0	0	9	0	1.000000
ore	0	0	4	0	1.000000
tire	0	0	2	0	1.000000
nt	1	1	786	0	1.000000
gertrude	0	1	1	0	0.999999
burkina	0	1	2	0	1.000000
ucrain	0	1	1	0	0.999999
ens	2	1	16	0	1.000000
suited	0	0	2	0	1.000000
authorizing	0	0	1	0	0.999999
gli	2	1	1	0	0.999999
kept	0	0	13	0	1.000000
csorry	0	1	1	0	0.999999
unc	4	1	1	0	0.999999
io	1	0	83	0	1.000000
loud	0	0	1	0	0.999999
export	0	1	3	0	1.000000
download	0	1	15	0	1.000000
references	0	0	2	0	1.000000
flonase	0	0	1	0	0.999999
engineers	0	1	14	0	1.000000
artists	0	0	2	0	1.000000
seattle	0	0	4	0	1.000000
sit	2	1	15	0	1.000000
collaborated	0	0	1	0	0.999999
assaults	0	0	2	0	1.000000
lay	2	1	26	0	1.000000
drafts	0	1	1	0	0.999999
francesco	0	1	1	0	0.999999
ibg	2	0	1	0	0.999999
interviews	0	0	10	0	1.000000
hite	0	0	1	0	0.999999
innumerable	0	0	2	0	1.000000
tn	0	0	1	0	0.999999
sts	0	0	1	0	0.999999
myt	4	0	2	0	1.000000
plt	4	1	1	0	0.999999
angles	0	0	1	0	0.999999
ari	2	0	8	0	1.000000
usevar	0	0	1	0	0.999999
nightfire	0	0	1	0	0.999999
ca	0	0	12	0	1.000000
terry	0	0	1	0	0.999999
discoveredcheck	0	1	1	0	0.999999
nicole	0	0	1	0	0.999999
greenbelt	0	0	1	0	0.999999
servicedivision	0	1	1	0	0.999999
rementer	0	0	1	0	0.999999
subscriptions	0	0	3	0	1.000000
objects	0	0	1	0	0.999999
plt	2	1	1	0	0.999999
athazardous	0	1	1	0	0.999999
ei	1	1	7	0	1.000000
hui	4	0	1	0	0.999999
uly	2	0	11	0	1.000000
photochop	0	1	1	0	0.999999
ghosts	0	0	1	0	0.999999
bases	0	0	2	0	1.000000
jaguar	0	0	3	0	1.000000
gyf	4	0	1	0	0.999999
romeo	0	1	1	0	0.999999
investigation	0	0	2	0	1.000000
mitchell	0	0	2	0	1.000000
quarrel	0	0	4	0	1.000000
jis	0	1	1	0	0.999999
ere	4	0	4	0	1.000000
macon	0	1	1	0	0.999999
colonised	0	0	1	0	0.999999
bl	1	1	5	0	1.000000
braun	0	1	1	0	0.999999
siteshow	0	0	1	0	0.999999
exi	4	0	34	0	1.000000
ndt	0	0	2	0	1.000000
rest	0	0	12	0	1.000000
checking	0	0	1	0	0.999999
umbrella	0	0	1	0	0.999999
sales	0	0	25	0	1.000000
ubo	2	1	5	0	1.000000
wireess	0	1	1	0	0.999999
tpb	0	1	1	0	0.999999
demonstrated	0	0	1	0	0.999999
diy	4	1	5	0	1.000000
ltz	2	1	1	0	0.999999
forests	0	1	2	0	1.000000
gut	0	1	1	0	0.999999
adc	2	0	1	0	0.999999
hertford	0	1	1	0	0.999999
systems	0	0	23	0	1.000000
creole	0	1	2	0	1.000000
sex	0	1	11	0	1.000000
souviens	0	0	2	0	1.000000
sending	0	0	1	0	0.999999
punctuation	0	0	3	0	1.000000
wingspanof	0	0	1	0	0.999999
dirty	0	0	5	0	1.000000
hansson	0	1	1	0	0.999999
market	0	1	15	0	1.000000
hans	0	1	6	0	1.000000
kubisz	0	1	1	0	0.999999
usepassword	0	0	1	0	0.999999
appearance	0	1	3	0	1.000000
minors	0	1	7	0	1.000000
codes	0	1	1	0	0.999999
lou	4	0	5	0	1.000000
enabling	0	0	2	0	1.000000
stainless	0	0	1	0	0.999999
tool	0	0	18	0	1.000000
buguri	0	1	1	0	0.999999
shot	0	0	5	0	1.000000
oho	2	1	1	0	0.999999
imaging	0	0	1	0	0.999999
gof	4	1	2	0	1.000000
sur	4	0	127	0	1.000000
dso	2	1	1	0	0.999999
ixe	2	1	1	0	0.999999
godiva	0	0	1	0	0.999999
moons	0	0	1	0	0.999999
syn	4	0	10	0	1.000000
uc	1	1	1	0	0.999999
tom	0	1	3	0	1.000000
director	0	0	15	0	1.000000
traces	0	1	1	0	0.999999
odi	2	0	1	0	0.999999
joining	0	0	1	0	0.999999
obu	2	1	4	0	1.000000
becoming	0	0	2	0	1.000000
rtgage	0	0	2	0	1.000000
hanging	0	0	2	0	1.000000
feeders	0	0	1	0	0.999999
kel	2	0	7	0	1.000000
captain	0	1	3	0	1.000000
paper	0	0	4	0	1.000000
ree	2	1	157	0	1.000000
ube	2	0	6	0	1.000000
positiontip	0	1	2	0	1.000000
mpatibe	0	0	1	0	0.999999
cityoff	0	1	1	0	0.999999
playing	0	1	2	0	1.000000
acquisitions	0	0	5	0	1.000000
fr	0	1	4	0	1.000000
dvb	2	1	2	0	1.000000
hummingbird	0	1	3	0	1.000000
kenya	0	1	1	0	0.999999
tender	0	0	3	0	1.000000
pau	4	0	2	0	1.000000
inter	0	1	1	0	0.999999
arredamento	0	1	6	0	1.000000
fau	4	1	1	0	0.999999
haleigh	0	0	1	0	0.999999
ien	2	1	4	0	1.000000
jeering	0	0	1	0	0.999999
mayflowercayo	0	1	1	0	0.999999
snorkeling	0	1	1	0	0.999999
happy	0	0	18	0	1.000000
pech	0	1	1	0	0.999999
userid	0	0	28	0	1.000000
personalities	0	0	1	0	0.999999
syd	2	1	1	0	0.999999
htt	4	0	28	0	1.000000
excitement	0	0	2	0	1.000000
es	1	0	2904	0	1.000000
coveted	0	1	1	0	0.999999
yre	2	0	3	0	1.000000
oni	2	1	3	0	1.000000
premier	0	0	1	0	0.999999
lifestyles	0	1	3	0	1.000000
smp	2	1	1	0	0.999999
mif	4	0	1	0	0.999999
radartalk	0	1	1	0	0.999999
dt	3	0	2	0	1.000000
so	2	0	150	0	1.000000
performed	0	0	5	0	1.000000
safely	0	1	1	0	0.999999
npr	2	1	2	0	1.000000
trse	0	0	1	0	0.999999
am	3	0	211	0	1.000000
reveals	0	1	2	0	1.000000
navy	0	0	5	0	1.000000
autos	0	0	1	0	0.999999
jiffy	0	1	2	0	1.000000
migliori	0	0	2	0	1.000000
tx	0	1	4	0	1.000000
hecsa	0	1	1	0	0.999999
air	4	1	21	0	1.000000
rui	4	1	3	0	1.000000
um	2	0	12	0	1.000000
letra	0	1	1	0	0.999999
connect	0	1	2	0	1.000000
nso	2	0	1	0	0.999999
mythology	0	0	1	0	0.999999
constitutions	0	0	2	0	1.000000
so	0	0	150	0	1.000000
split	0	0	1	0	0.999999
socit	0	1	1	0	0.999999
dale	0	1	1	0	0.999999
roe	2	1	2	0	1.000000
iti	4	0	2	0	1.000000
fr	1	1	4	0	1.000000
causes	0	1	1	0	0.999999
chestnut	0	0	1	0	0.999999
directions	0	1	1	0	0.999999
advertising	0	1	4	0	1.000000
onshore	0	0	1	0	0.999999
index	0	1	54	0	1.000000
hands	0	0	11	0	1.000000
dam	4	0	11	0	1.000000
sy	3	1	51	0	1.000000
humorous	0	1	1	0	0.999999
rp	2	0	1	0	0.999999
tis	4	0	2	0	1.000000
tag	4	1	7	0	1.000000
went	0	0	18	0	1.000000
dos	2	1	5	0	1.000000
until	0	1	1	0	0.999999
nam	2	0	1	0	0.999999
buses	0	1	2	0	1.000000
wiz	4	1	2	0	1.000000
interrogate	0	0	1	0	0.999999
reeases	0	0	1	0	0.999999
bust	0	1	1	0	0.999999
diy	2	1	5	0	1.000000
nca	2	1	1	0	0.999999
unwavering	0	0	1	0	0.999999
roy	2	1	2	0	1.000000
sex	2	1	27	0	1.000000
desmond	0	1	1	0	0.999999
iy	1	0	5	0	1.000000
carpenter	0	1	1	0	0.999999
pilgrim	0	0	1	0	0.999999
kazakhstan	0	1	1	0	0.999999
die	0	1	3	0	1.000000
tlvision	0	1	1	0	0.999999
allahabad	0	1	1	0	0.999999
bearing	0	1	1	0	0.999999
springs	0	0	3	0	1.000000
kriss	0	1	1	0	0.999999
occasions	0	0	1	0	0.999999
iji	2	0	1	0	0.999999
reefspanning	0	1	1	0	0.999999
kipling	0	1	1	0	0.999999
proposed	0	0	2	0	1.000000
scalaocht	0	0	1	0	0.999999
ube	2	1	18	0	1.000000
well	0	1	11	0	1.000000
platties	0	0	2	0	1.000000
uel	2	0	11	0	1.000000
imp	4	1	21	0	1.000000
wje	0	1	1	0	0.999999
german	0	1	11	0	1.000000
alcohol	0	1	1	0	0.999999
belmopan	0	1	5	0	1.000000
coldspot	0	0	1	0	0.999999
christmas	0	1	8	0	1.000000
eal	2	0	81	0	1.000000
nationality	0	0	1	0	0.999999
man	4	0	247	0	1.000000
sen	4	0	63	0	1.000000
attemptto	0	0	5	0	1.000000
suspense	0	0	2	0	1.000000
ship	0	1	47	0	1.000000
cacy	0	0	1	0	0.999999
ca	2	1	5	0	1.000000
ssj	2	1	3	0	1.000000
wje	2	1	1	0	0.999999
problwms	0	0	1	0	0.999999
so	0	1	32	0	1.000000
iskedyul	0	0	1	0	0.999999
untopppable	0	0	1	0	0.999999
surrounding	0	0	4	0	1.000000
little	0	0	46	0	1.000000
please	0	1	51	0	1.000000
issuers	0	1	46	0	1.000000
yin	2	0	1	0	0.999999
professionalor	0	0	2	0	1.000000
happening	0	0	5	0	1.000000
mashines	0	1	1	0	0.999999
dgzpw	0	1	30	0	1.000000
handicap	0	1	2	0	1.000000
hynne	0	1	11	0	1.000000
abort	0	0	4	0	1.000000
depois	0	1	1	0	0.999999
huesner	0	1	2	0	1.000000
emt	2	0	1	0	0.999999
ery	2	1	87	0	1.000000
iti	2	0	5	0	1.000000
pictured	0	0	1	0	0.999999
enslaved	0	1	1	0	0.999999
cragar	0	0	1	0	0.999999
mud	0	0	1	0	0.999999
hsa	0	1	2	0	1.000000
retrieval	0	0	1	0	0.999999
peta	0	1	1	0	0.999999
mutua	0	1	1	0	0.999999
edi	2	1	1	0	0.999999
costs	0	0	6	0	1.000000
verdemap	0	1	1	0	0.999999
recognized	0	0	4	0	1.000000
loan	0	1	3	0	1.000000
frenchman	0	1	1	0	0.999999
clouded	0	0	1	0	0.999999
misty	0	1	1	0	0.999999
trader	0	1	1	0	0.999999
nie	2	1	4	0	1.000000
stuffus	0	1	2	0	1.000000
grilles	0	1	1	0	0.999999
performance	0	0	8	0	1.000000
terry	0	1	1	0	0.999999
mace	0	1	1	0	0.999999
interpretation	0	0	1	0	0.999999
bundle	0	0	3	0	1.000000
iar	4	0	1	0	0.999999
uve	4	0	1	0	0.999999
chase	0	0	1	0	0.999999
reo	4	0	2	0	1.000000
tape	0	0	2	0	1.000000
kel	4	1	5	0	1.000000
butler	0	0	1	0	0.999999
newsletters	0	0	3	0	1.000000
occupied	0	0	6	0	1.000000
buick	0	0	1	0	0.999999
zr	2	1	1	0	0.999999
complying	0	1	11	0	1.000000
ule	2	0	5	0	1.000000
yearly	0	0	3	0	1.000000
elu	4	0	1	0	0.999999
daggett	0	1	1	0	0.999999
dialog	0	1	2	0	1.000000
mario	0	0	1	0	0.999999
georgia	0	1	8	0	1.000000
lea	2	0	2	0	1.000000
nes	2	1	51	0	1.000000
ooh	2	0	1	0	0.999999
residence	0	0	1	0	0.999999
primarybackup	0	1	2	0	1.000000
iod	2	0	26	0	1.000000
eer	2	0	19	0	1.000000
tabor	0	1	1	0	0.999999
miners	0	0	1	0	0.999999
ll	0	0	36	0	1.000000
troubleshooting	0	1	1	0	0.999999
africa	0	1	5	0	1.000000
sah	4	1	1	0	0.999999
ca	0	1	5	0	1.000000
die	2	1	6	0	1.000000
winked	0	0	1	0	0.999999
ola	4	1	1	0	0.999999
wa	2	0	4	0	1.000000
floor	0	0	13	0	1.000000
ma	2	1	6	0	1.000000
cofferdams	0	1	1	0	0.999999
desmoulin	0	1	1	0	0.999999
greyhawk	0	1	1	0	0.999999
ys	2	0	1	0	0.999999
lizy	0	0	14	0	1.000000
gpo	0	1	1	0	0.999999
departmentphone	0	1	1	0	0.999999
spoke	0	0	4	0	1.000000
interest	0	0	15	0	1.000000
times	0	0	31	0	1.000000
sod	4	0	3	0	1.000000
dave	0	1	3	0	1.000000
big	4	1	33	0	1.000000
eba	4	1	5	0	1.000000
artillery	0	0	8	0	1.000000
ie	0	0	4	0	1.000000
adoption	0	1	1	0	0.999999
ceso	0	1	5	0	1.000000
ira	2	1	10	0	1.000000
synth	0	0	1	0	0.999999
ivoiremap	0	1	1	0	0.999999
pvt	0	0	1	0	0.999999
homeless	0	0	1	0	0.999999
mot	0	0	4	0	1.000000
ifc	2	0	1	0	0.999999
gigs	0	0	4	0	1.000000
pulais	0	1	1	0	0.999999
es	2	0	9	0	1.000000
steeple	0	1	1	0	0.999999
ph	2	1	5	0	1.000000
strongly	0	0	2	0	1.000000
novice	0	1	1	0	0.999999
gaery	0	0	1	0	0.999999
download	0	0	49	0	1.000000
ela	2	0	29	0	1.000000
gomez	0	0	1	0	0.999999
etc	4	1	1	0	0.999999
mun	4	1	9	0	1.000000
lay	2	0	70	0	1.000000
comthanks	0	1	1	0	0.999999
education	0	1	7	0	1.000000
ist	4	0	11	0	1.000000
fim	2	1	1	0	0.999999
manga	0	0	6	0	1.000000
machacar	0	0	1	0	0.999999
smite	0	0	1	0	0.999999
aw	2	0	1	0	0.999999
some	0	1	11	0	1.000000
charity	0	1	1	0	0.999999
encyklopedie	0	0	1	0	0.999999
mu	3	0	343	0	1.000000
zenophile	0	1	1	0	0.999999
mot	4	0	36	0	1.000000
km	0	0	2	0	1.000000
mackerel	0	1	1	0	0.999999
vl	1	1	5	0	1.000000
senator	0	0	1	0	0.999999
kyl	4	1	2	0	1.000000
etw	2	1	1	0	0.999999
met	2	0	17	0	1.000000
alo	2	0	2	0	1.000000
acn	4	1	1	0	0.999999
self	0	0	15	0	1.000000
managers	0	0	5	0	1.000000
alcoholic	0	0	1	0	0.999999
its	2	1	49	0	1.000000
category	0	1	2	0	1.000000
categ	0	1	1	0	0.999999
ndash	0	0	4	0	1.000000
amn	2	1	1	0	0.999999
protector	0	0	1	0	0.999999
oct	0	1	33	0	1.000000
send	0	0	22	0	1.000000
moore	0	1	2	0	1.000000
lea	4	0	205	0	1.000000
symposium	0	1	2	0	1.000000
geodetic	0	1	1	0	0.999999
emerges	0	0	2	0	1.000000
lke	2	0	1	0	0.999999
son	2	0	128	0	1.000000
macon	0	0	1	0	0.999999
empirenations	0	1	1	0	0.999999
lisboa	0	1	4	0	1.000000
tga	2	1	1	0	0.999999
southeast	0	0	4	0	1.000000
valentine	0	1	2	0	1.000000
indo	0	1	3	0	1.000000
workforce	0	1	1	0	0.999999
ph	3	0	105	0	1.000000
adopt	0	0	1	0	0.999999
aby	2	1	5	0	1.000000
collectthis	0	1	1	0	0.999999
air	2	0	60	0	1.000000
ons	0	0	2	0	1.000000
reactivati	0	0	1	0	0.999999
mistress	0	1	1	0	0.999999
mml	4	1	1	0	0.999999
aw	3	1	14	0	1.000000
so	1	1	112	0	1.000000
isnt	0	1	1	0	0.999999
pr	3	0	1421	0	1.000000
there	0	0	125	0	1.000000
tom	2	1	16	0	1.000000
rmat	0	0	1	0	0.999999
oer	2	0	1	0	0.999999
market	0	0	18	0	1.000000
ndt	2	0	2	0	1.000000
appearance	0	0	3	0	1.000000
shot	0	1	1	0	0.999999
ignore	0	0	16	0	1.000000
szm	0	0	1	0	0.999999
vermissen	0	0	2	0	1.000000
izm	2	1	1	0	0.999999
hdp	4	1	1	0	0.999999
hoo	2	0	1	0	0.999999
wto	2	1	1	0	0.999999
sur	4	1	48	0	1.000000
cheers	0	1	1	0	0.999999
consulting	0	0	1	0	0.999999
magical	0	1	1	0	0.999999
corrupted	0	0	1	0	0.999999
wan	4	1	20	0	1.000000
syn	4	1	4	0	1.000000
se	1	0	983	0	1.000000
has	0	1	2	0	1.000000
init	0	1	3	0	1.000000
liaisons	0	0	1	0	0.999999
taut	0	0	1	0	0.999999
cent	0	0	3	0	1.000000
plaza	0	0	2	0	1.000000
useless	0	0	5	0	1.000000
last	0	0	69	0	1.000000
campbell	0	1	1	0	0.999999
scratch	0	0	1	0	0.999999
failure	0	0	4	0	1.000000
shortcomings	0	0	1	0	0.999999
captain	0	0	5	0	1.000000
se	2	1	5	0	1.000000
childhood	0	0	2	0	1.000000
dreamin	0	1	1	0	0.999999
wu	3	0	1	0	0.999999
acquisitions	0	1	3	0	1.000000
paper	0	1	4	0	1.000000
bae	2	0	1	0	0.999999
rai	4	1	8	0	1.000000
vancou	0	0	1	0	0.999999
met	4	0	65	0	1.000000
avy	2	1	4	0	1.000000
insurgents	0	0	1	0	0.999999
bue	0	1	4	0	1.000000
waow	0	1	1	0	0.999999
fak	4	1	1	0	0.999999
ftb	4	0	1	0	0.999999
pastic	0	0	1	0	0.999999
deepest	0	0	1	0	0.999999
ien	2	0	13	0	1.000000
privacy	0	0	24	0	1.000000
wallis	0	1	1	0	0.999999
preserve	0	1	1	0	0.999999
amanner	0	0	1	0	0.999999
toask	0	0	1	0	0.999999
gg	1	1	7	0	1.000000
goodly	0	0	1	0	0.999999
child	0	0	12	0	1.000000
maryland	0	1	1	0	0.999999
rigina	0	0	1	0	0.999999
oni	2	0	4	0	1.000000
minors	0	0	8	0	1.000000
wad	4	0	1	0	0.999999
es	1	1	1097	0	1.000000
sayonara	0	1	1	0	0.999999
nos	4	0	13	0	1.000000
roomy	0	1	1	0	0.999999
its	0	1	24	0	1.000000
os	1	0	318	0	1.000000
portland	0	0	5	0	1.000000
rus	2	0	1	0	0.999999
waters	0	1	1	0	0.999999
disclosed	0	0	2	0	1.000000
guj	4	1	1	0	0.999999
collins	0	0	2	0	1.000000
turbo	0	1	2	0	1.000000
wyethwatch	0	1	1	0	0.999999
uc	3	1	2	0	1.000000
autos	0	1	2	0	1.000000
gut	4	1	2	0	1.000000
occasionalstreaming	0	0	5	0	1.000000
um	2	1	2	0	1.000000
closex	0	1	16	0	1.000000
sociaux	0	1	1	0	0.999999
otc	0	1	1	0	0.999999
livre	0	0	3	0	1.000000
npr	0	1	2	0	1.000000
bb	3	0	5	0	1.000000
big	0	0	18	0	1.000000
amended	0	1	1	0	0.999999
fog	4	1	11	0	1.000000
rey	2	1	10	0	1.000000
bonefish	0	1	2	0	1.000000
ards	0	0	1	0	0.999999
campaign	0	0	4	0	1.000000
trnava	0	1	14	0	1.000000
iti	4	1	6	0	1.000000
agree	0	0	5	0	1.000000
mksla	0	1	1	0	0.999999
buo	4	1	3	0	1.000000
servio	0	0	1	0	0.999999
gradis	0	0	1	0	0.999999
anthropologists	0	0	1	0	0.999999
vintage	0	0	14	0	1.000000
adequate	0	0	4	0	1.000000
perfume	0	1	1	0	0.999999
buses	0	0	7	0	1.000000
its	4	0	139	0	1.000000
skate	0	0	1	0	0.999999
brazil	0	0	2	0	1.000000
shuddered	0	0	1	0	0.999999
tyw	4	0	1	0	0.999999
siery	0	0	1	0	0.999999
bok	4	0	1	0	0.999999
dma	2	1	1	0	0.999999
nca	2	0	3	0	1.000000
ahs	2	0	3	0	1.000000
togheter	0	0	2	0	1.000000
ree	4	0	60	0	1.000000
syn	0	0	1	0	0.999999
embankment	0	1	2	0	1.000000
proper	0	0	3	0	1.000000
forestry	0	1	1	0	0.999999
hp	1	1	27	0	1.000000
bou	2	0	1	0	0.999999
stroke	0	0	6	0	1.000000
etc	2	1	1	0	0.999999
guanacaste	0	0	1	0	0.999999
signature	0	0	9	0	1.000000
mto	4	1	1	0	0.999999
field	0	0	15	0	1.000000
tis	2	1	4	0	1.000000
monitoring	0	1	1	0	0.999999
inthecrack	0	0	2	0	1.000000
ifc	0	0	1	0	0.999999
theses	0	1	1	0	0.999999
die	4	1	25	0	1.000000
general	0	1	19	0	1.000000
fiberglass	0	0	2	0	1.000000
cayoblue	0	1	1	0	0.999999
nie	4	1	4	0	1.000000
cookie	0	1	3	0	1.000000
palace	0	0	2	0	1.000000
aspirin	0	0	1	0	0.999999
reois	0	0	2	0	1.000000
rik	4	0	5	0	1.000000
des	2	1	35	0	1.000000
ola	2	1	7	0	1.000000
deposition	0	1	1	0	0.999999
ca	1	1	212	0	1.000000
christmas	0	0	1	0	0.999999
pattern	0	1	1	0	0.999999
capacidad	0	0	1	0	0.999999
tn	2	0	1	0	0.999999
came	0	1	1	0	0.999999
km	2	1	1	0	0.999999
ll	3	1	12	0	1.000000
man	4	1	107	0	1.000000
eni	4	0	2	0	1.000000
chat	0	0	5	0	1.000000
awhile	0	0	1	0	0.999999
onwards	0	0	1	0	0.999999
worship	0	0	1	0	0.999999
farewelling	0	0	1	0	0.999999
tlp	2	1	2	0	1.000000
turtle	0	1	1	0	0.999999
yer	4	1	1	0	0.999999
issuers	0	0	5	0	1.000000
expend	0	0	1	0	0.999999
clarify	0	0	1	0	0.999999
rour	0	0	1	0	0.999999
acres	0	0	3	0	1.000000
rito	0	0	1	0	0.999999
python	0	1	9	0	1.000000
wje	4	1	1	0	0.999999
hava	0	1	1	0	0.999999
rsa	2	0	3	0	1.000000
depois	0	0	1	0	0.999999
societies	0	0	1	0	0.999999
rightus	0	1	2	0	1.000000
ira	4	1	4	0	1.000000
domestic	0	1	7	0	1.000000
apa	4	0	27	0	1.000000
edi	2	0	1	0	0.999999
pr	2	0	23	0	1.000000
mud	0	1	1	0	0.999999
ens	4	1	6	0	1.000000
wouldlike	0	0	1	0	0.999999
facebook	0	1	6	0	1.000000
epaulettes	0	0	1	0	0.999999
awn	2	1	1	0	0.999999
netfix	0	0	1	0	0.999999
archaeologists	0	1	2	0	1.000000
diviso	0	0	1	0	0.999999
wet	4	1	3	0	1.000000
hoo	4	0	6	0	1.000000
birdwatch	0	0	2	0	1.000000
pcs	0	1	1	0	0.999999
edgardo	0	1	1	0	0.999999
butler	0	1	2	0	1.000000
menuif	0	0	1	0	0.999999
sti	0	0	1	0	0.999999
se	0	0	31	0	1.000000
libre	0	0	1	0	0.999999
adjusted	0	0	1	0	0.999999
induced	0	0	3	0	1.000000
hik	4	1	2	0	1.000000
ship	0	0	104	0	1.000000
sts	2	0	109	0	1.000000
tier	0	0	1	0	0.999999
laquo	0	0	1	0	0.999999
cooler	0	0	2	0	1.000000
poetic	0	0	1	0	0.999999
kev	4	1	3	0	1.000000
nei	2	0	1	0	0.999999
morgan	0	1	1	0	0.999999
jem	4	1	2	0	1.000000
dealers	0	0	2	0	1.000000
pak	4	1	1	0	0.999999
follows	0	0	4	0	1.000000
lea	2	1	1	0	0.999999
solemn	0	0	1	0	0.999999
vue	2	1	2	0	1.000000
victim	0	0	2	0	1.000000
dotted	0	0	2	0	1.000000
flinching	0	0	1	0	0.999999
iod	2	1	4	0	1.000000
drink	0	1	3	0	1.000000
bay	2	1	15	0	1.000000
oro	4	0	2	0	1.000000
nos	0	1	2	0	1.000000
petites	0	0	2	0	1.000000
sage	0	0	1	0	0.999999
centres	0	0	7	0	1.000000
nannies	0	1	1	0	0.999999
ooh	2	1	1	0	0.999999
wining	0	0	1	0	0.999999
vae	4	1	2	0	1.000000
precinct	0	1	2	0	1.000000
ras	2	1	15	0	1.000000
pilipp	0	1	1	0	0.999999
azerbaijanextensive	0	1	1	0	0.999999
mgr	4	1	2	0	1.000000
bay	0	0	7	0	1.000000
purport	0	0	1	0	0.999999
eba	4	0	5	0	1.000000
personalized	0	0	5	0	1.000000
fr	2	1	4	0	1.000000
sod	4	1	1	0	0.999999
espanol	0	1	1	0	0.999999
nowadays	0	0	1	0	0.999999
yessss	0	0	1	0	0.999999
sen	4	1	38	0	1.000000
bastian	0	1	1	0	0.999999
astounding	0	0	1	0	0.999999
synth	0	1	1	0	0.999999
festiviteten	0	1	1	0	0.999999
snolisky	0	1	1	0	0.999999
lloydminster	0	1	10	0	1.000000
tec	4	0	72	0	1.000000
ifc	2	1	1	0	0.999999
iah	2	0	1	0	0.999999
esn	0	0	1	0	0.999999
bya	4	0	1	0	0.999999
lky	2	0	1	0	0.999999
ooh	0	0	1	0	0.999999
revisit	0	0	1	0	0.999999
fable	0	0	2	0	1.000000
netw	0	0	1	0	0.999999
tow	4	0	41	0	1.000000
grooming	0	1	3	0	1.000000
rf	1	1	5	0	1.000000
awarded	0	0	2	0	1.000000
ela	2	1	8	0	1.000000
tres	0	0	1	0	0.999999
giv	4	0	67	0	1.000000
maintained	0	0	4	0	1.000000
robert	0	1	2	0	1.000000
acn	2	1	1	0	0.999999
designations	0	0	1	0	0.999999
abundantly	0	0	1	0	0.999999
rney	0	0	3	0	1.000000
xyi	4	0	1	0	0.999999
fauth	0	0	42	0	1.000000
dela	0	1	1	0	0.999999
mot	4	1	15	0	1.000000
alo	4	1	1	0	0.999999
reed	0	1	4	0	1.000000
mad	4	0	86	0	1.000000
mackerel	0	0	1	0	0.999999
cleyton	0	0	1	0	0.999999
conventional	0	0	2	0	1.000000
encryptedemail	0	0	2	0	1.000000
florence	0	1	1	0	0.999999
tem	4	1	26	0	1.000000
nam	4	1	37	0	1.000000
woodhull	0	1	1	0	0.999999
xterra	0	0	1	0	0.999999
category	0	0	15	0	1.000000
illusionists	0	0	1	0	0.999999
emulation	0	1	7	0	1.000000
amn	2	0	2	0	1.000000
otc	2	1	1	0	0.999999
onmaps	0	1	1	0	0.999999
counteract	0	1	1	0	0.999999
sums	0	0	1	0	0.999999
last	0	1	35	0	1.000000
oxi	2	0	2	0	1.000000
wonderful	0	0	7	0	1.000000
cursores	0	0	1	0	0.999999
consacra	0	0	1	0	0.999999
foraggregate	0	0	1	0	0.999999
restaurants	0	0	8	0	1.000000
phases	0	0	2	0	1.000000
avo	2	1	10	0	1.000000
apps	0	0	3	0	1.000000
rp	3	0	2	0	1.000000
cet	4	0	4	0	1.000000
literary	0	0	1	0	0.999999
browsed	0	0	1	0	0.999999
milliner	0	0	1	0	0.999999
kashardian	0	1	1	0	0.999999
seized	0	0	1	0	0.999999
ph	3	1	100	0	1.000000
lleol	0	0	1	0	0.999999
gat	0	0	1	0	0.999999
rdz	2	1	2	0	1.000000
camacho	0	1	1	0	0.999999
sen	0	0	1	0	0.999999
air	2	1	32	0	1.000000
heard	0	1	2	0	1.000000
dtrectory	0	0	1	0	0.999999
tss	0	1	1	0	0.999999
formats	0	0	3	0	1.000000
chemistry	0	1	1	0	0.999999
dys	2	0	1	0	0.999999
attendants	0	0	1	0	0.999999
sen	2	1	8	0	1.000000
toyota	0	1	3	0	1.000000
hardy	0	0	1	0	0.999999
hopelessly	0	0	1	0	0.999999
ash	0	0	1	0	0.999999
ndt	2	1	2	0	1.000000
womanhood	0	0	1	0	0.999999
enjoys	0	0	2	0	1.000000
baha	0	1	3	0	1.000000
afa	2	0	1	0	0.999999
ouv	4	0	1	0	0.999999
tigershark	0	0	1	0	0.999999
mains	0	0	1	0	0.999999
wip	2	1	1	0	0.999999
buy	4	0	29	0	1.000000
specializing	0	0	1	0	0.999999
mysticism	0	0	1	0	0.999999
consulting	0	1	1	0	0.999999
clc	2	1	1	0	0.999999
ory	2	0	234	0	1.000000
ods	2	1	9	0	1.000000
hoo	2	1	7	0	1.000000
has	0	0	249	0	1.000000
seeming	0	0	2	0	1.000000
nse	2	0	45	0	1.000000
nevertheless	0	0	1	0	0.999999
records	0	0	5	0	1.000000
kw	3	0	2	0	1.000000
breeders	0	0	1	0	0.999999
tag	2	0	2	0	1.000000
outlined	0	0	2	0	1.000000
lane	0	1	1	0	0.999999
sylvia	0	1	2	0	1.000000
armada	0	0	1	0	0.999999
hairstyes	0	1	2	0	1.000000
nash	0	1	1	0	0.999999
iar	2	0	12	0	1.000000
encyclopaedias	0	0	1	0	0.999999
mad	2	1	2	0	1.000000
january	0	1	32	0	1.000000
childhood	0	1	1	0	0.999999
district	0	0	14	0	1.000000
opg	4	0	1	0	0.999999
little	0	1	6	0	1.000000
enlarge	0	0	1	0	0.999999
rye	2	1	2	0	1.000000
impormasyon	0	0	2	0	1.000000
unofficial	0	1	1	0	0.999999
other	0	0	169	0	1.000000
dash	0	0	2	0	1.000000
crested	0	0	1	0	0.999999
worked	0	0	6	0	1.000000
mej	4	0	4	0	1.000000
cheia	0	0	1	0	0.999999
debake	0	1	1	0	0.999999
pecarries	0	1	1	0	0.999999
function	0	1	1	0	0.999999
uzu	2	1	2	0	1.000000
corsa	0	1	1	0	0.999999
privacy	0	1	12	0	1.000000
paulina	0	1	1	0	0.999999
diy	0	1	5	0	1.000000
cataloguing	0	0	1	0	0.999999
tdx	2	1	1	0	0.999999
clergyman	0	0	1	0	0.999999
ars	2	0	117	0	1.000000
bean	0	1	2	0	1.000000
tga	4	1	1	0	0.999999
bothonline	0	0	1	0	0.999999
ph	1	0	7	0	1.000000
ys	1	1	39	0	1.000000
hydraulics	0	1	1	0	0.999999
circulars	0	1	3	0	1.000000
file	0	1	11	0	1.000000
roo	4	0	36	0	1.000000
dine	0	0	1	0	0.999999
loadedg	0	1	1	0	0.999999
cabinet	0	0	1	0	0.999999
mmmm	0	0	1	0	0.999999
shu	4	0	4	0	1.000000
event	0	0	13	0	1.000000
agesimachos	0	1	1	0	0.999999
inexpensive	0	0	6	0	1.000000
disse	0	0	1	0	0.999999
advanced	0	1	5	0	1.000000
sorrow	0	0	1	0	0.999999
hughes	0	1	1	0	0.999999
systems	0	1	11	0	1.000000
dsy	2	0	1	0	0.999999
ore	2	1	104	0	1.000000
adm	4	0	40	0	1.000000
wgh	4	0	1	0	0.999999
gut	4	0	2	0	1.000000
sweetest	0	0	1	0	0.999999
components	0	0	1	0	0.999999
fellows	0	0	1	0	0.999999
onthings	0	1	15	0	1.000000
conform	0	0	1	0	0.999999
erratasheet	0	1	1	0	0.999999
scene	0	1	1	0	0.999999
title	0	0	20	0	1.000000
accustomed	0	0	1	0	0.999999
roseta	0	0	8	0	1.000000
anc	2	1	1	0	0.999999
rui	4	0	5	0	1.000000
fog	4	0	4	0	1.000000
logic	0	0	19	0	1.000000
xes	2	0	14	0	1.000000
transparent	0	0	2	0	1.000000
compensation	0	0	2	0	1.000000
tragedy	0	1	1	0	0.999999
gat	4	1	18	0	1.000000
ova	2	0	4	0	1.000000
gravure	0	0	1	0	0.999999
prompt	0	1	3	0	1.000000
jym	4	1	1	0	0.999999
wilhelmina	0	1	1	0	0.999999
ordinary	0	0	2	0	1.000000
ll	2	0	36	0	1.000000
partnering	0	0	1	0	0.999999
brazil	0	1	2	0	1.000000
apa	4	1	5	0	1.000000
dnt	2	0	10	0	1.000000
kup	2	0	6	0	1.000000
blow	0	0	5	0	1.000000
adc	4	1	1	0	0.999999
perfectly	0	0	6	0	1.000000
whatevs	0	1	1	0	0.999999
languid	0	0	1	0	0.999999
oi	1	1	3	0	1.000000
bue	2	1	4	0	1.000000
mto	2	1	1	0	0.999999
package	0	0	3	0	1.000000
blogger	0	1	1	0	0.999999
lich	0	1	3	0	1.000000
detected	0	0	1	0	0.999999
wyck	0	1	1	0	0.999999
ale	4	1	8	0	1.000000
lig	4	0	25	0	1.000000
ebeling	0	1	1	0	0.999999
sed	2	0	327	0	1.000000
ahs	2	1	4	0	1.000000
buying	0	0	4	0	1.000000
photographers	0	0	3	0	1.000000
ree	4	1	27	0	1.000000
alden	0	1	1	0	0.999999
shakespsare	0	1	1	0	0.999999
pushing	0	0	2	0	1.000000
guanacaste	0	1	2	0	1.000000
bmw	2	0	15	0	1.000000
diagrams	0	0	1	0	0.999999
counterdown	0	0	2	0	1.000000
nditi	0	0	1	0	0.999999
die	4	0	35	0	1.000000
upvc	0	0	2	0	1.000000
galore	0	1	1	0	0.999999
famine	0	0	1	0	0.999999
propose	0	0	1	0	0.999999
kol	4	1	1	0	0.999999
sar	2	0	11	0	1.000000
monitoring	0	0	4	0	1.000000
aims	0	0	2	0	1.000000
sit	0	0	3	0	1.000000
destroying	0	0	1	0	0.999999
associations	0	1	2	0	1.000000
theses	0	0	1	0	0.999999
ooh	4	0	1	0	0.999999
logclick	0	1	1	0	0.999999
pegboard	0	0	1	0	0.999999
lae	2	0	1	0	0.999999
ck	3	0	4	0	1.000000
ore	4	1	4	0	1.000000
des	2	0	133	0	1.000000
authorizes	0	0	1	0	0.999999
caliper	0	1	1	0	0.999999
liberiamap	0	1	1	0	0.999999
nys	0	0	1	0	0.999999
tn	2	1	2	0	1.000000
cu	1	1	2	0	1.000000
feabhas	0	0	1	0	0.999999
rf	3	1	2	0	1.000000
um	1	0	94	0	1.000000
bmw	0	0	14	0	1.000000
dca	2	1	1	0	0.999999
seasons	0	0	1	0	0.999999
shipyard	0	0	1	0	0.999999
juvenile	0	1	1	0	0.999999
userid	0	1	2	0	1.000000
wax	0	0	1	0	0.999999
prior	0	0	8	0	1.000000
thomas	0	0	2	0	1.000000
vowels	0	0	1	0	0.999999
cones	0	0	1	0	0.999999
nys	2	0	2	0	1.000000
ma	0	0	4	0	1.000000
roseta	0	1	4	0	1.000000
gta	0	0	3	0	1.000000
other	0	1	54	0	1.000000
fathoms	0	0	1	0	0.999999
wa	0	0	4	0	1.000000
buit	0	0	2	0	1.000000
mapping	0	0	5	0	1.000000
bae	4	1	1	0	0.999999
sales	0	1	2	0	1.000000
dso	4	1	1	0	0.999999
dernethylation	0	0	1	0	0.999999
btf	0	0	1	0	0.999999
userswho	0	1	1	0	0.999999
famiglia	0	0	1	0	0.999999
tsi	4	1	1	0	0.999999
acis	0	1	1	0	0.999999
realms	0	1	1	0	0.999999
ie	2	0	4	0	1.000000
vv	3	0	1	0	0.999999
throwing	0	1	1	0	0.999999
lld	2	0	1	0	0.999999
dys	4	0	1	0	0.999999
depend	0	0	2	0	1.000000
spears	0	1	4	0	1.000000
routes	0	0	41	0	1.000000
rockett	0	1	2	0	1.000000
mot	2	0	4	0	1.000000
contributors	0	0	4	0	1.000000
sort	0	0	10	0	1.000000
flash	0	1	3	0	1.000000
implemented	0	0	1	0	0.999999
chq	4	0	1	0	0.999999
rp	1	1	5	0	1.000000
ossi	0	1	1	0	0.999999
somerset	0	1	2	0	1.000000
ras	4	0	4	0	1.000000
fourth	0	0	2	0	1.000000
fluent	0	0	1	0	0.999999
parodontal	0	0	1	0	0.999999
duel	0	1	1	0	0.999999
nuc	4	0	2	0	1.000000
nolan	0	1	1	0	0.999999
regardais	0	0	1	0	0.999999
submission	0	0	2	0	1.000000
gyfrwng	0	0	1	0	0.999999
sne	4	1	1	0	0.999999
lmc	4	1	1	0	0.999999
yor	2	0	1	0	0.999999
seem	0	0	7	0	1.000000
potential	0	0	6	0	1.000000
continent	0	0	2	0	1.000000
keats	0	1	3	0	1.000000
pic	4	0	71	0	1.000000
cu	2	0	1	0	0.999999
refresher	0	0	2	0	1.000000
rsu	2	1	2	0	1.000000
finance	0	1	2	0	1.000000
nt	2	1	1	0	0.999999
retro	0	1	2	0	1.000000
mart	0	1	1	0	0.999999
netherlands	0	1	3	0	1.000000
druid	0	1	1	0	0.999999
subterfuge	0	0	1	0	0.999999
serie	0	1	1	0	0.999999
quarantine	0	0	1	0	0.999999
dealers	0	1	4	0	1.000000
louis	0	1	2	0	1.000000
wont	0	1	1	0	0.999999
drink	0	0	4	0	1.000000
yoh	4	1	1	0	0.999999
backs	0	0	1	0	0.999999
celebration	0	1	7	0	1.000000
anc	4	0	26	0	1.000000
ceine	0	1	1	0	0.999999
midsk	0	1	1	0	0.999999
flutter	0	0	1	0	0.999999
crq	4	0	2	0	1.000000
rye	0	1	2	0	1.000000
scene	0	0	5	0	1.000000
mapthis	0	1	1	0	0.999999
auctioneers	0	1	1	0	0.999999
unlock	0	1	2	0	1.000000
avenue	0	1	3	0	1.000000
sno	2	0	10	0	1.000000
smaer	0	0	2	0	1.000000
mongolia	0	1	1	0	0.999999
pompidous	0	1	1	0	0.999999
april	0	1	15	0	1.000000
io	0	1	3	0	1.000000
classroomproject	0	0	2	0	1.000000
flippin	0	0	1	0	0.999999
xt	3	1	4	0	1.000000
kept	0	1	1	0	0.999999
provides	0	1	2	0	1.000000
minnisota	0	0	1	0	0.999999
curling	0	1	1	0	0.999999
responsibilities	0	0	1	0	0.999999
studied	0	0	1	0	0.999999
solely	0	0	2	0	1.000000
cocktail	0	0	1	0	0.999999
aw	1	1	8	0	1.000000
qyz	4	1	1	0	0.999999
rf	1	0	5	0	1.000000
rockford	0	0	2	0	1.000000
walks	0	0	3	0	1.000000
fak	4	0	1	0	0.999999
kob	2	0	1	0	0.999999
ifc	4	0	1	0	0.999999
wip	0	1	1	0	0.999999
nt	3	0	12	0	1.000000
friction	0	0	1	0	0.999999
opinio	0	0	1	0	0.999999
light	0	1	3	0	1.000000
gta	4	1	1	0	0.999999
jail	0	1	1	0	0.999999
ipc	0	1	1	0	0.999999
ine	0	0	1	0	0.999999
aol	0	1	2	0	1.000000
virtualbox	0	0	1	0	0.999999
sha	4	0	117	0	1.000000
datacad	0	1	1	0	0.999999
fifty	0	0	6	0	1.000000
max	0	0	10	0	1.000000
alo	4	0	45	0	1.000000
wk	1	0	3	0	1.000000
flaming	0	0	1	0	0.999999
eab	4	1	1	0	0.999999
astonished	0	0	1	0	0.999999
foghlaimeoir	0	0	1	0	0.999999
variety	0	0	23	0	1.000000
ein	2	0	11	0	1.000000
tem	4	0	46	0	1.000000
vegetative	0	0	1	0	0.999999
graham	0	1	26	0	1.000000
tabs	0	0	2	0	1.000000
bowman	0	1	9	0	1.000000
topographic	0	0	4	0	1.000000
conveying	0	0	1	0	0.999999
boa	2	1	5	0	1.000000
inauguraiton	0	0	1	0	0.999999
pursuit	0	0	1	0	0.999999
cruises	0	1	1	0	0.999999
identifiableinformation	0	0	1	0	0.999999
selection	0	0	18	0	1.000000
emt	0	0	1	0	0.999999
advanced	0	0	6	0	1.000000
cxa	4	1	1	0	0.999999
nathan	0	1	1	0	0.999999
greek	0	1	6	0	1.000000
lig	4	1	15	0	1.000000
improved	0	0	8	0	1.000000
nova	0	1	3	0	1.000000
goldberg	0	1	1	0	0.999999
ca	3	0	1230	0	1.000000
load	0	0	9	0	1.000000
instigante	0	0	1	0	0.999999
wet	2	0	4	0	1.000000
precision	0	0	1	0	0.999999
funk	0	0	2	0	1.000000
helpful	0	0	5	0	1.000000
wortley	0	1	1	0	0.999999
proncesinha	0	0	1	0	0.999999
woods	0	0	2	0	1.000000
raid	0	0	1	0	0.999999
hf	0	1	2	0	1.000000
semiotics	0	1	2	0	1.000000
secti	0	1	1	0	0.999999
journaux	0	1	1	0	0.999999
fitness	0	0	1	0	0.999999
cowhen	0	0	1	0	0.999999
rightportal	0	1	1	0	0.999999
balloons	0	0	1	0	0.999999
materialsteen	0	0	1	0	0.999999
bae	0	0	1	0	0.999999
rida	0	0	2	0	1.000000
sst	2	0	1	0	0.999999
title	0	1	8	0	1.000000
zr	0	1	1	0	0.999999
cours	0	0	1	0	0.999999
pog	4	1	1	0	0.999999
rafaels	0	1	1	0	0.999999
austraia	0	1	2	0	1.000000
bmw	4	1	40	0	1.000000
ancient	0	1	2	0	1.000000
buo	4	0	7	0	1.000000
projector	0	0	1	0	0.999999
ist	0	0	5	0	1.000000
hardy	0	1	2	0	1.000000
credibility	0	0	1	0	0.999999
ma	3	1	779	0	1.000000
nenhuma	0	0	1	0	0.999999
technology	0	0	21	0	1.000000
dos	4	0	3	0	1.000000
ela	4	1	2	0	1.000000
geography	0	0	2	0	1.000000
unc	4	0	7	0	1.000000
nio	2	1	7	0	1.000000
warwick	0	0	1	0	0.999999
workshops	0	0	1	0	0.999999
ory	2	1	67	0	1.000000
radi	0	1	1	0	0.999999
zim	0	1	1	0	0.999999
rdp	2	1	2	0	1.000000
cip	4	1	2	0	1.000000
supp	0	0	1	0	0.999999
stumble	0	1	30	0	1.000000
specified	0	0	8	0	1.000000
occurring	0	0	2	0	1.000000
balls	0	0	1	0	0.999999
design	0	0	65	0	1.000000
emt	4	0	1	0	0.999999
tag	2	1	67	0	1.000000
plaisir	0	0	1	0	0.999999
ree	2	0	213	0	1.000000
ied	2	1	92	0	1.000000
mad	2	0	3	0	1.000000
fms	4	1	1	0	0.999999
esn	2	0	12	0	1.000000
playing	0	0	21	0	1.000000
items	0	1	2	0	1.000000
suddeny	0	0	2	0	1.000000
provides	0	0	31	0	1.000000
guide	0	1	39	0	1.000000
expert	0	0	9	0	1.000000
lmc	2	1	1	0	0.999999
ria	4	0	2	0	1.000000
elsley	0	1	1	0	0.999999
velvet	0	0	2	0	1.000000
worked	0	1	1	0	0.999999
tansmission	0	0	1	0	0.999999
toledoben	0	1	1	0	0.999999
yfq	0	1	1	0	0.999999
instruments	0	0	9	0	1.000000
currently	0	0	10	0	1.000000
t	0	0	302	0	1.000000
syn	2	1	1	0	0.999999
function	0	0	62	0	1.000000
sheriffs	0	1	1	0	0.999999
truths	0	1	1	0	0.999999
artwork	0	0	4	0	1.000000
deletecomment	0	1	2	0	1.000000
inquisitive	0	0	1	0	0.999999
renowned	0	0	1	0	0.999999
ph	0	1	5	0	1.000000
sick	0	0	1	0	0.999999
residential	0	0	3	0	1.000000
waters	0	0	30	0	1.000000
syn	2	0	1	0	0.999999
seldom	0	0	1	0	0.999999
ph	1	1	13	0	1.000000
deceased	0	0	2	0	1.000000
shedding	0	0	1	0	0.999999
man	2	0	195	0	1.000000
os	3	1	5	0	1.000000
etc	0	1	1	0	0.999999
violently	0	0	2	0	1.000000
karazhan	0	1	1	0	0.999999
ino	2	1	24	0	1.000000
allof	0	0	1	0	0.999999
shu	4	1	5	0	1.000000
reindeer	0	0	4	0	1.000000
mkx	4	0	2	0	1.000000
dominating	0	0	1	0	0.999999
cad	0	1	9	0	1.000000
bb	1	0	2	0	1.000000
admiration	0	0	4	0	1.000000
crrel	0	1	1	0	0.999999
lb	3	0	3	0	1.000000
adm	4	1	3	0	1.000000
maybe	0	0	7	0	1.000000
air	4	0	61	0	1.000000
daw	4	1	1	0	0.999999
letra	0	0	1	0	0.999999
neglect	0	0	2	0	1.000000
cammilla	0	1	2	0	1.000000
apart	0	0	4	0	1.000000
trapped	0	0	1	0	0.999999
awning	0	0	1	0	0.999999
tx	0	0	2	0	1.000000
scooters	0	0	3	0	1.000000
ll	1	1	343	0	1.000000
fr	1	0	17	0	1.000000
gat	4	0	21	0	1.000000
ira	2	0	7	0	1.000000
metric	0	1	2	0	1.000000
rearing	0	0	3	0	1.000000
advertising	0	0	12	0	1.000000
