scr	2	1	3	0	1.000000
california	0	0	5	0	1.000000
winfrey	0	1	2	0	1.000000
carb	0	0	1	0	0.999999
elven	0	1	6	0	1.000000
mustangs	0	0	1	0	0.999999
tlh	4	1	1	0	0.999999
tocando	0	0	1	0	0.999999
jai	4	1	5	0	1.000000
embarrassing	0	0	1	0	0.999999
moment	0	0	8	0	1.000000
caz	4	1	2	0	1.000000
sep	0	1	61	0	1.000000
collectible	0	1	1	0	0.999999
org	0	0	20	0	1.000000
hh	1	0	1	0	0.999999
uganda	0	1	1	0	0.999999
gid	2	1	3	0	1.000000
chi	2	1	3	0	1.000000
grateful	0	0	1	0	0.999999
expanse	0	0	1	0	0.999999
cel	2	1	2	0	1.000000
spo	4	1	30	0	1.000000
plansh	0	0	1	0	0.999999
transmission	0	0	2	0	1.000000
roofing	0	0	1	0	0.999999
nok	4	0	2	0	1.000000
marion	0	1	1	0	0.999999
mistake	0	0	3	0	1.000000
org	4	1	22	0	1.000000
ich	4	1	3	0	1.000000
realized	0	0	2	0	1.000000
mir	4	1	6	0	1.000000
ufc	0	1	1	0	0.999999
wading	0	0	1	0	0.999999
eps	2	0	12	0	1.000000
ya	0	0	3	0	1.000000
paw	4	0	1	0	0.999999
srensen	0	1	1	0	0.999999
sq	3	0	17	0	1.000000
perforated	0	1	2	0	1.000000
theinterests	0	0	1	0	0.999999
wreak	0	0	1	0	0.999999
scr	4	1	25	0	1.000000
fixed	0	0	11	0	1.000000
journalists	0	0	2	0	1.000000
cly	2	0	3	0	1.000000
zola	0	1	4	0	1.000000
ait	4	1	1	0	0.999999
bis	0	0	1	0	0.999999
cfa	0	1	1	0	0.999999
endstr	0	1	1	0	0.999999
venice	0	1	9	0	1.000000
ipe	4	0	1	0	0.999999
nb	2	0	1	0	0.999999
jai	0	0	2	0	1.000000
twat	0	1	1	0	0.999999
dou	4	1	5	0	1.000000
commanderse	0	1	1	0	0.999999
destiny	0	0	1	0	0.999999
jus	4	1	38	0	1.000000
eps	4	1	1	0	0.999999
divorce	0	0	2	0	1.000000
bookstore	0	0	1	0	0.999999
smarter	0	0	1	0	0.999999
mc	0	0	1	0	0.999999
nb	3	0	680	0	1.000000
yet	4	1	5	0	1.000000
griangrafa	0	0	1	0	0.999999
sop	4	1	6	0	1.000000
sch	0	0	1	0	0.999999
crews	0	1	1	0	0.999999
pamphlets	0	1	1	0	0.999999
huntington	0	0	1	0	0.999999
cyl	2	1	1	0	0.999999
map	4	0	86	0	1.000000
kti	2	1	1	0	0.999999
ldn	2	0	10	0	1.000000
blockuser	0	1	14	0	1.000000
policemen	0	0	1	0	0.999999
ger	4	1	27	0	1.000000
furi	0	1	1	0	0.999999
sister	0	1	1	0	0.999999
commisso	0	1	1	0	0.999999
martinsburg	0	0	1	0	0.999999
b	0	1	69	0	1.000000
transitions	0	0	1	0	0.999999
poems	0	0	2	0	1.000000
defaults	0	0	1	0	0.999999
vii	0	1	1	0	0.999999
xb	3	1	120	0	1.000000
blowout	0	0	1	0	0.999999
novembre	0	0	1	0	0.999999
spend	0	1	2	0	1.000000
adventure	0	1	3	0	1.000000
aha	4	0	2	0	1.000000
pac	4	0	32	0	1.000000
mc	3	1	9	0	1.000000
osteoarthritic	0	1	1	0	0.999999
mailtorpedo	0	1	1	0	0.999999
medya	0	1	3	0	1.000000
cw	2	0	1	0	0.999999
mestre	0	1	1	0	0.999999
ko	3	1	21	0	1.000000
ano	2	1	13	0	1.000000
nickelsen	0	0	1	0	0.999999
ifo	0	1	1	0	0.999999
scrollbar	0	0	1	0	0.999999
howtos	0	0	1	0	0.999999
ado	2	0	23	0	1.000000
uar	2	1	1	0	0.999999
views	0	0	7	0	1.000000
freed	0	0	2	0	1.000000
technician	0	1	1	0	0.999999
ladies	0	0	4	0	1.000000
tee	2	1	6	0	1.000000
arrogant	0	0	1	0	0.999999
rh	1	0	1	0	0.999999
included	0	0	10	0	1.000000
ko	1	0	4	0	1.000000
leaving	0	0	7	0	1.000000
doa	2	1	1	0	0.999999
jumping	0	0	2	0	1.000000
begged	0	0	1	0	0.999999
shemales	0	0	2	0	1.000000
apesar	0	0	1	0	0.999999
fei	2	0	1	0	0.999999
udy	2	1	2	0	1.000000
stationery	0	0	1	0	0.999999
charles	0	1	7	0	1.000000
charters	0	0	2	0	1.000000
unnecessary	0	0	1	0	0.999999
glorious	0	0	2	0	1.000000
ke	3	0	141	0	1.000000
resided	0	0	1	0	0.999999
cle	2	1	8	0	1.000000
uthed	0	0	1	0	0.999999
cafepress	0	1	1	0	0.999999
piccolina	0	0	1	0	0.999999
contedo	0	0	1	0	0.999999
undock	0	0	2	0	1.000000
brum	0	1	2	0	1.000000
casa	0	0	1	0	0.999999
ibs	2	1	1	0	0.999999
bom	2	1	3	0	1.000000
mika	0	1	1	0	0.999999
glossary	0	0	1	0	0.999999
jefferson	0	1	4	0	1.000000
sometimes	0	0	9	0	1.000000
bondage	0	1	2	0	1.000000
clo	4	0	63	0	1.000000
gor	4	0	5	0	1.000000
http	0	1	1	0	0.999999
adventurer	0	0	2	0	1.000000
mpu	4	0	2	0	1.000000
efs	2	1	1	0	0.999999
winning	0	0	3	0	1.000000
ili	4	0	1	0	0.999999
ief	2	1	6	0	1.000000
cap	4	0	69	0	1.000000
sacred	0	0	1	0	0.999999
startling	0	0	1	0	0.999999
descendants	0	1	3	0	1.000000
bis	4	1	6	0	1.000000
ats	4	0	1	0	0.999999
version	0	1	8	0	1.000000
eyes	0	1	2	0	1.000000
representatives	0	0	1	0	0.999999
departmentbelmopan	0	1	1	0	0.999999
moviez	0	0	1	0	0.999999
uar	2	0	4	0	1.000000
added	0	1	54	0	1.000000
cyb	4	1	4	0	1.000000
greater	0	0	8	0	1.000000
spe	2	0	1	0	0.999999
xou	2	0	1	0	0.999999
zintne	0	1	1	0	0.999999
guided	0	1	1	0	0.999999
ozi	2	1	17	0	1.000000
bwar	0	0	1	0	0.999999
containing	0	0	4	0	1.000000
col	2	1	10	0	1.000000
inclusive	0	0	1	0	0.999999
ecourse	0	0	1	0	0.999999
tf	1	0	2	0	1.000000
tone	0	0	1	0	0.999999
rim	4	1	2	0	1.000000
nao	2	0	4	0	1.000000
printed	0	0	8	0	1.000000
donner	0	0	5	0	1.000000
assduos	0	0	1	0	0.999999
ade	2	0	121	0	1.000000
cyl	4	0	1	0	0.999999
spankies	0	1	1	0	0.999999
incorrectly	0	0	3	0	1.000000
mm	1	1	3	0	1.000000
resented	0	0	1	0	0.999999
historical	0	1	9	0	1.000000
turbocad	0	1	1	0	0.999999
merest	0	0	1	0	0.999999
setting	0	0	19	0	1.000000
cle	4	1	21	0	1.000000
anticipated	0	1	1	0	0.999999
gelato	0	0	2	0	1.000000
col	4	0	166	0	1.000000
ek	3	0	2	0	1.000000
bew	4	1	1	0	0.999999
tsundere	0	1	1	0	0.999999
cfa	2	1	1	0	0.999999
cup	2	0	4	0	1.000000
ing	0	0	3	0	1.000000
test	0	1	14	0	1.000000
matcharray	0	1	1	0	0.999999
writing	0	0	35	0	1.000000
seee	0	1	1	0	0.999999
denmark	0	1	1	0	0.999999
desire	0	1	1	0	0.999999
kru	4	1	1	0	0.999999
widget	0	1	2	0	1.000000
zipcode	0	0	1	0	0.999999
joo	0	1	1	0	0.999999
cameroonmap	0	1	1	0	0.999999
ability	0	0	12	0	1.000000
published	0	1	1	0	0.999999
helped	0	0	2	0	1.000000
isl	4	1	47	0	1.000000
ao	3	0	4	0	1.000000
spy	4	0	4	0	1.000000
plano	0	1	4	0	1.000000
musk	0	1	1	0	0.999999
hsm	2	0	1	0	0.999999
conducive	0	0	1	0	0.999999
genesys	0	0	1	0	0.999999
active	0	0	4	0	1.000000
terrific	0	0	1	0	0.999999
mel	4	0	11	0	1.000000
antonio	0	0	1	0	0.999999
structuring	0	1	1	0	0.999999
constant	0	0	7	0	1.000000
weignt	0	1	2	0	1.000000
reef	0	0	40	0	1.000000
deviousness	0	1	1	0	0.999999
nutrition	0	1	1	0	0.999999
uti	0	0	1	0	0.999999
sch	0	1	1	0	0.999999
lag	2	0	11	0	1.000000
ltr	2	0	1	0	0.999999
drive	0	1	8	0	1.000000
rim	2	1	2	0	1.000000
aware	0	0	5	0	1.000000
bag	0	1	2	0	1.000000
volts	0	0	1	0	0.999999
nati	0	1	4	0	1.000000
islocated	0	0	1	0	0.999999
hydrographers	0	0	1	0	0.999999
omb	4	1	1	0	0.999999
amp	4	0	107	0	1.000000
dig	0	1	1	0	0.999999
progresso	0	1	1	0	0.999999
cir	4	0	14	0	1.000000
counties	0	0	1	0	0.999999
tia	2	0	1	0	0.999999
kur	4	0	2	0	1.000000
freiburg	0	1	1	0	0.999999
gal	4	0	22	0	1.000000
ngi	4	1	1	0	0.999999
crawled	0	0	1	0	0.999999
uru	2	1	2	0	1.000000
lew	2	0	1	0	0.999999
acoustics	0	1	1	0	0.999999
tpicks	0	1	1	0	0.999999
web	4	1	162	0	1.000000
urk	2	0	2	0	1.000000
qct	4	1	2	0	1.000000
gustav	0	1	1	0	0.999999
treason	0	0	1	0	0.999999
bansang	0	0	1	0	0.999999
ssb	0	1	2	0	1.000000
comprehensive	0	0	5	0	1.000000
vht	4	1	1	0	0.999999
shaping	0	0	1	0	0.999999
producer	0	0	1	0	0.999999
mendoza	0	0	1	0	0.999999
repeats	0	0	1	0	0.999999
provisions	0	0	2	0	1.000000
oprah	0	1	2	0	1.000000
oot	2	1	4	0	1.000000
pars	0	0	2	0	1.000000
contempt	0	0	1	0	0.999999
swells	0	0	2	0	1.000000
emssb	0	1	1	0	0.999999
compu	0	1	1	0	0.999999
craft	0	0	1	0	0.999999
knowledge	0	1	1	0	0.999999
cecw	0	1	88	0	1.000000
technologies	0	1	1	0	0.999999
letter	0	0	24	0	1.000000
ld	1	1	250	0	1.000000
identification	0	1	3	0	1.000000
ken	0	1	1	0	0.999999
inside	0	0	16	0	1.000000
vii	4	1	2	0	1.000000
eu	3	1	61	0	1.000000
whi	4	0	360	0	1.000000
principemap	0	1	1	0	0.999999
waste	0	0	8	0	1.000000
srrver	0	0	1	0	0.999999
tour	0	0	60	0	1.000000
nascer	0	0	1	0	0.999999
tary	0	1	1	0	0.999999
misinterpret	0	0	1	0	0.999999
majestic	0	0	1	0	0.999999
stevie	0	0	1	0	0.999999
icacos	0	1	2	0	1.000000
ija	2	0	1	0	0.999999
cyberstalking	0	0	1	0	0.999999
charged	0	0	3	0	1.000000
linguistics	0	1	1	0	0.999999
jai	2	0	2	0	1.000000
glad	0	0	4	0	1.000000
zaerdos	0	0	1	0	0.999999
marshmallows	0	0	1	0	0.999999
renewed	0	0	1	0	0.999999
rope	0	1	1	0	0.999999
extinguish	0	0	1	0	0.999999
ft	0	0	8	0	1.000000
loc	4	0	160	0	1.000000
boutique	0	1	1	0	0.999999
addon	0	0	3	0	1.000000
stu	4	1	59	0	1.000000
santiago	0	1	5	0	1.000000
landscaping	0	1	1	0	0.999999
summery	0	0	1	0	0.999999
pt	1	0	89	0	1.000000
orgmonday	0	1	1	0	0.999999
revelations	0	0	1	0	0.999999
ae	3	0	7	0	1.000000
masturbate	0	0	1	0	0.999999
ideals	0	0	4	0	1.000000
zero	0	1	2	0	1.000000
thing	0	0	24	0	1.000000
elysium	0	0	1	0	0.999999
prices	0	1	5	0	1.000000
moving	0	0	15	0	1.000000
results	0	0	25	0	1.000000
shelburne	0	1	1	0	0.999999
confidence	0	0	5	0	1.000000
ane	2	0	12	0	1.000000
aon	4	0	1	0	0.999999
cement	0	1	1	0	0.999999
says	0	0	12	0	1.000000
togive	0	0	1	0	0.999999
century	0	1	4	0	1.000000
qualquer	0	0	3	0	1.000000
proxy	0	1	11	0	1.000000
sat	2	1	4	0	1.000000
midtown	0	1	1	0	0.999999
labs	0	1	1	0	0.999999
tai	2	0	2	0	1.000000
aed	2	0	5	0	1.000000
healthwise	0	1	1	0	0.999999
utilities	0	0	1	0	0.999999
critically	0	0	1	0	0.999999
spe	0	0	1	0	0.999999
belizefor	0	1	1	0	0.999999
relationship	0	1	1	0	0.999999
house	0	1	10	0	1.000000
scope	0	0	4	0	1.000000
iq	1	1	1	0	0.999999
maf	2	0	1	0	0.999999
granite	0	1	1	0	0.999999
demande	0	0	2	0	1.000000
rtl	2	1	2	0	1.000000
neu	4	1	3	0	1.000000
kar	0	1	1	0	0.999999
erase	0	0	2	0	1.000000
gav	4	0	13	0	1.000000
crime	0	1	1	0	0.999999
weather	0	1	1	0	0.999999
releasing	0	0	4	0	1.000000
companys	0	0	1	0	0.999999
dv	3	0	4	0	1.000000
zio	4	1	1	0	0.999999
infringe	0	0	1	0	0.999999
hyver	0	1	1	0	0.999999
sq	3	1	5	0	1.000000
oun	4	0	3	0	1.000000
v	0	1	45	0	1.000000
newsroom	0	1	1	0	0.999999
payb	0	1	1	0	0.999999
nb	1	1	1	0	0.999999
webmaster	0	0	2	0	1.000000
fergie	0	0	1	0	0.999999
ckets	0	0	1	0	0.999999
audience	0	0	4	0	1.000000
tui	2	0	1	0	0.999999
estate	0	0	17	0	1.000000
tz	1	0	5	0	1.000000
buraco	0	0	1	0	0.999999
carb	0	1	1	0	0.999999
snack	0	0	1	0	0.999999
massive	0	1	1	0	0.999999
bem	2	0	3	0	1.000000
ifo	2	1	1	0	0.999999
combinations	0	0	1	0	0.999999
caz	4	0	1	0	0.999999
safeclimate	0	1	1	0	0.999999
reductions	0	0	1	0	0.999999
flicker	0	0	1	0	0.999999
letter	0	1	1	0	0.999999
stevens	0	1	1	0	0.999999
orq	2	0	1	0	0.999999
ano	0	1	1	0	0.999999
chi	2	0	7	0	1.000000
ast	2	0	211	0	1.000000
mealtime	0	0	1	0	0.999999
spo	4	0	50	0	1.000000
unsettled	0	0	1	0	0.999999
capabilities	0	1	1	0	0.999999
faw	4	1	1	0	0.999999
transmission	0	1	1	0	0.999999
irc	0	1	1	0	0.999999
strange	0	0	5	0	1.000000
rtl	0	1	2	0	1.000000
gid	0	1	1	0	0.999999
ich	4	0	2	0	1.000000
sat	0	1	4	0	1.000000
mbe	2	0	1	0	0.999999
mir	4	0	5	0	1.000000
operator	0	0	15	0	1.000000
pac	4	1	19	0	1.000000
suits	0	0	3	0	1.000000
gallereis	0	1	1	0	0.999999
ao	0	0	2	0	1.000000
cubera	0	0	2	0	1.000000
gaats	0	0	1	0	0.999999
paw	4	1	1	0	0.999999
columbus	0	1	2	0	1.000000
ati	2	1	12	0	1.000000
tas	2	0	14	0	1.000000
fca	0	1	1	0	0.999999
snowed	0	0	1	0	0.999999
telechron	0	1	1	0	0.999999
galatasaray	0	1	1	0	0.999999
skeptical	0	0	1	0	0.999999
contact	0	1	43	0	1.000000
merge	0	0	2	0	1.000000
endstr	0	0	2	0	1.000000
rudolph	0	1	1	0	0.999999
slice	0	0	1	0	0.999999
possesses	0	0	1	0	0.999999
therefore	0	1	3	0	1.000000
keeper	0	0	1	0	0.999999
careful	0	0	14	0	1.000000
zum	2	0	2	0	1.000000
disfigured	0	0	1	0	0.999999
amazon	0	1	1	0	0.999999
gav	4	1	1	0	0.999999
inteligente	0	0	4	0	1.000000
noble	0	0	2	0	1.000000
problems	0	1	3	0	1.000000
listing	0	0	11	0	1.000000
pamphlets	0	0	2	0	1.000000
teanga	0	0	1	0	0.999999
goff	0	1	2	0	1.000000
effort	0	0	6	0	1.000000
sparrtak	0	0	1	0	0.999999
viagra	0	1	1	0	0.999999
sensitive	0	0	1	0	0.999999
ldn	2	1	1	0	0.999999
faved	0	0	1	0	0.999999
reducer	0	1	1	0	0.999999
roller	0	0	1	0	0.999999
cazorla	0	1	1	0	0.999999
une	4	0	11	0	1.000000
spill	0	0	1	0	0.999999
jakarta	0	1	1	0	0.999999
playstation	0	0	2	0	1.000000
ft	1	0	182	0	1.000000
nosey	0	0	1	0	0.999999
exclude	0	0	3	0	1.000000
nati	0	0	1	0	0.999999
himself	0	0	11	0	1.000000
motors	0	1	3	0	1.000000
chid	0	0	3	0	1.000000
ssl	4	1	2	0	1.000000
anchors	0	0	1	0	0.999999
web	2	1	43	0	1.000000
savages	0	0	1	0	0.999999
wel	4	0	102	0	1.000000
bakersfield	0	0	3	0	1.000000
dv	1	1	2	0	1.000000
pos	4	0	154	0	1.000000
principe	0	1	2	0	1.000000
spe	4	1	74	0	1.000000
pie	0	0	5	0	1.000000
ety	2	0	42	0	1.000000
onk	2	0	1	0	0.999999
alumni	0	0	2	0	1.000000
uit	2	0	29	0	1.000000
nordstrom	0	1	1	0	0.999999
clothing	0	1	1	0	0.999999
buonaventuri	0	1	1	0	0.999999
kantian	0	1	1	0	0.999999
caye	0	1	31	0	1.000000
lug	0	0	1	0	0.999999
dao	2	0	4	0	1.000000
queryis	0	1	5	0	1.000000
selecting	0	0	2	0	1.000000
casa	0	1	1	0	0.999999
participate	0	0	6	0	1.000000
jacana	0	0	3	0	1.000000
org	2	0	20	0	1.000000
prp	4	1	1	0	0.999999
felixxx	0	1	2	0	1.000000
vrt	4	0	1	0	0.999999
nv	3	0	2	0	1.000000
fittings	0	0	6	0	1.000000
explosives	0	1	1	0	0.999999
toonneel	0	1	1	0	0.999999
blessworthy	0	1	1	0	0.999999
ljncoln	0	0	1	0	0.999999
due	4	0	7	0	1.000000
gor	4	1	14	0	1.000000
ruk	2	0	1	0	0.999999
rgo	2	0	17	0	1.000000
foi	2	1	1	0	0.999999
introductory	0	0	1	0	0.999999
ento	0	0	1	0	0.999999
descendants	0	0	2	0	1.000000
pyramid	0	0	2	0	1.000000
liberator	0	0	1	0	0.999999
reg	2	1	1	0	0.999999
cap	4	1	17	0	1.000000
cyb	4	0	1	0	0.999999
note	0	0	11	0	1.000000
tee	4	0	21	0	1.000000
eet	2	1	54	0	1.000000
prosthesis	0	0	9	0	1.000000
individuas	0	0	1	0	0.999999
kon	2	1	7	0	1.000000
oxenhamadvanced	0	1	1	0	0.999999
chs	4	0	1	0	0.999999
greater	0	1	3	0	1.000000
yan	2	1	8	0	1.000000
groaned	0	0	1	0	0.999999
catered	0	0	1	0	0.999999
telyou	0	0	1	0	0.999999
bianca	0	1	1	0	0.999999
density	0	1	1	0	0.999999
guided	0	0	1	0	0.999999
aon	2	0	2	0	1.000000
loev	0	0	1	0	0.999999
oa	1	1	9	0	1.000000
ngaeilge	0	1	3	0	1.000000
tus	2	0	9	0	1.000000
advise	0	1	1	0	0.999999
underneath	0	1	1	0	0.999999
foreign	0	0	14	0	1.000000
mm	3	0	15	0	1.000000
sailed	0	0	2	0	1.000000
standards	0	1	17	0	1.000000
drunk	0	0	1	0	0.999999
unknown	0	1	3	0	1.000000
nmw	0	0	1	0	0.999999
nyu	4	1	1	0	0.999999
partnership	0	0	4	0	1.000000
brokers	0	0	1	0	0.999999
any	4	1	55	0	1.000000
cruisers	0	1	1	0	0.999999
dea	4	1	31	0	1.000000
venegolf	0	1	1	0	0.999999
fcu	2	1	1	0	0.999999
copenhagen	0	1	1	0	0.999999
fileslike	0	1	1	0	0.999999
benefits	0	1	14	0	1.000000
cob	4	0	3	0	1.000000
pakinggan	0	1	1	0	0.999999
exhibits	0	0	1	0	0.999999
bravo	0	1	3	0	1.000000
enough	0	0	22	0	1.000000
iarratais	0	0	1	0	0.999999
verre	0	0	1	0	0.999999
accounts	0	1	2	0	1.000000
ara	2	1	9	0	1.000000
ife	4	0	4	0	1.000000
playstation	0	1	8	0	1.000000
combining	0	0	3	0	1.000000
limitation	0	0	4	0	1.000000
msr	4	1	1	0	0.999999
bow	4	0	5	0	1.000000
saginaw	0	1	1	0	0.999999
annoyed	0	0	1	0	0.999999
guages	0	0	1	0	0.999999
centered	0	0	3	0	1.000000
claim	0	0	6	0	1.000000
jamie	0	0	1	0	0.999999
mrs	2	1	16	0	1.000000
day	4	1	34	0	1.000000
advertisers	0	0	2	0	1.000000
khadgar	0	1	2	0	1.000000
sof	2	0	1	0	0.999999
persons	0	1	3	0	1.000000
zum	0	0	2	0	1.000000
programmemaintains	0	1	1	0	0.999999
fined	0	0	1	0	0.999999
reuse	0	0	1	0	0.999999
barbarian	0	0	1	0	0.999999
ona	2	1	13	0	1.000000
joy	0	0	4	0	1.000000
iez	2	1	1	0	0.999999
vgu	4	1	1	0	0.999999
tendo	0	0	1	0	0.999999
squatters	0	0	1	0	0.999999
active	0	1	2	0	1.000000
consistent	0	0	6	0	1.000000
commonwealth	0	0	2	0	1.000000
joe	4	1	4	0	1.000000
acceleratethe	0	0	1	0	0.999999
brewfest	0	0	1	0	0.999999
twant	0	0	1	0	0.999999
abandonner	0	0	2	0	1.000000
referindo	0	0	1	0	0.999999
lug	4	1	2	0	1.000000
reg	0	0	4	0	1.000000
antonio	0	1	3	0	1.000000
classic	0	0	13	0	1.000000
lx	2	0	1	0	0.999999
tite	0	1	5	0	1.000000
pdrmit	0	0	1	0	0.999999
mainauditorium	0	1	1	0	0.999999
falar	0	0	2	0	1.000000
encore	0	0	2	0	1.000000
hoq	0	0	1	0	0.999999
president	0	1	6	0	1.000000
dark	0	1	1	0	0.999999
siv	4	0	1	0	0.999999
him	2	1	2	0	1.000000
ltr	2	1	1	0	0.999999
appellate	0	0	1	0	0.999999
haa	4	1	1	0	0.999999
fills	0	0	7	0	1.000000
volts	0	1	1	0	0.999999
phone	0	0	11	0	1.000000
surgical	0	0	1	0	0.999999
catsup	0	0	1	0	0.999999
counties	0	1	1	0	0.999999
johnstone	0	1	1	0	0.999999
escalade	0	0	1	0	0.999999
tia	2	1	3	0	1.000000
legged	0	1	1	0	0.999999
access	0	0	32	0	1.000000
jury	0	0	1	0	0.999999
web	4	0	280	0	1.000000
ean	0	0	1	0	0.999999
vres	0	0	1	0	0.999999
breadth	0	0	1	0	0.999999
lew	2	1	1	0	0.999999
annex	0	1	3	0	1.000000
margarita	0	0	1	0	0.999999
raa	2	0	2	0	1.000000
ao	1	1	13	0	1.000000
questhelper	0	0	1	0	0.999999
enu	2	0	4	0	1.000000
lew	4	1	2	0	1.000000
gs	3	1	1	0	0.999999
upstate	0	0	1	0	0.999999
low	2	1	39	0	1.000000
espn	0	1	1	0	0.999999
comprehensive	0	1	1	0	0.999999
ufc	4	1	1	0	0.999999
ats	0	0	1	0	0.999999
contempt	0	1	1	0	0.999999
holds	0	1	1	0	0.999999
dao	2	1	1	0	0.999999
mattina	0	0	2	0	1.000000
attached	0	0	2	0	1.000000
knowledge	0	0	9	0	1.000000
illustration	0	1	1	0	0.999999
ify	4	1	2	0	1.000000
unrivalled	0	0	2	0	1.000000
seas	0	0	4	0	1.000000
muz	4	1	2	0	1.000000
inside	0	1	13	0	1.000000
widely	0	0	4	0	1.000000
conviction	0	0	1	0	0.999999
eu	3	0	6	0	1.000000
day	2	0	169	0	1.000000
cnc	4	1	8	0	1.000000
repositrio	0	1	1	0	0.999999
beating	0	0	1	0	0.999999
rr	1	0	3	0	1.000000
iep	4	0	1	0	0.999999
whi	4	1	102	0	1.000000
cold	0	0	12	0	1.000000
window	0	1	7	0	1.000000
bottled	0	0	1	0	0.999999
methanol	0	0	2	0	1.000000
oath	0	0	1	0	0.999999
viaggio	0	0	1	0	0.999999
gni	2	1	1	0	0.999999
tp	1	0	28	0	1.000000
erg	2	1	5	0	1.000000
centercentralized	0	1	1	0	0.999999
securitythis	0	1	1	0	0.999999
glass	0	0	4	0	1.000000
sef	0	0	1	0	0.999999
faites	0	1	2	0	1.000000
volcanoes	0	0	5	0	1.000000
james	0	0	1	0	0.999999
debates	0	1	1	0	0.999999
tp	3	1	3	0	1.000000
deu	2	1	1	0	0.999999
comsong	0	0	1	0	0.999999
ado	4	1	7	0	1.000000
outrageous	0	0	2	0	1.000000
ky	1	1	13	0	1.000000
maf	4	0	3	0	1.000000
ing	4	0	7	0	1.000000
java	0	0	1	0	0.999999
fein	0	0	1	0	0.999999
lag	4	0	12	0	1.000000
holdings	0	0	2	0	1.000000
exhilaration	0	0	1	0	0.999999
medicaid	0	1	1	0	0.999999
lem	2	1	6	0	1.000000
swr	2	1	1	0	0.999999
haselden	0	1	1	0	0.999999
accessories	0	0	3	0	1.000000
filter	0	0	2	0	1.000000
apostle	0	0	1	0	0.999999
ane	2	1	9	0	1.000000
ok	3	1	4	0	1.000000
crs	4	0	2	0	1.000000
bow	0	1	1	0	0.999999
wri	4	1	15	0	1.000000
twentieth	0	0	1	0	0.999999
aint	0	0	1	0	0.999999
liner	0	0	9	0	1.000000
toddy	0	0	1	0	0.999999
enhanced	0	0	4	0	1.000000
essa	0	0	6	0	1.000000
rog	4	0	1	0	0.999999
balanced	0	0	1	0	0.999999
jolarilycu	0	1	1	0	0.999999
gi	2	0	2	0	1.000000
carspace	0	1	1	0	0.999999
dae	4	1	1	0	0.999999
wm	3	1	2	0	1.000000
siteby	0	0	1	0	0.999999
uon	2	0	1	0	0.999999
vincia	0	0	1	0	0.999999
gba	4	1	1	0	0.999999
true	0	1	6	0	1.000000
dead	0	0	4	0	1.000000
ign	2	1	102	0	1.000000
marine	0	0	20	0	1.000000
alike	0	0	4	0	1.000000
identification	0	0	1	0	0.999999
yu	2	1	1	0	0.999999
esp	4	1	5	0	1.000000
phone	0	1	22	0	1.000000
faidhlichean	0	0	1	0	0.999999
jesse	0	1	1	0	0.999999
pum	4	1	8	0	1.000000
nb	1	0	2	0	1.000000
tuberculosis	0	0	1	0	0.999999
usfeel	0	1	1	0	0.999999
constitute	0	0	1	0	0.999999
ena	2	1	4	0	1.000000
miles	0	0	23	0	1.000000
uses	0	1	5	0	1.000000
roof	0	0	2	0	1.000000
mel	0	1	1	0	0.999999
misc	0	0	2	0	1.000000
valerie	0	1	1	0	0.999999
mm	2	1	2	0	1.000000
importation	0	0	2	0	1.000000
gsn	4	0	1	0	0.999999
cockscomb	0	1	1	0	0.999999
bathroom	0	0	2	0	1.000000
lis	4	0	121	0	1.000000
pored	0	0	1	0	0.999999
proceed	0	0	3	0	1.000000
mcx	0	1	4	0	1.000000
kne	4	0	20	0	1.000000
spoken	0	1	1	0	0.999999
james	0	1	6	0	1.000000
scout	0	1	1	0	0.999999
galleries	0	0	3	0	1.000000
bis	4	0	5	0	1.000000
rcs	2	0	1	0	0.999999
aise	0	0	1	0	0.999999
ric	4	1	13	0	1.000000
creatively	0	0	1	0	0.999999
noa	4	0	1	0	0.999999
ast	2	1	135	0	1.000000
gns	2	1	2	0	1.000000
influencing	0	0	1	0	0.999999
describes	0	0	2	0	1.000000
samsung	0	1	1	0	0.999999
low	0	1	1	0	0.999999
sef	4	0	1	0	0.999999
educating	0	0	1	0	0.999999
gor	2	0	2	0	1.000000
owing	0	0	3	0	1.000000
utside	0	0	1	0	0.999999
uti	4	0	11	0	1.000000
ntz	2	1	1	0	0.999999
iat	2	1	1	0	0.999999
lodgesituated	0	1	1	0	0.999999
ati	2	0	42	0	1.000000
cc	2	1	2	0	1.000000
him	4	1	3	0	1.000000
hover	0	0	14	0	1.000000
unstable	0	0	1	0	0.999999
ipe	2	0	13	0	1.000000
nue	4	0	1	0	0.999999
scandal	0	1	1	0	0.999999
ipo	4	0	1	0	0.999999
glasgow	0	1	6	0	1.000000
representatives	0	1	2	0	1.000000
rci	2	0	2	0	1.000000
svi	4	0	1	0	0.999999
breathes	0	0	2	0	1.000000
cup	0	0	4	0	1.000000
archery	0	0	1	0	0.999999
combrad	0	1	1	0	0.999999
cartoon	0	1	2	0	1.000000
cel	4	1	14	0	1.000000
questionable	0	0	1	0	0.999999
tas	4	1	1	0	0.999999
inverse	0	0	2	0	1.000000
mw	1	0	17	0	1.000000
fam	0	0	1	0	0.999999
polleros	0	0	1	0	0.999999
ay	2	0	3	0	1.000000
dean	0	1	2	0	1.000000
jacket	0	0	1	0	0.999999
interfacing	0	0	1	0	0.999999
priornotice	0	0	1	0	0.999999
ptarmagans	0	0	1	0	0.999999
mountains	0	0	3	0	1.000000
abuse	0	1	4	0	1.000000
arose	0	0	1	0	0.999999
transitional	0	0	2	0	1.000000
momentary	0	0	2	0	1.000000
storting	0	1	1	0	0.999999
teanga	0	1	1	0	0.999999
samps	0	1	1	0	0.999999
policy	0	0	7	0	1.000000
mc	1	0	5	0	1.000000
belizefollowing	0	1	1	0	0.999999
xv	1	1	1	0	0.999999
players	0	1	2	0	1.000000
coast	0	1	2	0	1.000000
ipod	0	1	3	0	1.000000
therefore	0	0	2	0	1.000000
modidy	0	0	1	0	0.999999
distills	0	0	1	0	0.999999
specimen	0	0	1	0	0.999999
pages	0	0	40	0	1.000000
mov	0	0	1	0	0.999999
gatherings	0	0	1	0	0.999999
senior	0	1	1	0	0.999999
yesterday	0	1	1	0	0.999999
texts	0	0	1	0	0.999999
trust	0	1	6	0	1.000000
zio	2	0	1	0	0.999999
ntemp	0	0	1	0	0.999999
yu	0	1	1	0	0.999999
hka	2	0	3	0	1.000000
megadrive	0	1	1	0	0.999999
cultura	0	0	2	0	1.000000
stapl	0	0	1	0	0.999999
reached	0	0	11	0	1.000000
accomplished	0	0	2	0	1.000000
buldging	0	1	1	0	0.999999
survey	0	0	7	0	1.000000
voc	2	0	4	0	1.000000
due	4	1	5	0	1.000000
ya	2	0	3	0	1.000000
yk	1	1	1	0	0.999999
une	0	0	5	0	1.000000
gre	4	1	65	0	1.000000
portapapeles	0	0	3	0	1.000000
rting	0	0	1	0	0.999999
torte	0	0	1	0	0.999999
nya	2	1	1	0	0.999999
arcuri	0	1	1	0	0.999999
wev	4	0	1	0	0.999999
sib	4	0	1	0	0.999999
southwest	0	1	5	0	1.000000
rikki	0	0	4	0	1.000000
belgie	0	1	2	0	1.000000
rapid	0	1	2	0	1.000000
gal	2	0	16	0	1.000000
wir	2	0	2	0	1.000000
indulgence	0	0	1	0	0.999999
councils	0	0	1	0	0.999999
pale	0	0	1	0	0.999999
pse	2	1	3	0	1.000000
mask	0	1	1	0	0.999999
cw	1	0	1	0	0.999999
frost	0	0	1	0	0.999999
ude	2	1	20	0	1.000000
ude	2	0	83	0	1.000000
artigo	0	0	1	0	0.999999
intellect	0	0	1	0	0.999999
stickwith	0	0	5	0	1.000000
bubs	0	0	1	0	0.999999
ump	2	0	2	0	1.000000
enfin	0	0	2	0	1.000000
ya	1	0	5	0	1.000000
houston	0	1	1	0	0.999999
pam	2	0	10	0	1.000000
oux	2	1	1	0	0.999999
cloth	0	0	2	0	1.000000
curious	0	0	3	0	1.000000
rtrequirements	0	1	1	0	0.999999
councilor	0	0	1	0	0.999999
frans	0	1	1	0	0.999999
battalion	0	1	3	0	1.000000
fanton	0	1	2	0	1.000000
dig	4	0	28	0	1.000000
woww	0	0	1	0	0.999999
dexterity	0	0	1	0	0.999999
ign	4	0	34	0	1.000000
tooth	0	0	2	0	1.000000
aside	0	1	1	0	0.999999
years	0	0	50	0	1.000000
yet	2	0	16	0	1.000000
ust	4	1	1	0	0.999999
europe	0	1	33	0	1.000000
experienced	0	1	2	0	1.000000
viewed	0	0	3	0	1.000000
amz	2	1	1	0	0.999999
jp	3	1	7	0	1.000000
sep	2	1	61	0	1.000000
dig	2	1	1	0	0.999999
unknown	0	0	3	0	1.000000
advise	0	0	4	0	1.000000
mm	3	1	4	0	1.000000
any	4	0	263	0	1.000000
sat	0	0	1	0	0.999999
derick	0	0	1	0	0.999999
compelling	0	0	1	0	0.999999
ife	0	0	4	0	1.000000
dl	3	1	1	0	0.999999
angela	0	1	2	0	1.000000
ita	4	0	14	0	1.000000
ady	2	0	55	0	1.000000
created	0	0	26	0	1.000000
kokomo	0	0	1	0	0.999999
ara	2	0	20	0	1.000000
vag	4	0	4	0	1.000000
scarface	0	1	1	0	0.999999
nexte	0	1	1	0	0.999999
girlfriend	0	1	1	0	0.999999
cpias	0	0	1	0	0.999999
fac	4	1	26	0	1.000000
msr	4	0	1	0	0.999999
rci	4	0	1	0	0.999999
osp	4	0	3	0	1.000000
hbcu	0	0	1	0	0.999999
ssl	0	1	2	0	1.000000
ceb	4	0	1	0	0.999999
ger	2	1	29	0	1.000000
mrs	4	1	16	0	1.000000
ked	0	0	1	0	0.999999
drawing	0	1	2	0	1.000000
granting	0	0	1	0	0.999999
portfolio	0	0	1	0	0.999999
passwords	0	0	6	0	1.000000
exceeding	0	0	1	0	0.999999
hilarity	0	0	1	0	0.999999
multiplayer	0	0	1	0	0.999999
sof	2	1	2	0	1.000000
nger	0	0	1	0	0.999999
municipal	0	1	1	0	0.999999
rge	2	1	15	0	1.000000
ejo	2	1	2	0	1.000000
foi	4	0	6	0	1.000000
eesti	0	0	1	0	0.999999
achievements	0	0	1	0	0.999999
hic	2	0	31	0	1.000000
salzburg	0	0	1	0	0.999999
dichlorophenol	0	1	3	0	1.000000
sta	2	1	6	0	1.000000
oacsim	0	1	1	0	0.999999
elegant	0	0	1	0	0.999999
joe	2	1	4	0	1.000000
liner	0	1	17	0	1.000000
acceleratethe	0	1	1	0	0.999999
circle	0	0	2	0	1.000000
oa	3	0	4	0	1.000000
patch	0	1	5	0	1.000000
adult	0	0	2	0	1.000000
classic	0	1	38	0	1.000000
low	4	0	32	0	1.000000
emb	4	1	5	0	1.000000
ig	3	0	38	0	1.000000
udo	2	0	2	0	1.000000
ecl	2	0	1	0	0.999999
prognosis	0	1	1	0	0.999999
attachments	0	0	1	0	0.999999
lme	2	1	2	0	1.000000
swr	0	1	1	0	0.999999
jsps	0	1	1	0	0.999999
clearly	0	0	2	0	1.000000
geological	0	0	1	0	0.999999
web	0	0	218	0	1.000000
coke	0	1	1	0	0.999999
stalagmites	0	0	1	0	0.999999
withservices	0	0	1	0	0.999999
warmer	0	0	2	0	1.000000
leges	0	0	1	0	0.999999
ngs	4	0	3	0	1.000000
screenwriting	0	0	1	0	0.999999
mri	2	1	3	0	1.000000
dude	0	0	1	0	0.999999
better	0	0	37	0	1.000000
epi	4	1	10	0	1.000000
knit	0	1	1	0	0.999999
laq	4	0	1	0	0.999999
mob	4	0	6	0	1.000000
cycle	0	0	3	0	1.000000
childish	0	0	1	0	0.999999
gin	4	1	1	0	0.999999
ministers	0	0	3	0	1.000000
kitchen	0	1	2	0	1.000000
needing	0	0	2	0	1.000000
surreal	0	0	1	0	0.999999
iep	0	0	1	0	0.999999
tourist	0	0	6	0	1.000000
aar	0	1	1	0	0.999999
fes	2	0	2	0	1.000000
dona	0	0	2	0	1.000000
layered	0	0	1	0	0.999999
waste	0	1	7	0	1.000000
jets	0	1	1	0	0.999999
raa	4	1	1	0	0.999999
death	0	0	9	0	1.000000
bboy	0	0	1	0	0.999999
packed	0	0	3	0	1.000000
producer	0	1	1	0	0.999999
cm	1	0	3	0	1.000000
catalysts	0	1	32	0	1.000000
seachdain	0	0	1	0	0.999999
anne	0	0	4	0	1.000000
dou	2	1	27	0	1.000000
illustration	0	0	2	0	1.000000
membranes	0	0	1	0	0.999999
clickable	0	0	1	0	0.999999
nuo	4	0	1	0	0.999999
povezave	0	0	1	0	0.999999
fes	4	1	8	0	1.000000
cold	0	1	4	0	1.000000
xb	3	0	67	0	1.000000
kter	0	0	1	0	0.999999
thursday	0	1	17	0	1.000000
thing	0	1	2	0	1.000000
hog	2	1	1	0	0.999999
valid	0	0	19	0	1.000000
pum	4	0	4	0	1.000000
commonwealth	0	1	1	0	0.999999
pills	0	1	1	0	0.999999
solicitation	0	0	7	0	1.000000
unauthorized	0	0	1	0	0.999999
banned	0	0	6	0	1.000000
surfing	0	0	2	0	1.000000
globes	0	0	1	0	0.999999
enu	4	0	1	0	0.999999
debates	0	0	1	0	0.999999
behavior	0	0	3	0	1.000000
dvd	0	0	3	0	1.000000
outline	0	0	1	0	0.999999
izy	2	1	2	0	1.000000
spayed	0	0	1	0	0.999999
sli	4	0	26	0	1.000000
aerosmith	0	1	1	0	0.999999
applies	0	0	4	0	1.000000
voc	4	0	5	0	1.000000
firda	0	1	1	0	0.999999
holdings	0	1	2	0	1.000000
highlighting	0	0	2	0	1.000000
lem	2	0	26	0	1.000000
esbian	0	0	1	0	0.999999
vocedi	0	0	1	0	0.999999
airline	0	0	1	0	0.999999
gauges	0	0	1	0	0.999999
poor	0	0	9	0	1.000000
fca	2	1	1	0	0.999999
negotiable	0	0	1	0	0.999999
animal	0	1	2	0	1.000000
accessories	0	1	3	0	1.000000
ok	3	0	1	0	0.999999
chadmap	0	1	1	0	0.999999
ocean	0	0	2	0	1.000000
pery	0	0	1	0	0.999999
wri	4	0	89	0	1.000000
championships	0	1	1	0	0.999999
indicates	0	0	6	0	1.000000
rate	0	0	37	0	1.000000
ked	2	1	12	0	1.000000
chevelle	0	1	1	0	0.999999
propriety	0	0	1	0	0.999999
alcoholate	0	0	1	0	0.999999
scanner	0	0	3	0	1.000000
amp	2	0	103	0	1.000000
pie	2	0	6	0	1.000000
feliz	0	1	1	0	0.999999
zes	2	0	19	0	1.000000
furoshiki	0	1	2	0	1.000000
interactive	0	0	10	0	1.000000
glu	4	1	1	0	0.999999
helix	0	1	1	0	0.999999
valium	0	0	1	0	0.999999
esignate	0	0	1	0	0.999999
ign	2	0	181	0	1.000000
poems	0	1	2	0	1.000000
blisters	0	0	1	0	0.999999
cubic	0	0	1	0	0.999999
inall	0	0	1	0	0.999999
qub	4	1	2	0	1.000000
rope	0	0	1	0	0.999999
showcasing	0	0	2	0	1.000000
lazy	0	0	2	0	1.000000
roof	0	1	1	0	0.999999
qyzetlyr	0	1	1	0	0.999999
ote	2	0	56	0	1.000000
fio	4	0	1	0	0.999999
relationship	0	0	19	0	1.000000
nko	2	0	1	0	0.999999
dump	0	0	1	0	0.999999
styles	0	0	5	0	1.000000
variable	0	1	1	0	0.999999
bathroom	0	1	2	0	1.000000
baja	0	0	1	0	0.999999
kraken	0	0	1	0	0.999999
reasearch	0	0	1	0	0.999999
economical	0	0	3	0	1.000000
episcopal	0	1	1	0	0.999999
lis	4	1	47	0	1.000000
observe	0	0	5	0	1.000000
joy	4	1	1	0	0.999999
kelley	0	1	1	0	0.999999
spoken	0	0	1	0	0.999999
ric	4	0	21	0	1.000000
bang	0	0	1	0	0.999999
bem	4	0	3	0	1.000000
temp	0	0	4	0	1.000000
omb	0	1	1	0	0.999999
cov	4	1	5	0	1.000000
termination	0	0	1	0	0.999999
cpvc	0	1	1	0	0.999999
rr	1	1	5	0	1.000000
oto	2	1	10	0	1.000000
gangs	0	0	1	0	0.999999
ww	1	0	57	0	1.000000
chlorobenzoyl	0	1	4	0	1.000000
vii	2	1	1	0	0.999999
tlh	2	1	1	0	0.999999
ehrisk	0	1	1	0	0.999999
ckey	0	0	1	0	0.999999
signs	0	0	4	0	1.000000
map	2	0	24	0	1.000000
gul	4	0	5	0	1.000000
cupboard	0	0	1	0	0.999999
vht	0	1	1	0	0.999999
cup	4	0	7	0	1.000000
andy	0	0	1	0	0.999999
uti	4	1	10	0	1.000000
welfare	0	1	1	0	0.999999
patients	0	0	4	0	1.000000
play	0	1	21	0	1.000000
kfc	0	1	1	0	0.999999
commitments	0	0	1	0	0.999999
night	0	0	31	0	1.000000
gostar	0	0	1	0	0.999999
decide	0	0	11	0	1.000000
ticket	0	0	1	0	0.999999
jour	0	0	2	0	1.000000
profiles	0	0	5	0	1.000000
nued	0	0	1	0	0.999999
ea	1	1	76	0	1.000000
tas	4	0	7	0	1.000000
noa	2	1	1	0	0.999999
irc	2	1	1	0	0.999999
uti	2	0	2	0	1.000000
overhear	0	0	1	0	0.999999
tee	0	1	1	0	0.999999
socially	0	0	1	0	0.999999
practices	0	0	8	0	1.000000
php	0	1	9	0	1.000000
oodles	0	1	2	0	1.000000
fcu	4	1	1	0	0.999999
transitional	0	1	1	0	0.999999
almost	0	0	24	0	1.000000
nue	2	0	20	0	1.000000
vernon	0	0	2	0	1.000000
rr	3	0	3	0	1.000000
police	0	1	11	0	1.000000
mhi	4	1	1	0	0.999999
cartography	0	0	1	0	0.999999
nea	2	1	7	0	1.000000
vd	1	1	25	0	1.000000
mov	4	0	61	0	1.000000
potted	0	0	1	0	0.999999
offspring	0	0	1	0	0.999999
uo	3	0	1	0	0.999999
infomation	0	1	1	0	0.999999
vis	2	0	1	0	0.999999
ric	0	0	1	0	0.999999
procure	0	0	1	0	0.999999
reg	2	0	4	0	1.000000
ue	3	1	1	0	0.999999
gmt	4	1	94	0	1.000000
azyrbaycan	0	1	1	0	0.999999
bec	0	0	1	0	0.999999
theaters	0	1	1	0	0.999999
spend	0	0	4	0	1.000000
epidemic	0	0	1	0	0.999999
country	0	1	10	0	1.000000
ane	0	0	2	0	1.000000
gin	2	1	7	0	1.000000
mc	3	0	4	0	1.000000
caf	0	1	1	0	0.999999
survey	0	1	29	0	1.000000
ify	2	1	7	0	1.000000
interruptions	0	0	1	0	0.999999
wizards	0	1	2	0	1.000000
effacement	0	1	1	0	0.999999
aru	2	1	3	0	1.000000
ano	2	0	15	0	1.000000
mbo	2	0	1	0	0.999999
allycad	0	1	1	0	0.999999
idays	0	0	1	0	0.999999
shriners	0	1	1	0	0.999999
ade	4	1	2	0	1.000000
sentimmediately	0	0	1	0	0.999999
cc	3	1	1	0	0.999999
particularly	0	0	6	0	1.000000
sues	0	0	1	0	0.999999
flats	0	1	1	0	0.999999
sincerely	0	0	1	0	0.999999
aen	2	0	1	0	0.999999
rikki	0	1	26	0	1.000000
eda	2	0	12	0	1.000000
boundary	0	0	1	0	0.999999
ipy	2	0	1	0	0.999999
heat	0	0	7	0	1.000000
charles	0	0	1	0	0.999999
clovis	0	1	1	0	0.999999
talk	0	1	3	0	1.000000
aur	2	0	1	0	0.999999
loneliness	0	0	1	0	0.999999
sacrament	0	0	1	0	0.999999
hardware	0	0	4	0	1.000000
creatividad	0	0	2	0	1.000000
bom	2	0	1	0	0.999999
plead	0	0	1	0	0.999999
ay	1	0	583	0	1.000000
weld	0	0	2	0	1.000000
ken	4	0	3	0	1.000000
bondage	0	0	1	0	0.999999
converted	0	0	3	0	1.000000
facilitate	0	0	5	0	1.000000
zie	2	0	1	0	0.999999
volume	0	0	3	0	1.000000
ump	2	1	6	0	1.000000
clickzone	0	1	14	0	1.000000
nuts	0	0	1	0	0.999999
pam	2	1	17	0	1.000000
bilder	0	0	1	0	0.999999
steam	0	0	1	0	0.999999
streetbooking	0	1	1	0	0.999999
efs	2	0	8	0	1.000000
houston	0	0	3	0	1.000000
clarke	0	1	6	0	1.000000
jarrett	0	1	1	0	0.999999
caught	0	0	2	0	1.000000
meast	0	0	1	0	0.999999
teresa	0	1	1	0	0.999999
locally	0	0	2	0	1.000000
vn	3	0	2	0	1.000000
blink	0	1	1	0	0.999999
ati	4	0	4	0	1.000000
dhr	4	0	1	0	0.999999
andnature	0	1	1	0	0.999999
bug	0	1	1	0	0.999999
ozi	2	0	17	0	1.000000
unharmed	0	0	1	0	0.999999
cook	0	1	1	0	0.999999
sof	4	1	9	0	1.000000
hong	0	1	1	0	0.999999
hog	4	0	2	0	1.000000
jp	3	0	3	0	1.000000
standpoint	0	0	1	0	0.999999
investigating	0	0	2	0	1.000000
cincinnati	0	1	6	0	1.000000
ean	2	1	71	0	1.000000
kar	2	1	7	0	1.000000
lowrider	0	0	2	0	1.000000
gi	1	1	3	0	1.000000
note	0	1	18	0	1.000000
todo	0	0	5	0	1.000000
ipe	2	1	15	0	1.000000
afc	2	1	1	0	0.999999
edu	4	0	39	0	1.000000
prosthetics	0	1	3	0	1.000000
cle	4	0	39	0	1.000000
teamed	0	0	1	0	0.999999
wayne	0	0	2	0	1.000000
vals	0	0	2	0	1.000000
genera	0	1	1	0	0.999999
fac	4	0	98	0	1.000000
created	0	1	3	0	1.000000
ize	2	0	87	0	1.000000
upwards	0	0	1	0	0.999999
peanuts	0	0	1	0	0.999999
updateswesend	0	1	1	0	0.999999
safeguard	0	0	2	0	1.000000
ger	2	0	81	0	1.000000
cheney	0	0	1	0	0.999999
photogenic	0	0	1	0	0.999999
dessin	0	0	1	0	0.999999
financias	0	1	1	0	0.999999
mates	0	0	1	0	0.999999
uno	2	0	2	0	1.000000
ignored	0	0	1	0	0.999999
second	0	0	15	0	1.000000
ife	2	0	118	0	1.000000
investor	0	0	6	0	1.000000
podcasting	0	0	1	0	0.999999
brooks	0	1	1	0	0.999999
ebook	0	1	3	0	1.000000
superintended	0	0	1	0	0.999999
spy	4	1	6	0	1.000000
muito	0	0	4	0	1.000000
cheerfu	0	0	1	0	0.999999
midnight	0	0	1	0	0.999999
egr	4	0	6	0	1.000000
resolution	0	0	5	0	1.000000
rge	2	0	65	0	1.000000
ark	4	0	1	0	0.999999
fam	4	1	13	0	1.000000
rsc	4	0	1	0	0.999999
cnc	2	1	8	0	1.000000
prognosis	0	0	1	0	0.999999
mcd	4	1	1	0	0.999999
unit	0	1	4	0	1.000000
fucked	0	1	1	0	0.999999
outputformat	0	0	1	0	0.999999
opdateringer	0	0	1	0	0.999999
hybrten	0	1	1	0	0.999999
structuring	0	0	1	0	0.999999
masaryk	0	1	1	0	0.999999
ek	1	1	33	0	1.000000
nv	2	1	1	0	0.999999
spy	2	1	4	0	1.000000
pes	4	0	10	0	1.000000
recrutement	0	0	1	0	0.999999
pt	3	0	1	0	0.999999
req	4	1	19	0	1.000000
adhesives	0	1	16	0	1.000000
nea	4	1	11	0	1.000000
macartney	0	1	1	0	0.999999
drive	0	0	31	0	1.000000
choosing	0	0	2	0	1.000000
mcx	4	1	4	0	1.000000
attachments	0	1	1	0	0.999999
sta	4	1	237	0	1.000000
tey	2	0	1	0	0.999999
clearly	0	1	2	0	1.000000
nolantwo	0	1	1	0	0.999999
tourisme	0	1	1	0	0.999999
delayed	0	0	3	0	1.000000
battle	0	0	1	0	0.999999
better	0	1	4	0	1.000000
castle	0	1	1	0	0.999999
swr	4	1	1	0	0.999999
experiments	0	0	3	0	1.000000
sq	2	0	2	0	1.000000
thepage	0	0	1	0	0.999999
heureusement	0	0	1	0	0.999999
ena	4	1	2	0	1.000000
contacting	0	1	1	0	0.999999
sop	4	0	1	0	0.999999
any	2	0	357	0	1.000000
galenet	0	0	1	0	0.999999
petrochemical	0	1	16	0	1.000000
spelling	0	1	1	0	0.999999
cza	4	1	1	0	0.999999
located	0	1	12	0	1.000000
yours	0	0	6	0	1.000000
trade	0	1	6	0	1.000000
ich	2	1	31	0	1.000000
cm	0	0	2	0	1.000000
tuner	0	0	2	0	1.000000
luzhniki	0	1	1	0	0.999999
edition	0	0	12	0	1.000000
rightnaidheachdan	0	1	1	0	0.999999
hoq	4	0	1	0	0.999999
xv	2	1	1	0	0.999999
fraction	0	0	3	0	1.000000
cm	1	1	3	0	1.000000
cc	0	1	2	0	1.000000
owl	2	1	2	0	1.000000
rightbalitang	0	1	1	0	0.999999
ld	1	0	758	0	1.000000
rougon	0	1	1	0	0.999999
manhattan	0	1	1	0	0.999999
too	4	0	106	0	1.000000
nanny	0	1	1	0	0.999999
runner	0	1	2	0	1.000000
gi	3	1	80	0	1.000000
poi	4	0	56	0	1.000000
nuo	4	1	1	0	0.999999
valin	0	1	1	0	0.999999
hog	4	1	2	0	1.000000
pocket	0	0	3	0	1.000000
stevie	0	1	1	0	0.999999
startrek	0	0	1	0	0.999999
mm	0	0	4	0	1.000000
stumbler	0	0	1	0	0.999999
oud	2	0	9	0	1.000000
anxiety	0	0	1	0	0.999999
wir	4	1	3	0	1.000000
nao	4	0	3	0	1.000000
conducting	0	0	1	0	0.999999
classifieds	0	0	94	0	1.000000
compatability	0	0	1	0	0.999999
sack	0	0	1	0	0.999999
udy	0	0	1	0	0.999999
utilitatis	0	0	1	0	0.999999
plumbing	0	1	3	0	1.000000
jia	4	1	15	0	1.000000
due	0	0	7	0	1.000000
cyl	0	1	1	0	0.999999
psyd	0	1	1	0	0.999999
dvd	2	1	23	0	1.000000
kolozsv	0	1	1	0	0.999999
yu	1	1	2	0	1.000000
contain	0	0	6	0	1.000000
confusion	0	0	1	0	0.999999
rms	2	1	11	0	1.000000
uit	4	0	1	0	0.999999
fcu	0	1	1	0	0.999999
seville	0	1	1	0	0.999999
fluorobenzoyl	0	1	3	0	1.000000
poor	0	1	2	0	1.000000
kha	2	1	2	0	1.000000
safeguard	0	1	1	0	0.999999
lis	2	1	9	0	1.000000
bom	0	1	3	0	1.000000
towey	0	1	1	0	0.999999
folk	0	0	1	0	0.999999
ao	2	0	2	0	1.000000
whatcircumstances	0	0	1	0	0.999999
rau	4	1	1	0	0.999999
animal	0	0	6	0	1.000000
wwii	0	0	1	0	0.999999
tiresome	0	0	1	0	0.999999
sliding	0	0	1	0	0.999999
ocean	0	1	5	0	1.000000
colonel	0	1	5	0	1.000000
lom	4	1	2	0	1.000000
kurd	0	1	2	0	1.000000
extra	0	1	6	0	1.000000
abovethe	0	0	1	0	0.999999
nude	0	0	26	0	1.000000
uts	4	0	3	0	1.000000
ipo	4	1	4	0	1.000000
fuel	0	0	9	0	1.000000
bride	0	0	2	0	1.000000
frakes	0	0	1	0	0.999999
taiwan	0	1	1	0	0.999999
personal	0	1	11	0	1.000000
ke	1	1	126	0	1.000000
yet	0	0	16	0	1.000000
qi	3	1	1	0	0.999999
glu	4	0	2	0	1.000000
pladnji	0	0	1	0	0.999999
tots	0	1	1	0	0.999999
sucking	0	1	1	0	0.999999
valium	0	1	3	0	1.000000
retailer	0	1	1	0	0.999999
instead	0	0	9	0	1.000000
sep	4	1	76	0	1.000000
cnc	0	1	8	0	1.000000
interactive	0	1	11	0	1.000000
spur	0	1	1	0	0.999999
pio	2	0	1	0	0.999999
sil	4	1	28	0	1.000000
bag	4	1	2	0	1.000000
weather	0	0	11	0	1.000000
fam	2	0	1	0	0.999999
symbolic	0	0	1	0	0.999999
tito	0	1	1	0	0.999999
pricing	0	0	4	0	1.000000
musicin	0	1	1	0	0.999999
fll	4	0	1	0	0.999999
oda	2	1	1	0	0.999999
ili	2	1	1	0	0.999999
lx	0	0	1	0	0.999999
v	0	0	12	0	1.000000
yourname	0	0	7	0	1.000000
portugese	0	1	1	0	0.999999
housekeeper	0	0	1	0	0.999999
yoplait	0	0	1	0	0.999999
ngs	2	1	101	0	1.000000
sweden	0	1	3	0	1.000000
hoq	2	0	1	0	0.999999
orange	0	0	2	0	1.000000
boldly	0	0	1	0	0.999999
denominated	0	0	1	0	0.999999
udy	2	0	11	0	1.000000
ferrer	0	1	1	0	0.999999
ote	2	1	34	0	1.000000
maker	0	0	2	0	1.000000
lamour	0	0	2	0	1.000000
pedro	0	1	15	0	1.000000
db	3	1	2	0	1.000000
joy	4	0	5	0	1.000000
ou	3	0	460	0	1.000000
specials	0	0	2	0	1.000000
ravemna	0	0	1	0	0.999999
kno	4	0	142	0	1.000000
heavily	0	0	1	0	0.999999
largesse	0	0	1	0	0.999999
observe	0	1	1	0	0.999999
cov	4	0	40	0	1.000000
sch	4	1	21	0	1.000000
moscova	0	1	2	0	1.000000
maskiner	0	1	1	0	0.999999
ean	2	0	41	0	1.000000
envelope	0	0	4	0	1.000000
zei	4	0	1	0	0.999999
spur	0	0	2	0	1.000000
cpvc	0	0	1	0	0.999999
barbecues	0	0	1	0	0.999999
eu	1	1	18	0	1.000000
ete	2	1	78	0	1.000000
shuffes	0	0	1	0	0.999999
toy	4	0	5	0	1.000000
staffing	0	1	1	0	0.999999
rmer	0	0	1	0	0.999999
adulthood	0	0	2	0	1.000000
thats	0	1	2	0	1.000000
rapid	0	0	1	0	0.999999
dane	0	1	1	0	0.999999
airp	0	0	2	0	1.000000
nobel	0	1	1	0	0.999999
populationfar	0	0	5	0	1.000000
gul	4	1	2	0	1.000000
bec	2	0	1	0	0.999999
contexto	0	0	1	0	0.999999
decide	0	1	4	0	1.000000
shadow	0	1	2	0	1.000000
implants	0	0	1	0	0.999999
night	0	1	2	0	1.000000
profiles	0	1	13	0	1.000000
submerge	0	1	1	0	0.999999
ukh	4	1	1	0	0.999999
contact	0	0	50	0	1.000000
gid	4	1	3	0	1.000000
maz	4	0	2	0	1.000000
hau	4	0	2	0	1.000000
mw	0	0	1	0	0.999999
jui	4	1	1	0	0.999999
correspondence	0	0	1	0	0.999999
mecanic	0	1	2	0	1.000000
duplicating	0	0	1	0	0.999999
taxi	0	0	5	0	1.000000
nsaves	0	0	1	0	0.999999
php	0	0	3	0	1.000000
kindergarten	0	0	1	0	0.999999
almost	0	1	2	0	1.000000
tik	4	1	5	0	1.000000
contente	0	0	1	0	0.999999
spe	4	0	266	0	1.000000
ric	2	1	18	0	1.000000
berlusconi	0	1	3	0	1.000000
nue	2	1	8	0	1.000000
yto	2	1	1	0	0.999999
brist	0	1	1	0	0.999999
carolinas	0	1	1	0	0.999999
banking	0	0	2	0	1.000000
addressing	0	0	1	0	0.999999
hh	1	1	3	0	1.000000
hr	3	0	16	0	1.000000
suck	0	0	2	0	1.000000
classifi	0	0	1	0	0.999999
hog	0	0	1	0	0.999999
offspring	0	1	1	0	0.999999
poodles	0	0	1	0	0.999999
vis	2	1	3	0	1.000000
kill	0	0	13	0	1.000000
adams	0	0	1	0	0.999999
powered	0	1	4	0	1.000000
siemens	0	1	1	0	0.999999
country	0	0	76	0	1.000000
dae	2	1	2	0	1.000000
display	0	0	15	0	1.000000
ify	2	0	44	0	1.000000
gab	4	0	4	0	1.000000
gro	2	1	1	0	0.999999
prestations	0	1	1	0	0.999999
aru	2	0	2	0	1.000000
cob	2	0	1	0	0.999999
rim	0	1	1	0	0.999999
ric	2	0	21	0	1.000000
intention	0	0	2	0	1.000000
web	2	0	221	0	1.000000
submerge	0	0	1	0	0.999999
irm	2	0	19	0	1.000000
fixed	0	1	41	0	1.000000
lug	2	0	2	0	1.000000
contest	0	0	3	0	1.000000
defesa	0	0	1	0	0.999999
yujh	0	0	1	0	0.999999
dhaoine	0	0	2	0	1.000000
wm	3	0	3	0	1.000000
agreed	0	0	5	0	1.000000
maf	0	0	1	0	0.999999
porra	0	0	2	0	1.000000
love	0	1	31	0	1.000000
tomas	0	1	1	0	0.999999
mapsbelize	0	1	1	0	0.999999
sondrio	0	1	2	0	1.000000
nok	2	0	1	0	0.999999
sociale	0	1	1	0	0.999999
puritans	0	1	1	0	0.999999
approx	0	0	2	0	1.000000
unseen	0	0	1	0	0.999999
underneath	0	0	1	0	0.999999
attractions	0	0	26	0	1.000000
ft	3	1	1	0	0.999999
mpu	2	1	1	0	0.999999
unded	0	0	2	0	1.000000
ay	1	1	293	0	1.000000
modeled	0	0	1	0	0.999999
eliminate	0	0	1	0	0.999999
ano	4	1	14	0	1.000000
ast	4	1	2	0	1.000000
foi	2	0	5	0	1.000000
aftonbladet	0	1	1	0	0.999999
lunch	0	0	2	0	1.000000
participate	0	1	1	0	0.999999
pursue	0	0	1	0	0.999999
passenger	0	0	5	0	1.000000
egaming	0	1	1	0	0.999999
meanwhile	0	1	2	0	1.000000
erg	2	0	2	0	1.000000
eet	2	0	109	0	1.000000
tomasso	0	1	1	0	0.999999
juice	0	1	1	0	0.999999
addcomment	0	1	2	0	1.000000
fuc	4	1	2	0	1.000000
portaalid	0	1	1	0	0.999999
undefined	0	0	1	0	0.999999
pranzo	0	1	1	0	0.999999
gla	4	0	19	0	1.000000
elizabeth	0	1	2	0	1.000000
muz	4	0	1	0	0.999999
ok	2	1	5	0	1.000000
zecchin	0	1	1	0	0.999999
dao	4	1	1	0	0.999999
paved	0	0	1	0	0.999999
scared	0	0	2	0	1.000000
cc	1	0	1	0	0.999999
barton	0	1	3	0	1.000000
gal	2	1	11	0	1.000000
uno	4	1	1	0	0.999999
fie	4	0	36	0	1.000000
boird	0	1	1	0	0.999999
pt	2	0	1	0	0.999999
guerra	0	1	1	0	0.999999
snorkel	0	0	6	0	1.000000
ig	1	1	47	0	1.000000
hyg	4	0	2	0	1.000000
afc	2	0	1	0	0.999999
due	2	1	5	0	1.000000
cutters	0	0	1	0	0.999999
seville	0	0	1	0	0.999999
preurl	0	1	14	0	1.000000
wel	4	1	41	0	1.000000
obviously	0	1	1	0	0.999999
gs	1	1	155	0	1.000000
ops	2	1	7	0	1.000000
jai	0	1	2	0	1.000000
edu	4	1	11	0	1.000000
pes	2	0	53	0	1.000000
countess	0	1	1	0	0.999999
hooks	0	1	1	0	0.999999
married	0	0	4	0	1.000000
diver	0	1	1	0	0.999999
wm	2	0	1	0	0.999999
announcements	0	0	3	0	1.000000
sister	0	0	3	0	1.000000
ize	2	1	511	0	1.000000
total	0	0	25	0	1.000000
ky	0	1	1	0	0.999999
yan	2	0	3	0	1.000000
indiriliyor	0	0	1	0	0.999999
investor	0	1	12	0	1.000000
afc	0	1	1	0	0.999999
kindergarten	0	1	1	0	0.999999
concept	0	0	2	0	1.000000
day	4	0	188	0	1.000000
prairie	0	1	1	0	0.999999
ebook	0	0	2	0	1.000000
ife	2	1	19	0	1.000000
nsumer	0	0	2	0	1.000000
professors	0	1	2	0	1.000000
bec	4	0	104	0	1.000000
yet	2	1	4	0	1.000000
globally	0	0	1	0	0.999999
dvd	4	1	27	0	1.000000
hengist	0	1	1	0	0.999999
mcd	4	0	1	0	0.999999
connection	0	0	13	0	1.000000
madcatz	0	0	1	0	0.999999
db	1	1	1	0	0.999999
uur	2	0	2	0	1.000000
ukhenba	0	1	1	0	0.999999
nemea	0	1	1	0	0.999999
surely	0	0	1	0	0.999999
unit	0	0	17	0	1.000000
advisor	0	0	7	0	1.000000
frecuentemente	0	0	1	0	0.999999
winning	0	1	1	0	0.999999
lug	4	0	2	0	1.000000
flats	0	0	9	0	1.000000
vis	4	1	31	0	1.000000
facing	0	0	3	0	1.000000
sch	4	0	93	0	1.000000
cleargifs	0	0	1	0	0.999999
ecourse	0	1	13	0	1.000000
pes	4	1	4	0	1.000000
fallon	0	1	1	0	0.999999
readily	0	0	2	0	1.000000
choicewhether	0	0	1	0	0.999999
itte	0	0	1	0	0.999999
positions	0	0	2	0	1.000000
blood	0	1	4	0	1.000000
him	2	0	87	0	1.000000
outset	0	0	1	0	0.999999
haa	4	0	1	0	0.999999
philosophers	0	0	2	0	1.000000
poi	4	1	8	0	1.000000
aur	0	0	1	0	0.999999
sut	0	1	1	0	0.999999
conformity	0	0	1	0	0.999999
buttoons	0	0	1	0	0.999999
oje	2	0	1	0	0.999999
xb	1	1	1	0	0.999999
elastication	0	0	1	0	0.999999
ok	1	1	57	0	1.000000
bookclubs	0	0	1	0	0.999999
access	0	1	8	0	1.000000
delayed	0	1	1	0	0.999999
insuperable	0	0	1	0	0.999999
andfax	0	0	1	0	0.999999
namely	0	0	2	0	1.000000
qs	1	1	2	0	1.000000
gro	4	0	78	0	1.000000
doa	4	1	1	0	0.999999
amour	0	0	2	0	1.000000
ait	2	0	28	0	1.000000
joe	0	1	4	0	1.000000
sch	2	1	4	0	1.000000
quae	0	0	1	0	0.999999
postagens	0	0	2	0	1.000000
ffr	4	0	1	0	0.999999
gs	3	0	1	0	0.999999
any	2	1	93	0	1.000000
trade	0	0	15	0	1.000000
pie	4	1	32	0	1.000000
tlh	0	1	1	0	0.999999
qubec	0	1	2	0	1.000000
ahalf	0	0	2	0	1.000000
introduction	0	0	3	0	1.000000
ao	3	1	5	0	1.000000
holds	0	0	6	0	1.000000
socialists	0	1	1	0	0.999999
uncanny	0	0	1	0	0.999999
justify	0	0	1	0	0.999999
fits	0	1	1	0	0.999999
tajikistan	0	1	1	0	0.999999
stock	0	1	6	0	1.000000
balance	0	0	2	0	1.000000
owl	2	0	1	0	0.999999
reconstruction	0	0	1	0	0.999999
voltar	0	0	1	0	0.999999
remedy	0	0	1	0	0.999999
map	0	0	23	0	1.000000
stand	0	0	7	0	1.000000
equation	0	0	1	0	0.999999
uo	2	1	1	0	0.999999
start	0	1	15	0	1.000000
brokerage	0	1	1	0	0.999999
ek	2	1	2	0	1.000000
pac	2	1	6	0	1.000000
happen	0	0	10	0	1.000000
candour	0	0	1	0	0.999999
tarde	0	0	2	0	1.000000
lco	2	1	7	0	1.000000
fied	0	0	3	0	1.000000
libangan	0	0	1	0	0.999999
lth	2	1	18	0	1.000000
annemarie	0	1	1	0	0.999999
ea	3	1	77	0	1.000000
alg	4	0	2	0	1.000000
bugconnection	0	1	3	0	1.000000
nao	4	1	2	0	1.000000
sigs	0	1	1	0	0.999999
gal	4	1	28	0	1.000000
dunbar	0	1	1	0	0.999999
bug	4	0	35	0	1.000000
ue	1	1	138	0	1.000000
scr	4	0	41	0	1.000000
ado	4	0	13	0	1.000000
woke	0	0	1	0	0.999999
submarine	0	0	1	0	0.999999
ln	1	1	40	0	1.000000
due	0	1	4	0	1.000000
sat	2	0	1	0	0.999999
technological	0	0	1	0	0.999999
quantitativamente	0	0	1	0	0.999999
rh	0	0	1	0	0.999999
tips	0	1	5	0	1.000000
ubiquitous	0	0	1	0	0.999999
nig	4	1	7	0	1.000000
mission	0	0	4	0	1.000000
bow	0	0	2	0	1.000000
fei	4	0	3	0	1.000000
extra	0	0	13	0	1.000000
exa	4	0	56	0	1.000000
calculated	0	0	1	0	0.999999
californai	0	0	2	0	1.000000
ae	1	1	6	0	1.000000
tuner	0	1	3	0	1.000000
ssb	4	1	2	0	1.000000
kra	4	0	3	0	1.000000
bellows	0	1	1	0	0.999999
tells	0	0	2	0	1.000000
sweeping	0	0	1	0	0.999999
wallus	0	1	1	0	0.999999
herm	0	0	1	0	0.999999
tf	3	0	1	0	0.999999
gowns	0	0	1	0	0.999999
ued	2	0	22	0	1.000000
meters	0	0	8	0	1.000000
protege	0	1	1	0	0.999999
statistic	0	0	1	0	0.999999
instead	0	1	3	0	1.000000
week	0	1	3	0	1.000000
reputati	0	0	1	0	0.999999
barefoot	0	1	1	0	0.999999
datenschutzerklungthe	0	1	2	0	1.000000
brandon	0	0	1	0	0.999999
aviv	0	0	2	0	1.000000
marine	0	1	11	0	1.000000
added	0	0	29	0	1.000000
esp	4	0	29	0	1.000000
loc	4	1	42	0	1.000000
views	0	1	3	0	1.000000
ashlee	0	1	1	0	0.999999
pricing	0	1	3	0	1.000000
ibi	4	1	1	0	0.999999
alderete	0	1	1	0	0.999999
opposition	0	0	1	0	0.999999
pt	1	1	110	0	1.000000
paige	0	1	1	0	0.999999
appreciated	0	0	2	0	1.000000
woodard	0	1	1	0	0.999999
mov	2	0	1	0	0.999999
surf	0	1	1	0	0.999999
pages	0	1	7	0	1.000000
california	0	1	10	0	1.000000
regardless	0	0	1	0	0.999999
sat	4	1	28	0	1.000000
une	0	1	3	0	1.000000
reat	0	0	2	0	1.000000
ich	0	1	2	0	1.000000
jai	4	0	4	0	1.000000
results	0	1	2	0	1.000000
rfrences	0	1	1	0	0.999999
cap	2	1	4	0	1.000000
thursday	0	0	1	0	0.999999
cm	3	1	4	0	1.000000
ou	3	1	82	0	1.000000
increasingly	0	0	2	0	1.000000
acceleration	0	1	1	0	0.999999
ing	4	1	1	0	0.999999
kno	4	1	5	0	1.000000
plateau	0	1	1	0	0.999999
unar	0	0	1	0	0.999999
amp	0	0	99	0	1.000000
digestion	0	0	1	0	0.999999
trackmouse	0	1	1	0	0.999999
fixvts	0	1	18	0	1.000000
preceded	0	0	1	0	0.999999
bict	0	1	1	0	0.999999
l	0	1	35	0	1.000000
thesehtml	0	1	1	0	0.999999
geared	0	0	1	0	0.999999
ssb	2	1	3	0	1.000000
shares	0	0	5	0	1.000000
samsung	0	0	1	0	0.999999
cfa	4	1	1	0	0.999999
low	0	0	17	0	1.000000
akr	4	1	1	0	0.999999
thats	0	0	4	0	1.000000
michigan	0	0	3	0	1.000000
elm	2	0	1	0	0.999999
ing	2	1	786	0	1.000000
piadas	0	0	1	0	0.999999
myself	0	0	21	0	1.000000
emblem	0	1	1	0	0.999999
ya	0	1	1	0	0.999999
iat	2	0	1	0	0.999999
oax	2	1	1	0	0.999999
hh	3	0	1	0	0.999999
him	4	0	96	0	1.000000
infinita	0	0	1	0	0.999999
doccookie	0	1	3	0	1.000000
notlinked	0	0	1	0	0.999999
dv	3	1	28	0	1.000000
bec	2	1	2	0	1.000000
november	0	1	26	0	1.000000
bhagtheran	0	0	1	0	0.999999
uo	0	1	1	0	0.999999
employee	0	0	4	0	1.000000
teen	0	1	2	0	1.000000
guggenheim	0	1	2	0	1.000000
webmaster	0	1	2	0	1.000000
oet	2	0	6	0	1.000000
maz	4	1	3	0	1.000000
flea	0	1	1	0	0.999999
aliens	0	0	1	0	0.999999
eading	0	0	2	0	1.000000
yte	2	1	1	0	0.999999
messaging	0	1	1	0	0.999999
rms	2	0	44	0	1.000000
cartoonist	0	0	1	0	0.999999
catastrophe	0	0	1	0	0.999999
ixsoftware	0	1	2	0	1.000000
suppers	0	0	2	0	1.000000
ringt	0	1	2	0	1.000000
proved	0	0	2	0	1.000000
cw	1	1	88	0	1.000000
yto	2	0	1	0	0.999999
uses	0	0	17	0	1.000000
rightoffering	0	1	1	0	0.999999
vec	4	0	6	0	1.000000
mc	2	0	1	0	0.999999
geh	4	1	1	0	0.999999
banking	0	1	3	0	1.000000
gradual	0	0	1	0	0.999999
wly	2	1	2	0	1.000000
sizes	0	0	4	0	1.000000
kill	0	1	7	0	1.000000
sucking	0	0	1	0	0.999999
christianitos	0	1	2	0	1.000000
telegrams	0	0	1	0	0.999999
plane	0	0	2	0	1.000000
manufactures	0	0	1	0	0.999999
exchanging	0	0	1	0	0.999999
suj	4	0	1	0	0.999999
bishops	0	0	1	0	0.999999
gro	2	0	1	0	0.999999
ephesians	0	0	1	0	0.999999
voc	4	1	2	0	1.000000
greipesland	0	1	1	0	0.999999
ports	0	1	1	0	0.999999
ou	1	0	1086	0	1.000000
panel	0	0	5	0	1.000000
gab	4	1	5	0	1.000000
cinched	0	0	1	0	0.999999
cob	2	1	2	0	1.000000
grandpas	0	0	2	0	1.000000
tas	2	1	2	0	1.000000
itu	4	1	4	0	1.000000
discovered	0	0	12	0	1.000000
oad	2	0	83	0	1.000000
mol	4	1	5	0	1.000000
tour	0	1	16	0	1.000000
ound	0	0	1	0	0.999999
lug	2	1	1	0	0.999999
reg	4	1	86	0	1.000000
included	0	1	7	0	1.000000
necessarily	0	0	4	0	1.000000
kha	4	1	5	0	1.000000
bastante	0	0	1	0	0.999999
sg	3	1	2	0	1.000000
hog	2	0	2	0	1.000000
cri	4	1	16	0	1.000000
teams	0	0	1	0	0.999999
franchising	0	0	4	0	1.000000
chi	0	0	3	0	1.000000
gal	0	0	1	0	0.999999
kristin	0	1	1	0	0.999999
charters	0	1	1	0	0.999999
pei	4	0	1	0	0.999999
cle	2	0	35	0	1.000000
zie	2	1	2	0	1.000000
article	0	1	4	0	1.000000
joo	4	1	2	0	1.000000
problems	0	0	29	0	1.000000
ft	3	0	4	0	1.000000
cm	2	0	2	0	1.000000
glossary	0	1	3	0	1.000000
hms	0	1	2	0	1.000000
issocialcontext	0	1	1	0	0.999999
voc	0	1	2	0	1.000000
ast	4	0	15	0	1.000000
mri	0	1	3	0	1.000000
forsworn	0	0	1	0	0.999999
ya	2	1	1	0	0.999999
ya	1	1	81	0	1.000000
frequncia	0	0	1	0	0.999999
uy	1	1	32	0	1.000000
ken	2	0	28	0	1.000000
pumping	0	1	3	0	1.000000
ief	2	0	9	0	1.000000
spillways	0	1	1	0	0.999999
sq	0	0	2	0	1.000000
vow	4	0	2	0	1.000000
tenha	0	0	2	0	1.000000
emploi	0	1	2	0	1.000000
rh	3	1	4	0	1.000000
scripts	0	0	4	0	1.000000
nitrox	0	1	1	0	0.999999
gs	2	0	4	0	1.000000
experienced	0	0	11	0	1.000000
rally	0	1	15	0	1.000000
astuces	0	1	1	0	0.999999
officerus	0	1	1	0	0.999999
yif	2	1	14	0	1.000000
elizabeth	0	0	1	0	0.999999
cellular	0	0	2	0	1.000000
heg	4	0	1	0	0.999999
equipment	0	1	21	0	1.000000
argest	0	0	2	0	1.000000
unrelated	0	0	2	0	1.000000
gla	4	1	11	0	1.000000
banjul	0	1	2	0	1.000000
fie	2	1	1	0	0.999999
kit	2	0	7	0	1.000000
bakersfield	0	1	1	0	0.999999
ok	2	0	5	0	1.000000
sportster	0	0	1	0	0.999999
gi	0	0	2	0	1.000000
sensor	0	1	1	0	0.999999
boob	0	1	1	0	0.999999
preben	0	1	1	0	0.999999
crab	0	0	1	0	0.999999
previously	0	1	2	0	1.000000
travelling	0	0	6	0	1.000000
suspicions	0	0	1	0	0.999999
uit	2	1	5	0	1.000000
due	2	0	9	0	1.000000
clothing	0	0	3	0	1.000000
sculptures	0	0	2	0	1.000000
vision	0	1	2	0	1.000000
ops	2	0	22	0	1.000000
ked	2	0	83	0	1.000000
caye	0	0	6	0	1.000000
mcqueen	0	1	1	0	0.999999
mesg	0	0	12	0	1.000000
anticipated	0	0	1	0	0.999999
merci	0	1	2	0	1.000000
soviet	0	1	3	0	1.000000
ats	2	1	32	0	1.000000
vial	0	0	1	0	0.999999
cm	3	0	1	0	0.999999
ww	3	0	55	0	1.000000
toddy	0	1	1	0	0.999999
agreeable	0	0	1	0	0.999999
february	0	1	42	0	1.000000
tai	0	0	1	0	0.999999
explosives	0	0	3	0	1.000000
announcements	0	1	1	0	0.999999
mask	0	0	4	0	1.000000
afc	0	0	1	0	0.999999
vag	4	1	2	0	1.000000
etter	0	0	7	0	1.000000
rgo	2	1	6	0	1.000000
drawing	0	0	18	0	1.000000
vrgg	0	1	2	0	1.000000
huntsville	0	0	2	0	1.000000
sociable	0	0	1	0	0.999999
ifo	4	1	1	0	0.999999
mcx	2	1	4	0	1.000000
nao	0	0	3	0	1.000000
fca	4	0	1	0	0.999999
published	0	0	12	0	1.000000
counter	0	0	1	0	0.999999
plea	0	0	1	0	0.999999
too	2	0	44	0	1.000000
tee	4	1	6	0	1.000000
marketing	0	0	10	0	1.000000
dl	1	0	2	0	1.000000
commander	0	1	2	0	1.000000
jaime	0	1	2	0	1.000000
tips	0	0	8	0	1.000000
morelet	0	1	1	0	0.999999
sta	2	0	10	0	1.000000
zodi	0	1	1	0	0.999999
vht	2	1	1	0	0.999999
house	0	0	16	0	1.000000
admire	0	1	1	0	0.999999
conversion	0	0	8	0	1.000000
sections	0	0	7	0	1.000000
uy	3	0	1	0	0.999999
receiptsa	0	1	1	0	0.999999
hr	1	0	3	0	1.000000
nutrition	0	0	1	0	0.999999
emb	4	0	12	0	1.000000
geometrics	0	1	1	0	0.999999
blood	0	0	4	0	1.000000
banished	0	0	1	0	0.999999
conference	0	0	18	0	1.000000
tsa	2	1	1	0	0.999999
smothering	0	1	1	0	0.999999
recycling	0	0	4	0	1.000000
riversidd	0	0	1	0	0.999999
jest	0	0	1	0	0.999999
wizards	0	0	2	0	1.000000
ranking	0	0	2	0	1.000000
ign	0	1	1	0	0.999999
ibid	0	1	1	0	0.999999
lewis	0	1	2	0	1.000000
nky	2	1	1	0	0.999999
click	0	1	65	0	1.000000
ok	1	0	92	0	1.000000
mpa	4	1	1	0	0.999999
accounts	0	0	8	0	1.000000
joyce	0	0	1	0	0.999999
jas	4	0	1	0	0.999999
epi	4	0	28	0	1.000000
historical	0	0	8	0	1.000000
udy	4	0	1	0	0.999999
charlie	0	0	1	0	0.999999
hotfixes	0	0	1	0	0.999999
gybes	0	0	1	0	0.999999
sil	2	1	3	0	1.000000
psy	4	1	1	0	0.999999
bow	4	1	10	0	1.000000
acquaint	0	0	1	0	0.999999
spy	0	1	4	0	1.000000
ou	1	1	250	0	1.000000
inq	4	0	6	0	1.000000
ait	2	1	1	0	0.999999
introduction	0	1	3	0	1.000000
massive	0	0	1	0	0.999999
pam	4	0	4	0	1.000000
digita	0	0	1	0	0.999999
oot	2	0	15	0	1.000000
rtl	4	1	4	0	1.000000
stock	0	0	20	0	1.000000
status	0	0	6	0	1.000000
veri	0	1	1	0	0.999999
zum	4	0	2	0	1.000000
regionalne	0	1	1	0	0.999999
ld	0	0	1	0	0.999999
anne	0	1	2	0	1.000000
eu	2	1	15	0	1.000000
cayo	0	1	10	0	1.000000
fine	0	1	2	0	1.000000
hayes	0	1	2	0	1.000000
volution	0	0	2	0	1.000000
years	0	1	3	0	1.000000
tite	0	0	1	0	0.999999
brokerage	0	0	2	0	1.000000
uts	2	0	18	0	1.000000
nwc	4	0	1	0	0.999999
racetrack	0	1	1	0	0.999999
orientation	0	0	1	0	0.999999
ek	2	0	1	0	0.999999
yu	3	0	2	0	1.000000
nominal	0	0	1	0	0.999999
caf	4	0	5	0	1.000000
banned	0	1	4	0	1.000000
brac	0	1	1	0	0.999999
benefits	0	0	6	0	1.000000
uti	2	1	1	0	0.999999
rozinante	0	1	1	0	0.999999
ea	3	0	222	0	1.000000
bronze	0	0	2	0	1.000000
pos	4	1	150	0	1.000000
heresimple	0	1	1	0	0.999999
gmtx	0	1	16	0	1.000000
ou	0	0	10	0	1.000000
ue	1	0	271	0	1.000000
reservedthis	0	1	1	0	0.999999
stann	0	1	2	0	1.000000
erotic	0	0	2	0	1.000000
lifelong	0	0	1	0	0.999999
kitchen	0	0	3	0	1.000000
bug	4	1	6	0	1.000000
ww	3	1	11	0	1.000000
consistency	0	0	2	0	1.000000
blasting	0	1	1	0	0.999999
freelancing	0	0	7	0	1.000000
coverage	0	0	4	0	1.000000
criem	0	0	1	0	0.999999
reef	0	1	19	0	1.000000
ita	2	0	12	0	1.000000
ead	2	0	117	0	1.000000
fca	2	0	1	0	0.999999
chicago	0	1	3	0	1.000000
haakon	0	1	1	0	0.999999
resorts	0	0	8	0	1.000000
nyk	4	1	1	0	0.999999
lindoln	0	0	1	0	0.999999
ky	3	1	4	0	1.000000
flhr	0	1	1	0	0.999999
cw	0	0	1	0	0.999999
ae	1	0	20	0	1.000000
nominees	0	1	1	0	0.999999
settingca	0	1	1	0	0.999999
developer	0	1	1	0	0.999999
unts	0	0	1	0	0.999999
cicking	0	0	1	0	0.999999
indirect	0	0	1	0	0.999999
cuida	0	0	2	0	1.000000
reappear	0	0	1	0	0.999999
window	0	0	59	0	1.000000
ivi	2	1	1	0	0.999999
tuni	0	1	1	0	0.999999
doa	0	1	1	0	0.999999
operatorsa	0	1	1	0	0.999999
tp	1	1	2	0	1.000000
ued	2	1	1	0	0.999999
fitings	0	1	7	0	1.000000
netsunserver	0	1	15	0	1.000000
playable	0	0	1	0	0.999999
embassy	0	0	1	0	0.999999
nok	0	0	1	0	0.999999
bd	3	0	1	0	0.999999
nv	0	1	1	0	0.999999
analytical	0	1	1	0	0.999999
mozilla	0	1	6	0	1.000000
hosting	0	0	46	0	1.000000
toy	4	1	3	0	1.000000
adicionais	0	0	1	0	0.999999
prey	0	0	1	0	0.999999
generates	0	0	3	0	1.000000
resist	0	0	3	0	1.000000
conversations	0	0	3	0	1.000000
maf	4	1	1	0	0.999999
eux	2	1	14	0	1.000000
estate	0	1	21	0	1.000000
rather	0	0	19	0	1.000000
swim	0	1	1	0	0.999999
synopsis	0	0	1	0	0.999999
euros	0	1	1	0	0.999999
companywithin	0	1	1	0	0.999999
constructions	0	0	1	0	0.999999
ihc	4	1	1	0	0.999999
pair	0	0	1	0	0.999999
cap	2	0	2	0	1.000000
searching	0	1	1	0	0.999999
jee	4	1	1	0	0.999999
edu	2	0	1	0	0.999999
upgrade	0	0	3	0	1.000000
afc	4	1	1	0	0.999999
ano	0	0	5	0	1.000000
dictionaries	0	1	1	0	0.999999
l	0	0	28	0	1.000000
montreal	0	0	1	0	0.999999
bug	2	0	32	0	1.000000
fixvts	0	0	1	0	0.999999
cultivation	0	0	1	0	0.999999
joo	2	1	1	0	0.999999
ils	2	1	12	0	1.000000
sez	2	0	2	0	1.000000
dreamgirls	0	1	1	0	0.999999
gre	0	1	1	0	0.999999
groom	0	0	2	0	1.000000
deu	4	0	2	0	1.000000
scientifc	0	1	1	0	0.999999
cap	0	1	2	0	1.000000
sant	0	1	2	0	1.000000
boarders	0	1	1	0	0.999999
joint	0	0	4	0	1.000000
ursus	0	1	2	0	1.000000
sef	2	0	3	0	1.000000
cubera	0	1	1	0	0.999999
dragged	0	0	1	0	0.999999
true	0	0	26	0	1.000000
ky	1	0	20	0	1.000000
decision	0	0	5	0	1.000000
jus	4	0	134	0	1.000000
everybodys	0	0	1	0	0.999999
lacetti	0	1	2	0	1.000000
hearing	0	0	1	0	0.999999
pharmaceuticals	0	1	16	0	1.000000
nesting	0	0	1	0	0.999999
challemge	0	0	1	0	0.999999
aur	4	1	1	0	0.999999
rgy	2	1	1	0	0.999999
teen	0	0	3	0	1.000000
messaging	0	0	2	0	1.000000
pio	4	1	2	0	1.000000
rushresource	0	1	1	0	0.999999
carreiras	0	1	1	0	0.999999
mm	2	0	4	0	1.000000
nuo	2	1	1	0	0.999999
attracti	0	0	1	0	0.999999
nessa	0	0	2	0	1.000000
gry	2	0	4	0	1.000000
galleries	0	1	2	0	1.000000
limestone	0	0	1	0	0.999999
ay	3	1	1	0	0.999999
crs	2	0	1	0	0.999999
citizen	0	1	1	0	0.999999
noa	4	1	5	0	1.000000
idiptie	0	0	1	0	0.999999
adventure	0	0	22	0	1.000000
nmw	4	0	1	0	0.999999
ay	0	0	3	0	1.000000
ibs	2	0	2	0	1.000000
reducer	0	0	1	0	0.999999
backjack	0	0	1	0	0.999999
awf	4	0	1	0	0.999999
harvick	0	1	1	0	0.999999
taniguchi	0	1	1	0	0.999999
nek	2	1	1	0	0.999999
cavour	0	1	1	0	0.999999
rvette	0	0	1	0	0.999999
czasopisma	0	1	1	0	0.999999
gin	2	0	40	0	1.000000
ports	0	0	5	0	1.000000
marketing	0	1	3	0	1.000000
icr	2	1	1	0	0.999999
eps	2	1	1	0	0.999999
thrown	0	0	3	0	1.000000
valstis	0	1	1	0	0.999999
vaguement	0	0	1	0	0.999999
kick	0	0	2	0	1.000000
playboy	0	1	1	0	0.999999
ade	4	0	7	0	1.000000
dampers	0	0	1	0	0.999999
rci	2	1	2	0	1.000000
oad	2	1	35	0	1.000000
ihc	2	1	1	0	0.999999
visualize	0	0	1	0	0.999999
sometimes	0	1	5	0	1.000000
hci	2	1	1	0	0.999999
eto	2	0	6	0	1.000000
athmosphere	0	0	1	0	0.999999
gba	2	1	1	0	0.999999
element	0	0	4	0	1.000000
altun	0	1	4	0	1.000000
ko	1	1	5	0	1.000000
preformed	0	1	1	0	0.999999
brigham	0	1	1	0	0.999999
foi	0	1	1	0	0.999999
downloadable	0	1	4	0	1.000000
mountains	0	1	4	0	1.000000
article	0	0	13	0	1.000000
ado	2	1	9	0	1.000000
oan	2	0	11	0	1.000000
amazed	0	0	3	0	1.000000
westernslopes	0	0	1	0	0.999999
pei	4	1	1	0	0.999999
cm	2	1	2	0	1.000000
ashley	0	1	4	0	1.000000
gaugethe	0	0	1	0	0.999999
db	1	0	1	0	0.999999
sector	0	1	2	0	1.000000
hikayeer	0	1	1	0	0.999999
established	0	1	3	0	1.000000
smile	0	0	8	0	1.000000
ipod	0	0	1	0	0.999999
pumping	0	0	2	0	1.000000
rak	2	0	1	0	0.999999
cookiesacookie	0	1	1	0	0.999999
furi	0	0	1	0	0.999999
logged	0	0	6	0	1.000000
rtune	0	0	1	0	0.999999
journalism	0	0	1	0	0.999999
ento	0	1	1	0	0.999999
carson	0	0	2	0	1.000000
undertaking	0	0	1	0	0.999999
ken	2	1	5	0	1.000000
chico	0	1	1	0	0.999999
emploi	0	0	1	0	0.999999
rally	0	0	10	0	1.000000
infomation	0	0	1	0	0.999999
coffee	0	1	1	0	0.999999
cellular	0	1	2	0	1.000000
voc	2	1	2	0	1.000000
onto	0	0	12	0	1.000000
too	2	1	1	0	0.999999
fie	2	0	8	0	1.000000
prosthesis	0	1	13	0	1.000000
sous	0	0	1	0	0.999999
sof	4	0	74	0	1.000000
pressed	0	0	1	0	0.999999
mcfadden	0	1	1	0	0.999999
oa	1	0	5	0	1.000000
overlooked	0	0	1	0	0.999999
roommate	0	0	1	0	0.999999
kit	2	1	8	0	1.000000
brittny	0	0	1	0	0.999999
ura	2	1	3	0	1.000000
upc	4	0	2	0	1.000000
travelling	0	1	3	0	1.000000
rh	1	1	1	0	0.999999
standards	0	0	6	0	1.000000
previously	0	0	3	0	1.000000
spitting	0	0	1	0	0.999999
dea	4	0	42	0	1.000000
vec	2	0	2	0	1.000000
ust	2	0	258	0	1.000000
candidates	0	0	1	0	0.999999
vision	0	0	3	0	1.000000
druun	0	1	1	0	0.999999
internati	0	0	1	0	0.999999
sq	1	0	2	0	1.000000
airborne	0	1	1	0	0.999999
sg	1	0	13	0	1.000000
zion	0	1	1	0	0.999999
basically	0	0	2	0	1.000000
pine	0	0	1	0	0.999999
career	0	0	3	0	1.000000
lii	2	1	1	0	0.999999
ngi	4	0	17	0	1.000000
teammate	0	0	1	0	0.999999
counter	0	1	1	0	0.999999
hemselfes	0	0	1	0	0.999999
clo	4	1	99	0	1.000000
ld	3	0	6	0	1.000000
enfin	0	1	1	0	0.999999
extending	0	0	1	0	0.999999
hr	1	1	3	0	1.000000
sport	0	0	11	0	1.000000
orange	0	1	9	0	1.000000
powered	0	0	3	0	1.000000
huntsville	0	1	3	0	1.000000
settlementc	0	1	2	0	1.000000
http	0	0	28	0	1.000000
tremendous	0	0	4	0	1.000000
nano	0	1	4	0	1.000000
php	2	0	3	0	1.000000
missus	0	0	1	0	0.999999
vrgg	0	0	5	0	1.000000
vittoria	0	0	1	0	0.999999
fireworks	0	1	1	0	0.999999
ign	4	1	6	0	1.000000
ona	2	0	5	0	1.000000
eyes	0	0	17	0	1.000000
fam	4	0	43	0	1.000000
fca	4	1	1	0	0.999999
assigns	0	0	1	0	0.999999
teeth	0	1	2	0	1.000000
horace	0	1	2	0	1.000000
challenges	0	0	9	0	1.000000
iez	2	0	1	0	0.999999
ky	2	1	1	0	0.999999
hitch	0	1	1	0	0.999999
omaha	0	0	4	0	1.000000
him	0	1	1	0	0.999999
europe	0	0	4	0	1.000000
accompanied	0	0	4	0	1.000000
tye	2	0	1	0	0.999999
juba	0	1	3	0	1.000000
flycatchers	0	0	1	0	0.999999
deu	4	1	2	0	1.000000
xyu	4	0	1	0	0.999999
oty	2	1	1	0	0.999999
stools	0	0	1	0	0.999999
swapped	0	0	2	0	1.000000
tf	1	1	1	0	0.999999
president	0	0	1	0	0.999999
executive	0	1	9	0	1.000000
greenland	0	0	1	0	0.999999
telephone	0	0	8	0	1.000000
ourmarketing	0	0	1	0	0.999999
mapmap	0	1	1	0	0.999999
ade	2	1	21	0	1.000000
venlo	0	0	1	0	0.999999
nederlnsk	0	1	1	0	0.999999
chi	4	0	61	0	1.000000
shipbuilding	0	0	1	0	0.999999
sta	4	0	329	0	1.000000
surnames	0	1	1	0	0.999999
examiners	0	0	1	0	0.999999
kra	2	0	1	0	0.999999
pac	0	1	1	0	0.999999
billet	0	1	1	0	0.999999
austen	0	1	1	0	0.999999
swim	0	0	6	0	1.000000
recepticle	0	0	1	0	0.999999
concludes	0	0	1	0	0.999999
destroy	0	1	1	0	0.999999
culverts	0	1	1	0	0.999999
cup	2	1	1	0	0.999999
irc	4	1	1	0	0.999999
psy	4	0	5	0	1.000000
map	2	1	121	0	1.000000
frequency	0	0	3	0	1.000000
osp	4	1	1	0	0.999999
ena	4	0	21	0	1.000000
ast	0	0	3	0	1.000000
clicking	0	0	1	0	0.999999
inspiration	0	0	3	0	1.000000
desire	0	0	4	0	1.000000
ao	1	0	15	0	1.000000
honolulu	0	1	1	0	0.999999
located	0	0	47	0	1.000000
hope	0	0	18	0	1.000000
low	2	0	161	0	1.000000
ich	2	0	266	0	1.000000
bowing	0	0	1	0	0.999999
waxing	0	1	1	0	0.999999
cm	0	1	2	0	1.000000
nea	4	0	55	0	1.000000
status	0	1	12	0	1.000000
pie	4	0	51	0	1.000000
pam	4	1	1	0	0.999999
uttle	0	0	1	0	0.999999
compose	0	0	3	0	1.000000
visits	0	0	7	0	1.000000
manufacturing	0	0	2	0	1.000000
uod	2	0	1	0	0.999999
fiercer	0	0	1	0	0.999999
hated	0	0	1	0	0.999999
statements	0	0	2	0	1.000000
eip	4	0	1	0	0.999999
eu	2	0	7	0	1.000000
canoe	0	0	3	0	1.000000
oa	3	1	2	0	1.000000
fine	0	0	12	0	1.000000
low	4	1	6	0	1.000000
pocket	0	1	1	0	0.999999
factual	0	0	1	0	0.999999
strut	0	1	1	0	0.999999
tradingcurrency	0	1	1	0	0.999999
secret	0	0	5	0	1.000000
relaxing	0	0	3	0	1.000000
caf	4	1	3	0	1.000000
valor	0	0	1	0	0.999999
stooped	0	0	1	0	0.999999
shook	0	1	1	0	0.999999
indiana	0	1	8	0	1.000000
priority	0	1	1	0	0.999999
bordeaux	0	1	1	0	0.999999
pero	0	0	2	0	1.000000
kur	4	1	4	0	1.000000
lovefilm	0	1	1	0	0.999999
noted	0	0	4	0	1.000000
rgy	2	0	10	0	1.000000
mathis	0	1	1	0	0.999999
ngs	2	0	223	0	1.000000
basically	0	1	1	0	0.999999
vegetables	0	0	1	0	0.999999
jazzy	0	1	1	0	0.999999
bdaumont	0	0	1	0	0.999999
theatres	0	0	1	0	0.999999
java	0	1	1	0	0.999999
cayesouthern	0	1	1	0	0.999999
piece	0	1	26	0	1.000000
lis	2	0	6	0	1.000000
fes	2	1	1	0	0.999999
chicago	0	0	3	0	1.000000
snorkelersthere	0	1	1	0	0.999999
searchable	0	0	5	0	1.000000
bom	0	0	1	0	0.999999
ead	2	1	28	0	1.000000
smovement	0	0	1	0	0.999999
death	0	1	9	0	1.000000
exchanges	0	1	1	0	0.999999
mob	4	1	9	0	1.000000
hardtop	0	1	2	0	1.000000
hdtv	0	1	1	0	0.999999
hate	0	1	1	0	0.999999
ing	2	0	3294	0	1.000000
arte	0	1	1	0	0.999999
tames	0	0	1	0	0.999999
ead	4	0	4	0	1.000000
tephen	0	0	1	0	0.999999
mw	2	0	1	0	0.999999
ourselves	0	0	3	0	1.000000
peer	0	0	1	0	0.999999
mediawhiz	0	1	1	0	0.999999
build	0	0	109	0	1.000000
szy	2	0	1	0	0.999999
sil	4	0	19	0	1.000000
converts	0	0	5	0	1.000000
fitings	0	0	12	0	1.000000
tiempo	0	0	1	0	0.999999
playable	0	1	1	0	0.999999
hge	4	1	1	0	0.999999
dead	0	1	1	0	0.999999
ke	3	1	46	0	1.000000
kuaa	0	1	1	0	0.999999
dvd	0	1	23	0	1.000000
geographix	0	1	1	0	0.999999
embassy	0	1	1	0	0.999999
businessamong	0	1	1	0	0.999999
travel	0	0	35	0	1.000000
chron	0	1	1	0	0.999999
ena	2	0	3	0	1.000000
eux	2	0	8	0	1.000000
nv	1	0	1	0	0.999999
trimmed	0	0	1	0	0.999999
privasidade	0	0	1	0	0.999999
tai	2	1	1	0	0.999999
destiny	0	1	1	0	0.999999
personality	0	0	6	0	1.000000
snorkelers	0	0	1	0	0.999999
understand	0	0	18	0	1.000000
marijuana	0	0	3	0	1.000000
pizza	0	1	2	0	1.000000
gho	4	0	2	0	1.000000
prices	0	0	14	0	1.000000
specials	0	1	1	0	0.999999
jee	4	0	2	0	1.000000
sweep	0	1	1	0	0.999999
cpu	2	1	8	0	1.000000
rusia	0	1	2	0	1.000000
zam	2	0	1	0	0.999999
dea	2	0	18	0	1.000000
gs	0	0	4	0	1.000000
cement	0	0	1	0	0.999999
appeared	0	0	5	0	1.000000
chiara	0	1	1	0	0.999999
photoshopping	0	1	1	0	0.999999
total	0	1	7	0	1.000000
announcing	0	0	1	0	0.999999
serving	0	0	2	0	1.000000
wished	0	0	1	0	0.999999
gns	2	0	15	0	1.000000
bug	2	1	2	0	1.000000
kit	0	0	7	0	1.000000
eu	1	0	24	0	1.000000
dijiste	0	0	2	0	1.000000
bco	2	1	1	0	0.999999
amp	2	1	3	0	1.000000
cap	0	0	2	0	1.000000
metallurgy	0	1	1	0	0.999999
dolly	0	0	1	0	0.999999
gba	0	1	1	0	0.999999
ding	0	0	1	0	0.999999
odk	2	0	1	0	0.999999
xl	3	1	1	0	0.999999
kon	2	0	1	0	0.999999
ark	0	0	1	0	0.999999
sant	0	0	2	0	1.000000
fei	0	0	1	0	0.999999
joint	0	1	2	0	1.000000
rate	0	1	10	0	1.000000
maydo	0	0	1	0	0.999999
importance	0	0	2	0	1.000000
info	0	1	74	0	1.000000
uts	2	1	7	0	1.000000
vis	4	0	196	0	1.000000
crochett	0	1	1	0	0.999999
kansan	0	1	1	0	0.999999
gamevertisement	0	0	1	0	0.999999
easygoing	0	0	1	0	0.999999
english	0	1	27	0	1.000000
documented	0	0	4	0	1.000000
analysisdam	0	1	1	0	0.999999
cel	4	0	10	0	1.000000
pio	4	0	7	0	1.000000
day	0	1	26	0	1.000000
lumina	0	1	2	0	1.000000
righteolas	0	1	2	0	1.000000
tz	1	1	6	0	1.000000
performs	0	1	1	0	0.999999
variable	0	0	3	0	1.000000
reckoning	0	0	1	0	0.999999
dictionaries	0	0	1	0	0.999999
escort	0	0	1	0	0.999999
abuse	0	0	3	0	1.000000
xv	0	1	1	0	0.999999
aha	2	1	8	0	1.000000
natal	0	1	1	0	0.999999
collectioncollection	0	1	2	0	1.000000
surprising	0	0	2	0	1.000000
bunch	0	0	2	0	1.000000
policy	0	1	6	0	1.000000
naar	0	1	1	0	0.999999
answer	0	0	10	0	1.000000
players	0	0	80	0	1.000000
ok	0	1	5	0	1.000000
knit	0	0	1	0	0.999999
coast	0	0	14	0	1.000000
thou	0	1	1	0	0.999999
peterborough	0	1	1	0	0.999999
any	0	0	194	0	1.000000
capabilities	0	0	6	0	1.000000
tee	2	0	26	0	1.000000
vd	1	0	3	0	1.000000
ppr	2	0	2	0	1.000000
monitorbest	0	1	1	0	0.999999
rim	2	0	2	0	1.000000
push	0	0	1	0	0.999999
graebner	0	0	1	0	0.999999
yesterday	0	0	1	0	0.999999
franzen	0	1	1	0	0.999999
trust	0	0	4	0	1.000000
yell	0	0	1	0	0.999999
suporte	0	0	1	0	0.999999
cayorio	0	1	1	0	0.999999
amity	0	0	1	0	0.999999
rocker	0	1	1	0	0.999999
cup	4	1	2	0	1.000000
pes	2	1	24	0	1.000000
cadeo	0	1	1	0	0.999999
play	0	0	48	0	1.000000
requirements	0	1	12	0	1.000000
gre	4	0	139	0	1.000000
effortlesslyd	0	1	1	0	0.999999
ked	4	0	1	0	0.999999
kit	4	1	14	0	1.000000
laptop	0	1	1	0	0.999999
tik	2	1	1	0	0.999999
ssl	2	1	2	0	1.000000
buyers	0	1	2	0	1.000000
uo	1	0	45	0	1.000000
andit	0	0	1	0	0.999999
wol	4	1	4	0	1.000000
manila	0	0	2	0	1.000000
wm	0	0	1	0	0.999999
foi	0	0	5	0	1.000000
noble	0	1	1	0	0.999999
downloadable	0	0	2	0	1.000000
ara	4	0	4	0	1.000000
samband	0	0	1	0	0.999999
gre	2	1	1	0	0.999999
caendar	0	0	2	0	1.000000
oan	2	1	4	0	1.000000
listing	0	1	2	0	1.000000
mov	4	1	13	0	1.000000
zens	0	0	1	0	0.999999
oilfield	0	1	2	0	1.000000
ano	4	0	66	0	1.000000
established	0	0	16	0	1.000000
sector	0	0	21	0	1.000000
eu	0	1	15	0	1.000000
raper	0	1	3	0	1.000000
labor	0	0	5	0	1.000000
aar	4	1	3	0	1.000000
police	0	0	3	0	1.000000
runner	0	0	3	0	1.000000
partinicio	0	1	1	0	0.999999
pt	0	0	1	0	0.999999
gained	0	0	3	0	1.000000
fuc	4	0	3	0	1.000000
bag	2	1	2	0	1.000000
bow	2	1	2	0	1.000000
aside	0	0	3	0	1.000000
ft	1	1	71	0	1.000000
joies	0	0	2	0	1.000000
une	4	1	7	0	1.000000
coffee	0	0	6	0	1.000000
canals	0	1	1	0	0.999999
ln	3	0	3	0	1.000000
campbe	0	1	1	0	0.999999
linkset	0	0	1	0	0.999999
orthopantomograms	0	0	1	0	0.999999
technologies	0	0	6	0	1.000000
kha	4	0	2	0	1.000000
fatta	0	0	1	0	0.999999
scrolltop	0	1	2	0	1.000000
possession	0	1	1	0	0.999999
tucker	0	1	2	0	1.000000
ura	2	0	5	0	1.000000
entra	0	1	1	0	0.999999
fleet	0	0	11	0	1.000000
uno	4	0	2	0	1.000000
gmt	0	1	1	0	0.999999
lyc	4	0	1	0	0.999999
dig	2	0	1	0	0.999999
free	0	1	95	0	1.000000
ety	2	1	34	0	1.000000
ig	1	0	41	0	1.000000
themselves	0	0	10	0	1.000000
eda	2	1	2	0	1.000000
culdee	0	1	2	0	1.000000
gs	1	0	267	0	1.000000
funserver	0	1	1	0	0.999999
beneficial	0	1	2	0	1.000000
merchantability	0	1	5	0	1.000000
talk	0	0	16	0	1.000000
bis	2	0	1	0	0.999999
chs	2	1	1	0	0.999999
wly	2	0	12	0	1.000000
noted	0	1	1	0	0.999999
pine	0	1	5	0	1.000000
webcasts	0	0	4	0	1.000000
aar	2	0	1	0	0.999999
airborne	0	0	1	0	0.999999
ya	3	1	17	0	1.000000
movements	0	0	1	0	0.999999
priests	0	0	1	0	0.999999
ken	4	1	8	0	1.000000
sch	2	0	2	0	1.000000
televyzje	0	0	1	0	0.999999
lakes	0	0	2	0	1.000000
grams	0	0	6	0	1.000000
uo	1	1	2	0	1.000000
pos	2	0	160	0	1.000000
sport	0	1	4	0	1.000000
mly	2	0	5	0	1.000000
kne	4	1	3	0	1.000000
php	2	1	9	0	1.000000
runoff	0	1	1	0	0.999999
nb	0	0	1	0	0.999999
teeth	0	0	9	0	1.000000
dvd	4	0	3	0	1.000000
yu	3	1	4	0	1.000000
hitch	0	0	3	0	1.000000
connection	0	1	25	0	1.000000
bolts	0	1	1	0	0.999999
him	0	0	85	0	1.000000
budgets	0	0	1	0	0.999999
fair	0	0	4	0	1.000000
sununu	0	1	1	0	0.999999
loved	0	1	3	0	1.000000
smooth	0	1	1	0	0.999999
usands	0	0	3	0	1.000000
ude	0	0	1	0	0.999999
facing	0	1	1	0	0.999999
wir	4	0	13	0	1.000000
patch	0	0	6	0	1.000000
compatible	0	0	2	0	1.000000
zero	0	0	6	0	1.000000
ww	1	1	2	0	1.000000
foreign	0	1	1	0	0.999999
layers	0	0	1	0	0.999999
mistrzw	0	1	1	0	0.999999
fletchers	0	0	1	0	0.999999
dfree	0	1	2	0	1.000000
ote	4	1	1	0	0.999999
version	0	0	42	0	1.000000
chi	4	1	74	0	1.000000
epi	2	0	2	0	1.000000
enterprises	0	1	1	0	0.999999
wayne	0	1	1	0	0.999999
pulled	0	0	1	0	0.999999
achou	0	0	1	0	0.999999
omb	2	0	4	0	1.000000
fuel	0	1	2	0	1.000000
clicking	0	1	3	0	1.000000
wlo	4	0	1	0	0.999999
whales	0	0	1	0	0.999999
exceptional	0	0	3	0	1.000000
runnin	0	1	1	0	0.999999
surveying	0	1	2	0	1.000000
periods	0	0	2	0	1.000000
promotions	0	0	4	0	1.000000
calmness	0	0	1	0	0.999999
bogie	0	0	1	0	0.999999
boating	0	0	1	0	0.999999
waitress	0	0	1	0	0.999999
baymen	0	1	1	0	0.999999
sut	4	1	2	0	1.000000
ocl	4	1	1	0	0.999999
mayopt	0	0	1	0	0.999999
matt	0	1	2	0	1.000000
hms	2	1	3	0	1.000000
angstroms	0	0	1	0	0.999999
opi	2	0	1	0	0.999999
dust	0	0	1	0	0.999999
captive	0	0	1	0	0.999999
origheight	0	1	1	0	0.999999
tread	0	0	1	0	0.999999
passport	0	0	4	0	1.000000
landsanta	0	1	1	0	0.999999
berlin	0	1	2	0	1.000000
ark	2	0	35	0	1.000000
tai	4	1	4	0	1.000000
fes	4	0	1	0	0.999999
attracts	0	0	3	0	1.000000
clams	0	0	1	0	0.999999
frequent	0	0	3	0	1.000000
php	4	0	3	0	1.000000
test	0	0	20	0	1.000000
romans	0	1	1	0	0.999999
dark	0	0	7	0	1.000000
secret	0	1	7	0	1.000000
bem	0	0	3	0	1.000000
lth	2	0	33	0	1.000000
leap	0	0	3	0	1.000000
inspection	0	0	3	0	1.000000
esrb	0	1	1	0	0.999999
fills	0	1	1	0	0.999999
cpu	4	1	8	0	1.000000
indiana	0	0	4	0	1.000000
novel	0	0	8	0	1.000000
otra	0	0	1	0	0.999999
wm	1	0	1	0	0.999999
sib	4	1	2	0	1.000000
boiling	0	1	3	0	1.000000
cardb	0	0	1	0	0.999999
websites	0	0	2	0	1.000000
izy	2	0	14	0	1.000000
gmt	2	1	2	0	1.000000
musical	0	0	10	0	1.000000
practicesare	0	0	1	0	0.999999
acontece	0	0	1	0	0.999999
ln	1	0	30	0	1.000000
ideas	0	0	12	0	1.000000
kar	4	0	14	0	1.000000
homework	0	0	1	0	0.999999
piece	0	0	35	0	1.000000
srement	0	0	2	0	1.000000
incessant	0	0	1	0	0.999999
voici	0	0	2	0	1.000000
johan	0	1	2	0	1.000000
privatized	0	0	1	0	0.999999
anti	0	1	1	0	0.999999
enu	2	1	4	0	1.000000
pos	2	1	1	0	0.999999
clima	0	0	1	0	0.999999
exchanges	0	0	3	0	1.000000
pj	3	1	1	0	0.999999
maskiner	0	0	1	0	0.999999
angola	0	1	1	0	0.999999
streetbliss	0	1	1	0	0.999999
stingrays	0	0	2	0	1.000000
postagens	0	1	1	0	0.999999
hate	0	0	3	0	1.000000
revisions	0	0	2	0	1.000000
persvrystellings	0	1	1	0	0.999999
bag	4	0	5	0	1.000000
miniview	0	1	1	0	0.999999
too	4	1	19	0	1.000000
day	2	1	138	0	1.000000
ufc	2	1	1	0	0.999999
iep	4	1	1	0	0.999999
kfc	4	1	1	0	0.999999
meters	0	1	2	0	1.000000
iguanas	0	0	1	0	0.999999
jesse	0	0	2	0	1.000000
toe	4	0	2	0	1.000000
oud	2	1	2	0	1.000000
curtain	0	1	8	0	1.000000
medea	0	1	1	0	0.999999
nginx	0	0	15	0	1.000000
tsu	4	1	5	0	1.000000
glass	0	1	1	0	0.999999
classifieds	0	1	3	0	1.000000
cehr	0	1	1	0	0.999999
patios	0	0	1	0	0.999999
proven	0	0	2	0	1.000000
dergiler	0	1	1	0	0.999999
iep	2	0	1	0	0.999999
opi	4	0	12	0	1.000000
travel	0	1	8	0	1.000000
dao	0	1	1	0	0.999999
costume	0	1	1	0	0.999999
deaing	0	1	1	0	0.999999
khan	0	1	1	0	0.999999
oneclickbuyout	0	1	1	0	0.999999
lx	1	0	1	0	0.999999
learnt	0	0	10	0	1.000000
ane	4	0	3	0	1.000000
admitted	0	0	2	0	1.000000
nv	1	1	2	0	1.000000
hms	4	1	2	0	1.000000
nig	4	0	42	0	1.000000
planned	0	0	1	0	0.999999
alg	4	1	2	0	1.000000
ou	2	0	10	0	1.000000
kurdish	0	1	2	0	1.000000
winding	0	0	1	0	0.999999
regretted	0	0	1	0	0.999999
weiming	0	1	1	0	0.999999
polyvinyl	0	0	1	0	0.999999
temp	0	1	1	0	0.999999
dea	2	1	3	0	1.000000
andy	0	1	3	0	1.000000
airnow	0	1	1	0	0.999999
nyu	2	1	1	0	0.999999
oto	2	0	12	0	1.000000
waiver	0	0	1	0	0.999999
fie	0	0	7	0	1.000000
pristine	0	0	3	0	1.000000
trl	2	1	3	0	1.000000
volume	0	1	3	0	1.000000
acf	4	0	1	0	0.999999
cutie	0	1	1	0	0.999999
nortondes	0	1	1	0	0.999999
eif	2	0	1	0	0.999999
kit	0	1	8	0	1.000000
belts	0	0	1	0	0.999999
rog	4	1	1	0	0.999999
yet	0	1	4	0	1.000000
unknow	0	0	1	0	0.999999
ita	2	1	3	0	1.000000
sonorous	0	0	1	0	0.999999
sought	0	0	1	0	0.999999
scarcely	0	0	1	0	0.999999
bom	4	0	10	0	1.000000
nl	3	0	1	0	0.999999
map	0	1	73	0	1.000000
isl	4	0	162	0	1.000000
wap	2	1	1	0	0.999999
personal	0	0	27	0	1.000000
ghy	2	0	1	0	0.999999
huskies	0	1	1	0	0.999999
getcookie	0	1	2	0	1.000000
info	0	0	20	0	1.000000
writing	0	1	4	0	1.000000
kon	4	1	2	0	1.000000
english	0	0	7	0	1.000000
ticket	0	1	3	0	1.000000
forgotten	0	0	3	0	1.000000
quote	0	0	2	0	1.000000
pierson	0	0	1	0	0.999999
day	0	0	132	0	1.000000
oneam	0	1	1	0	0.999999
aliens	0	1	1	0	0.999999
instrumentation	0	1	2	0	1.000000
ek	0	0	1	0	0.999999
giants	0	0	1	0	0.999999
progam	0	0	1	0	0.999999
tited	0	0	1	0	0.999999
multiplayer	0	1	1	0	0.999999
arlly	0	0	1	0	0.999999
aha	2	0	9	0	1.000000
registered	0	0	3	0	1.000000
akr	4	0	2	0	1.000000
unicef	0	1	1	0	0.999999
requested	0	0	7	0	1.000000
nea	2	0	2	0	1.000000
heavily	0	1	1	0	0.999999
experimental	0	1	6	0	1.000000
conceptual	0	1	1	0	0.999999
straight	0	0	2	0	1.000000
rcs	2	1	9	0	1.000000
org	0	1	2	0	1.000000
cel	2	0	6	0	1.000000
hosting	0	1	1	0	0.999999
ude	4	0	1	0	0.999999
ok	0	0	5	0	1.000000
atin	0	0	1	0	0.999999
any	0	1	43	0	1.000000
org	4	0	52	0	1.000000
uon	4	0	1	0	0.999999
deviously	0	1	2	0	1.000000
xya	2	1	1	0	0.999999
bixinhas	0	0	1	0	0.999999
ead	0	0	1	0	0.999999
nmw	2	0	1	0	0.999999
renta	0	1	1	0	0.999999
effort	0	1	1	0	0.999999
siv	4	1	2	0	1.000000
rada	0	1	2	0	1.000000
honestly	0	0	2	0	1.000000
ringt	0	0	1	0	0.999999
mol	4	0	1	0	0.999999
combo	0	0	1	0	0.999999
cc	3	0	3	0	1.000000
shadow	0	0	1	0	0.999999
kit	4	0	13	0	1.000000
requirements	0	0	15	0	1.000000
ust	2	1	72	0	1.000000
scientist	0	0	1	0	0.999999
reg	4	0	125	0	1.000000
jai	2	1	2	0	1.000000
cup	0	1	1	0	0.999999
hau	4	1	4	0	1.000000
dou	4	0	17	0	1.000000
pagewarc	0	1	2	0	1.000000
cri	4	0	41	0	1.000000
mw	1	1	40	0	1.000000
syndicate	0	1	1	0	0.999999
upc	2	0	1	0	0.999999
divorce	0	1	1	0	0.999999
yet	4	0	16	0	1.000000
completely	0	0	16	0	1.000000
turnstone	0	0	1	0	0.999999
usingprophet	0	0	5	0	1.000000
alpha	0	0	1	0	0.999999
ft	2	0	8	0	1.000000
brave	0	0	3	0	1.000000
mpa	2	0	1	0	0.999999
nb	3	1	2	0	1.000000
inch	0	0	5	0	1.000000
ara	4	1	6	0	1.000000
mc	1	1	8	0	1.000000
sensitized	0	1	1	0	0.999999
locked	0	0	1	0	0.999999
ger	4	0	7	0	1.000000
hr	3	1	2	0	1.000000
ean	4	0	1	0	0.999999
map	4	1	115	0	1.000000
uy	1	0	41	0	1.000000
hog	0	1	1	0	0.999999
b	0	0	81	0	1.000000
diver	0	0	2	0	1.000000
nuts	0	1	1	0	0.999999
eu	0	0	7	0	1.000000
makeover	0	1	1	0	0.999999
rh	2	0	1	0	0.999999
mission	0	1	3	0	1.000000
tus	2	1	16	0	1.000000
senior	0	0	6	0	1.000000
abbotsford	0	1	2	0	1.000000
adams	0	1	2	0	1.000000
rh	3	0	2	0	1.000000
envisioned	0	0	1	0	0.999999
zio	2	1	2	0	1.000000
display	0	1	3	0	1.000000
bow	2	0	6	0	1.000000
org	2	1	4	0	1.000000
sat	4	0	14	0	1.000000
ko	3	0	5	0	1.000000
systematic	0	1	1	0	0.999999
ihc	0	1	1	0	0.999999
equipment	0	0	19	0	1.000000
delle	0	0	1	0	0.999999
blink	0	0	1	0	0.999999
basicallysubsistence	0	0	1	0	0.999999
bug	0	0	32	0	1.000000
gallerythis	0	1	1	0	0.999999
scrollbar	0	1	1	0	0.999999
pse	2	0	4	0	1.000000
contest	0	1	2	0	1.000000
possession	0	0	1	0	0.999999
ngs	0	0	3	0	1.000000
indulge	0	0	3	0	1.000000
fleet	0	1	14	0	1.000000
htmlcontent	0	1	1	0	0.999999
eiz	2	1	1	0	0.999999
gi	1	0	4	0	1.000000
love	0	0	49	0	1.000000
free	0	0	134	0	1.000000
introducing	0	0	2	0	1.000000
finished	0	0	3	0	1.000000
upw	4	0	1	0	0.999999
aod	4	1	1	0	0.999999
jewfish	0	0	2	0	1.000000
merci	0	0	2	0	1.000000
continuing	0	0	8	0	1.000000
addresses	0	0	8	0	1.000000
dya	2	1	3	0	1.000000
ats	2	0	54	0	1.000000
ya	3	0	9	0	1.000000
nanotechnology	0	0	1	0	0.999999
lookup	0	1	16	0	1.000000
ipo	2	0	1	0	0.999999
fash	0	0	1	0	0.999999
ld	2	0	1	0	0.999999
too	0	0	43	0	1.000000
disclaimerthoughwe	0	1	1	0	0.999999
optimal	0	0	2	0	1.000000
philipp	0	1	2	0	1.000000
anti	0	0	4	0	1.000000
karlbergwho	0	1	1	0	0.999999
dessin	0	1	1	0	0.999999
intake	0	0	3	0	1.000000
prparation	0	1	1	0	0.999999
ning	0	0	1	0	0.999999
omaha	0	1	4	0	1.000000
podcasting	0	1	2	0	1.000000
readjustment	0	0	1	0	0.999999
ofs	2	0	2	0	1.000000
jalbtcx	0	1	3	0	1.000000
dig	4	1	21	0	1.000000
midnight	0	1	4	0	1.000000
carl	0	1	2	0	1.000000
bom	4	1	10	0	1.000000
gzipvary	0	1	17	0	1.000000
commander	0	0	1	0	0.999999
banque	0	1	1	0	0.999999
otevyen	0	1	1	0	0.999999
fair	0	1	1	0	0.999999
crs	0	0	1	0	0.999999
epiphany	0	0	1	0	0.999999
sep	4	0	10	0	1.000000
teajevi	0	0	1	0	0.999999
joy	2	0	20	0	1.000000
col	2	0	4	0	1.000000
ek	1	0	37	0	1.000000
cc	1	1	3	0	1.000000
smooth	0	0	3	0	1.000000
rim	4	0	2	0	1.000000
fie	4	1	5	0	1.000000
req	4	0	111	0	1.000000
joy	2	1	4	0	1.000000
conference	0	1	2	0	1.000000
ecological	0	0	3	0	1.000000
whitestone	0	0	1	0	0.999999
ngings	0	0	1	0	0.999999
une	2	0	10	0	1.000000
mm	1	0	5	0	1.000000
nutmeg	0	0	2	0	1.000000
cyl	4	1	1	0	0.999999
enterprises	0	0	1	0	0.999999
click	0	0	27	0	1.000000
bew	4	0	1	0	0.999999
ita	4	1	29	0	1.000000
mpa	4	0	9	0	1.000000
qualit	0	1	1	0	0.999999
nou	4	0	11	0	1.000000
navoceano	0	1	2	0	1.000000
col	4	1	81	0	1.000000
battle	0	1	3	0	1.000000
stu	4	0	110	0	1.000000
girlfriend	0	0	1	0	0.999999
jey	2	0	1	0	0.999999
omb	2	1	7	0	1.000000
bradford	0	1	1	0	0.999999
voir	0	0	2	0	1.000000
wir	0	0	2	0	1.000000
stoll	0	1	1	0	0.999999
apri	0	1	1	0	0.999999
undergrad	0	0	1	0	0.999999
hardware	0	1	3	0	1.000000
internetservice	0	0	1	0	0.999999
aar	2	1	2	0	1.000000
aon	0	0	1	0	0.999999
zmk	2	1	1	0	0.999999
digita	0	1	1	0	0.999999
bec	4	1	18	0	1.000000
kfc	2	1	1	0	0.999999
addition	0	0	28	0	1.000000
cranked	0	0	2	0	1.000000
remain	0	0	11	0	1.000000
hms	2	0	1	0	0.999999
designate	0	0	1	0	0.999999
foi	4	1	2	0	1.000000
reflections	0	1	1	0	0.999999
hic	2	1	11	0	1.000000
matt	0	0	1	0	0.999999
acknowledged	0	0	1	0	0.999999
rental	0	0	6	0	1.000000
nuo	0	1	1	0	0.999999
coordinator	0	1	1	0	0.999999
federally	0	0	1	0	0.999999
mel	4	1	199	0	1.000000
zam	2	1	4	0	1.000000
tai	4	0	29	0	1.000000
honeymoon	0	0	5	0	1.000000
ark	2	1	87	0	1.000000
snorkel	0	1	1	0	0.999999
gi	3	0	138	0	1.000000
adult	0	1	2	0	1.000000
scr	0	1	2	0	1.000000
sut	2	1	1	0	0.999999
aadaa	0	0	1	0	0.999999
ig	3	1	7	0	1.000000
microwaves	0	0	1	0	0.999999
php	4	1	9	0	1.000000
lag	2	1	1	0	0.999999
mm	0	1	2	0	1.000000
inspection	0	1	2	0	1.000000
ratified	0	0	1	0	0.999999
rog	2	0	1	0	0.999999
web	0	1	40	0	1.000000
week	0	0	28	0	1.000000
amp	4	1	1	0	0.999999
fhilte	0	0	1	0	0.999999
oje	2	1	1	0	0.999999
fca	0	0	1	0	0.999999
ete	4	0	1	0	0.999999
cir	4	1	7	0	1.000000
voc	0	0	3	0	1.000000
persons	0	0	12	0	1.000000
cpu	0	1	8	0	1.000000
izo	2	1	1	0	0.999999
dvd	2	0	3	0	1.000000
gro	4	1	21	0	1.000000
mri	4	1	4	0	1.000000
start	0	0	58	0	1.000000
monticello	0	1	1	0	0.999999
speakers	0	0	2	0	1.000000
kar	4	1	11	0	1.000000
fittings	0	1	7	0	1.000000
beaf	0	0	1	0	0.999999
hvac	0	1	6	0	1.000000
logos	0	0	1	0	0.999999
tus	4	1	1	0	0.999999
folk	0	1	4	0	1.000000
resolved	0	0	2	0	1.000000
caf	2	1	1	0	0.999999
ati	0	0	1	0	0.999999
rated	0	0	2	0	1.000000
ken	0	0	2	0	1.000000
nude	0	1	16	0	1.000000
lec	4	0	5	0	1.000000
tacos	0	0	1	0	0.999999
employee	0	1	1	0	0.999999
upc	0	0	1	0	0.999999
ke	1	0	452	0	1.000000
indirect	0	1	5	0	1.000000
wives	0	0	2	0	1.000000
lag	4	1	2	0	1.000000
practicing	0	0	1	0	0.999999
zeal	0	0	2	0	1.000000
curtain	0	0	14	0	1.000000
ija	2	1	2	0	1.000000
cohesive	0	1	1	0	0.999999
une	2	1	29	0	1.000000
uplifting	0	0	1	0	0.999999
redesigned	0	0	1	0	0.999999
dominant	0	0	5	0	1.000000
costume	0	0	2	0	1.000000
eurasia	0	1	2	0	1.000000
sli	4	1	5	0	1.000000
voici	0	1	2	0	1.000000
mbinati	0	0	1	0	0.999999
ounce	0	0	2	0	1.000000
ae	3	1	5	0	1.000000
dialing	0	0	1	0	0.999999
loved	0	0	4	0	1.000000
ugl	4	0	1	0	0.999999
porno	0	0	2	0	1.000000
searching	0	0	8	0	1.000000
airfare	0	0	1	0	0.999999
mel	2	1	2	0	1.000000
messages	0	0	27	0	1.000000
venturing	0	0	1	0	0.999999
fractured	0	1	2	0	1.000000
blasting	0	0	1	0	0.999999
afc	4	0	1	0	0.999999
mrs	0	1	16	0	1.000000
century	0	0	10	0	1.000000
exa	4	1	9	0	1.000000
ady	2	1	10	0	1.000000
artista	0	0	2	0	1.000000
ils	2	0	35	0	1.000000
ete	2	0	63	0	1.000000
akh	4	1	1	0	0.999999
zes	2	1	5	0	1.000000
dreams	0	0	3	0	1.000000
airp	0	1	2	0	1.000000
crime	0	0	3	0	1.000000
ea	1	0	114	0	1.000000
leoue	0	0	1	0	0.999999
suffragist	0	0	1	0	0.999999
nyu	0	1	1	0	0.999999
badenoch	0	1	1	0	0.999999
videohelp	0	1	1	0	0.999999
cubic	0	1	1	0	0.999999
kimball	0	1	1	0	0.999999
audubon	0	1	5	0	1.000000
aur	4	0	2	0	1.000000
oda	2	0	2	0	1.000000
arent	0	0	1	0	0.999999
ek	0	1	2	0	1.000000
worms	0	0	2	0	1.000000
oty	2	0	1	0	0.999999
ervin	0	0	1	0	0.999999
adaigh	0	0	1	0	0.999999
