us	1	0	374	0	1.000000
rning	0	0	2	0	1.000000
whining	0	0	4	0	1.000000
select	0	0	12	0	1.000000
grandma	0	0	3	0	1.000000
tbl	4	1	1	0	0.999999
cut	0	1	6	0	1.000000
mounted	0	0	2	0	1.000000
nks	2	0	74	0	1.000000
final	0	0	11	0	1.000000
alan	0	0	1	0	0.999999
coeur	0	0	4	0	1.000000
us	3	1	164	0	1.000000
nearest	0	0	5	0	1.000000
corozal	0	1	7	0	1.000000
staverton	0	1	1	0	0.999999
acclaim	0	0	2	0	1.000000
raquo	0	0	12	0	1.000000
usn	2	1	1	0	0.999999
santas	0	0	3	0	1.000000
pompano	0	0	2	0	1.000000
chamber	0	1	4	0	1.000000
commissions	0	0	2	0	1.000000
ure	2	1	62	0	1.000000
dye	2	0	2	0	1.000000
siz	4	1	18	0	1.000000
customs	0	1	2	0	1.000000
opiniones	0	0	1	0	0.999999
mja	4	1	1	0	0.999999
operations	0	1	2	0	1.000000
detalii	0	1	1	0	0.999999
generous	0	0	3	0	1.000000
gm	1	1	1	0	0.999999
diesel	0	1	1	0	0.999999
dani	0	1	1	0	0.999999
offfice	0	0	1	0	0.999999
xas	2	0	12	0	1.000000
pow	2	1	4	0	1.000000
proportion	0	0	2	0	1.000000
nye	2	0	3	0	1.000000
lagoon	0	0	3	0	1.000000
ost	2	0	226	0	1.000000
theodore	0	1	1	0	0.999999
exhibited	0	0	2	0	1.000000
thera	0	1	1	0	0.999999
ks	2	1	15	0	1.000000
head	0	1	3	0	1.000000
prevent	0	0	10	0	1.000000
tie	4	0	15	0	1.000000
star	0	0	7	0	1.000000
endless	0	1	1	0	0.999999
emp	4	1	131	0	1.000000
vcs	4	0	2	0	1.000000
ite	2	1	186	0	1.000000
ways	0	1	2	0	1.000000
hig	4	1	43	0	1.000000
jum	4	0	3	0	1.000000
wings	0	0	7	0	1.000000
canadaset	0	1	1	0	0.999999
br	1	0	7	0	1.000000
our	2	1	176	0	1.000000
olsenfor	0	1	1	0	0.999999
tei	4	1	4	0	1.000000
kub	4	1	6	0	1.000000
veg	4	0	8	0	1.000000
economy	0	1	1	0	0.999999
feel	0	0	25	0	1.000000
documents	0	1	11	0	1.000000
integral	0	0	3	0	1.000000
users	0	0	51	0	1.000000
reu	4	0	3	0	1.000000
corrosion	0	0	3	0	1.000000
wwiibuid	0	1	1	0	0.999999
hae	2	1	1	0	0.999999
ray	0	0	7	0	1.000000
suspected	0	0	3	0	1.000000
nordksk	0	0	1	0	0.999999
conduct	0	0	3	0	1.000000
behalf	0	0	2	0	1.000000
join	0	1	4	0	1.000000
agrave	0	0	2	0	1.000000
bathymetric	0	0	1	0	0.999999
servizi	0	1	1	0	0.999999
preparing	0	0	1	0	0.999999
doy	4	1	2	0	1.000000
creator	0	1	78	0	1.000000
leg	4	0	25	0	1.000000
eo	1	1	34	0	1.000000
countries	0	1	1	0	0.999999
dvr	0	0	1	0	0.999999
nf	1	0	8	0	1.000000
dinosaurs	0	0	1	0	0.999999
hoje	0	0	1	0	0.999999
eur	2	0	20	0	1.000000
lh	3	0	1	0	0.999999
hraje	0	0	1	0	0.999999
tended	0	0	1	0	0.999999
rae	0	0	1	0	0.999999
doe	4	1	11	0	1.000000
diese	0	1	1	0	0.999999
ear	2	1	71	0	1.000000
strikingly	0	0	1	0	0.999999
regije	0	1	1	0	0.999999
rao	2	1	2	0	1.000000
assessment	0	0	3	0	1.000000
genoa	0	1	1	0	0.999999
qc	0	1	2	0	1.000000
increased	0	1	3	0	1.000000
pvp	4	0	3	0	1.000000
metropolitan	0	1	3	0	1.000000
cli	4	1	132	0	1.000000
technique	0	0	2	0	1.000000
everywhere	0	1	2	0	1.000000
refer	0	0	9	0	1.000000
biotechnology	0	1	1	0	0.999999
sk	0	1	3	0	1.000000
log	0	0	13	0	1.000000
authors	0	1	5	0	1.000000
duct	0	1	1	0	0.999999
gfa	2	0	2	0	1.000000
hya	4	1	1	0	0.999999
bombing	0	0	1	0	0.999999
purchasing	0	1	1	0	0.999999
ki	0	0	1	0	0.999999
wat	2	0	1	0	0.999999
ssp	4	0	1	0	0.999999
rati	0	0	1	0	0.999999
tener	0	0	1	0	0.999999
subtract	0	0	1	0	0.999999
das	0	0	4	0	1.000000
tac	4	1	1	0	0.999999
ki	1	1	49	0	1.000000
wil	4	0	475	0	1.000000
one	4	1	41	0	1.000000
uro	2	0	2	0	1.000000
familyring	0	1	1	0	0.999999
aho	2	1	1	0	0.999999
imb	4	0	2	0	1.000000
arctic	0	0	1	0	0.999999
dear	0	0	3	0	1.000000
rdv	0	1	1	0	0.999999
anal	0	1	1	0	0.999999
amos	0	1	3	0	1.000000
eaves	0	0	1	0	0.999999
yo	0	1	1	0	0.999999
plain	0	0	5	0	1.000000
fd	2	0	4	0	1.000000
ruy	4	1	1	0	0.999999
corao	0	1	1	0	0.999999
differences	0	0	1	0	0.999999
vak	4	1	1	0	0.999999
harlan	0	1	1	0	0.999999
kimberley	0	0	1	0	0.999999
warp	0	1	1	0	0.999999
july	0	1	20	0	1.000000
soma	0	1	1	0	0.999999
descriptive	0	0	1	0	0.999999
mayor	0	1	1	0	0.999999
fitingw	0	0	1	0	0.999999
dmanicure	0	1	1	0	0.999999
sad	2	0	2	0	1.000000
explains	0	1	2	0	1.000000
charcol	0	0	1	0	0.999999
sk	3	0	66	0	1.000000
followed	0	0	12	0	1.000000
enemy	0	1	1	0	0.999999
expidia	0	0	1	0	0.999999
kre	4	1	1	0	0.999999
beaucoup	0	0	4	0	1.000000
corridor	0	0	1	0	0.999999
culture	0	1	3	0	1.000000
ee	0	1	4	0	1.000000
gathered	0	0	2	0	1.000000
odo	2	0	5	0	1.000000
streetimage	0	1	1	0	0.999999
nappy	0	1	4	0	1.000000
oe	1	0	14	0	1.000000
bic	4	1	4	0	1.000000
aer	2	0	2	0	1.000000
deed	0	0	1	0	0.999999
prevaricate	0	0	1	0	0.999999
cupcake	0	1	1	0	0.999999
uns	2	1	5	0	1.000000
expression	0	0	2	0	1.000000
utopian	0	0	2	0	1.000000
iranian	0	1	1	0	0.999999
lesothomap	0	1	1	0	0.999999
computers	0	1	3	0	1.000000
ney	2	0	38	0	1.000000
maitrise	0	1	1	0	0.999999
ibm	0	0	2	0	1.000000
storms	0	0	3	0	1.000000
igh	2	1	25	0	1.000000
russo	0	1	1	0	0.999999
farm	0	0	2	0	1.000000
vsc	0	1	1	0	0.999999
merchant	0	1	1	0	0.999999
cil	2	0	7	0	1.000000
homestead	0	0	1	0	0.999999
lic	4	1	8	0	1.000000
nest	0	0	4	0	1.000000
pth	2	1	2	0	1.000000
scrolls	0	0	1	0	0.999999
officially	0	0	2	0	1.000000
tucson	0	1	1	0	0.999999
ai	3	1	30	0	1.000000
yo	3	0	1794	0	1.000000
anime	0	0	2	0	1.000000
breton	0	1	1	0	0.999999
ofc	0	1	1	0	0.999999
set	2	0	75	0	1.000000
wahoo	0	0	1	0	0.999999
delighted	0	0	2	0	1.000000
textures	0	0	3	0	1.000000
gby	4	1	1	0	0.999999
pretty	0	0	14	0	1.000000
ilm	2	1	2	0	1.000000
associated	0	0	10	0	1.000000
muse	0	0	1	0	0.999999
eden	0	1	15	0	1.000000
inhibiter	0	0	1	0	0.999999
ste	4	1	40	0	1.000000
ceremony	0	0	18	0	1.000000
extracts	0	0	1	0	0.999999
beg	0	0	1	0	0.999999
alias	0	0	1	0	0.999999
aggression	0	0	1	0	0.999999
rea	0	0	3	0	1.000000
aspect	0	0	2	0	1.000000
era	2	0	30	0	1.000000
flavor	0	0	1	0	0.999999
footsoles	0	0	1	0	0.999999
kid	2	1	1	0	0.999999
compacted	0	0	1	0	0.999999
establishments	0	0	2	0	1.000000
gw	0	1	2	0	1.000000
lunches	0	0	3	0	1.000000
esnt	0	0	1	0	0.999999
ans	0	0	2	0	1.000000
need	0	0	79	0	1.000000
nsa	2	1	2	0	1.000000
tie	2	0	4	0	1.000000
mensa	0	0	2	0	1.000000
journals	0	1	4	0	1.000000
quickly	0	1	1	0	0.999999
continues	0	0	3	0	1.000000
dchais	0	0	1	0	0.999999
customer	0	0	8	0	1.000000
diamond	0	0	1	0	0.999999
uid	2	1	5	0	1.000000
addicted	0	0	1	0	0.999999
uer	2	1	3	0	1.000000
imbecl	0	0	1	0	0.999999
specuum	0	0	1	0	0.999999
rats	0	0	1	0	0.999999
dolls	0	0	2	0	1.000000
aer	4	1	2	0	1.000000
chorus	0	1	1	0	0.999999
protocol	0	0	3	0	1.000000
uct	2	0	29	0	1.000000
javelins	0	0	1	0	0.999999
ilm	2	0	8	0	1.000000
ik	3	0	3	0	1.000000
researcher	0	0	1	0	0.999999
leaves	0	1	1	0	0.999999
aul	2	1	16	0	1.000000
zem	0	0	1	0	0.999999
gel	4	0	2	0	1.000000
yo	2	0	5	0	1.000000
university	0	1	62	0	1.000000
faq	2	0	2	0	1.000000
vh	3	0	1	0	0.999999
lawyer	0	0	3	0	1.000000
sleling	0	0	1	0	0.999999
seafront	0	0	1	0	0.999999
kab	4	0	1	0	0.999999
vessel	0	0	4	0	1.000000
jam	0	1	4	0	1.000000
ava	0	1	1	0	0.999999
gratis	0	0	1	0	0.999999
scholarship	0	0	22	0	1.000000
ravennaa	0	0	1	0	0.999999
dakotah	0	1	1	0	0.999999
gnuboy	0	1	1	0	0.999999
tes	0	0	6	0	1.000000
havebeen	0	0	1	0	0.999999
lic	2	1	43	0	1.000000
avais	0	0	1	0	0.999999
heu	4	0	3	0	1.000000
chhevrolet	0	0	1	0	0.999999
maintains	0	0	3	0	1.000000
busting	0	0	2	0	1.000000
boil	0	0	1	0	0.999999
argue	0	0	2	0	1.000000
plans	0	0	9	0	1.000000
presentation	0	0	11	0	1.000000
abu	2	0	1	0	0.999999
kal	4	0	2	0	1.000000
skillful	0	0	5	0	1.000000
myp	4	1	1	0	0.999999
async	0	0	1	0	0.999999
consul	0	0	2	0	1.000000
summarizes	0	0	1	0	0.999999
template	0	1	1	0	0.999999
entry	0	1	11	0	1.000000
flooglites	0	1	1	0	0.999999
addington	0	1	1	0	0.999999
coupon	0	1	2	0	1.000000
hidden	0	0	3	0	1.000000
parrotfish	0	1	1	0	0.999999
glenn	0	0	2	0	1.000000
cartman	0	1	1	0	0.999999
pleasant	0	1	1	0	0.999999
ker	2	1	28	0	1.000000
orda	0	1	1	0	0.999999
mg	3	0	6	0	1.000000
travelers	0	0	4	0	1.000000
ring	0	0	2	0	1.000000
ospina	0	1	1	0	0.999999
bak	4	0	5	0	1.000000
applicant	0	0	10	0	1.000000
adapt	0	0	2	0	1.000000
ouverts	0	0	1	0	0.999999
merits	0	0	1	0	0.999999
dodging	0	1	1	0	0.999999
ood	2	0	146	0	1.000000
dizer	0	0	1	0	0.999999
kin	2	0	9	0	1.000000
sto	4	0	159	0	1.000000
sitting	0	1	1	0	0.999999
rpt	2	0	1	0	0.999999
rencontrer	0	0	2	0	1.000000
visua	0	0	1	0	0.999999
yne	2	0	2	0	1.000000
anniversary	0	1	1	0	0.999999
embora	0	0	2	0	1.000000
stadiums	0	1	1	0	0.999999
chosen	0	0	7	0	1.000000
rig	2	1	2	0	1.000000
participated	0	0	2	0	1.000000
us	1	1	226	0	1.000000
grandma	0	1	1	0	0.999999
yy	3	1	1	0	0.999999
interesting	0	0	19	0	1.000000
postponement	0	0	1	0	0.999999
uds	0	0	1	0	0.999999
repeated	0	0	6	0	1.000000
final	0	1	1	0	0.999999
commercial	0	0	13	0	1.000000
lim	4	0	40	0	1.000000
marks	0	1	1	0	0.999999
san	0	1	31	0	1.000000
rdb	2	0	1	0	0.999999
ivw	2	1	1	0	0.999999
utopia	0	1	1	0	0.999999
thenext	0	0	1	0	0.999999
assuring	0	0	1	0	0.999999
one	2	0	430	0	1.000000
f	0	1	84	0	1.000000
dui	0	1	2	0	1.000000
thee	0	0	1	0	0.999999
collide	0	0	1	0	0.999999
lagoon	0	1	1	0	0.999999
gri	4	1	8	0	1.000000
yo	1	1	13	0	1.000000
sexuais	0	0	1	0	0.999999
cat	4	0	104	0	1.000000
nye	2	1	12	0	1.000000
ito	0	0	1	0	0.999999
linatree	0	1	1	0	0.999999
assholes	0	1	2	0	1.000000
ite	2	0	373	0	1.000000
gujarat	0	1	1	0	0.999999
su	0	1	2	0	1.000000
fficia	0	0	3	0	1.000000
becomes	0	0	3	0	1.000000
extant	0	0	1	0	0.999999
ain	0	0	1	0	0.999999
estrada	0	1	1	0	0.999999
yah	2	1	3	0	1.000000
carks	0	1	1	0	0.999999
lowest	0	1	1	0	0.999999
amount	0	0	10	0	1.000000
economy	0	0	4	0	1.000000
pedir	0	0	1	0	0.999999
responsible	0	1	1	0	0.999999
ida	4	0	3	0	1.000000
rdv	4	1	1	0	0.999999
isf	2	0	1	0	0.999999
np	3	1	2	0	1.000000
whatever	0	0	1	0	0.999999
calligraphy	0	0	1	0	0.999999
mep	4	0	2	0	1.000000
sun	4	0	22	0	1.000000
trappings	0	0	1	0	0.999999
polska	0	1	1	0	0.999999
exhaust	0	0	1	0	0.999999
reu	4	1	4	0	1.000000
deutsch	0	1	1	0	0.999999
companion	0	0	2	0	1.000000
plots	0	0	1	0	0.999999
etudes	0	1	2	0	1.000000
primary	0	0	7	0	1.000000
rke	4	0	1	0	0.999999
creatures	0	1	1	0	0.999999
suspected	0	1	1	0	0.999999
servizi	0	0	1	0	0.999999
stepping	0	0	1	0	0.999999
going	0	0	50	0	1.000000
countries	0	0	22	0	1.000000
spokesperson	0	0	1	0	0.999999
emphasis	0	0	2	0	1.000000
alcoa	0	0	1	0	0.999999
pail	0	0	4	0	1.000000
twa	4	0	2	0	1.000000
lh	1	0	1	0	0.999999
lak	4	1	28	0	1.000000
however	0	0	25	0	1.000000
drowsy	0	0	1	0	0.999999
arne	0	1	3	0	1.000000
oe	2	1	2	0	1.000000
yed	2	0	47	0	1.000000
ciati	0	0	3	0	1.000000
tongue	0	0	1	0	0.999999
doe	4	0	59	0	1.000000
families	0	0	1	0	0.999999
veil	0	1	2	0	1.000000
comings	0	0	1	0	0.999999
read	0	0	31	0	1.000000
ethical	0	0	2	0	1.000000
round	0	1	3	0	1.000000
migration	0	1	4	0	1.000000
sharp	0	0	2	0	1.000000
hazel	0	1	1	0	0.999999
naomi	0	1	2	0	1.000000
stayed	0	0	2	0	1.000000
ian	2	1	95	0	1.000000
pvp	4	1	2	0	1.000000
weight	0	0	9	0	1.000000
everywhere	0	0	2	0	1.000000
topless	0	0	1	0	0.999999
fingered	0	0	2	0	1.000000
nations	0	1	16	0	1.000000
assumed	0	0	1	0	0.999999
specificship	0	0	1	0	0.999999
duct	0	0	3	0	1.000000
health	0	1	16	0	1.000000
unlike	0	0	1	0	0.999999
profitable	0	0	1	0	0.999999
act	2	0	105	0	1.000000
mama	0	0	1	0	0.999999
donne	0	0	1	0	0.999999
farming	0	0	18	0	1.000000
bargain	0	1	2	0	1.000000
ki	1	0	16	0	1.000000
binoculars	0	0	2	0	1.000000
favs	0	0	1	0	0.999999
noise	0	0	3	0	1.000000
gugginheim	0	1	1	0	0.999999
ratings	0	0	4	0	1.000000
leveling	0	0	5	0	1.000000
arctic	0	1	3	0	1.000000
nai	2	0	2	0	1.000000
plasrtic	0	0	1	0	0.999999
programme	0	1	1	0	0.999999
hulls	0	0	1	0	0.999999
earn	0	0	6	0	1.000000
fug	4	1	1	0	0.999999
however	0	1	13	0	1.000000
jewish	0	1	1	0	0.999999
ks	1	1	127	0	1.000000
ey	1	1	179	0	1.000000
travaille	0	0	1	0	0.999999
archaeology	0	1	7	0	1.000000
ogl	4	0	1	0	0.999999
kimberley	0	1	1	0	0.999999
recommendations	0	0	1	0	0.999999
oxo	2	1	1	0	0.999999
pearl	0	0	1	0	0.999999
bodies	0	0	1	0	0.999999
brander	0	1	1	0	0.999999
enter	0	1	6	0	1.000000
flour	0	0	2	0	1.000000
est	2	1	151	0	1.000000
trailers	0	1	1	0	0.999999
rig	4	0	76	0	1.000000
hants	0	1	1	0	0.999999
tam	4	1	4	0	1.000000
digest	0	1	2	0	1.000000
hippolito	0	1	1	0	0.999999
mrc	4	0	1	0	0.999999
tract	0	0	1	0	0.999999
emancipation	0	0	1	0	0.999999
culture	0	0	19	0	1.000000
fd	1	0	4	0	1.000000
etre	0	1	1	0	0.999999
suffered	0	0	1	0	0.999999
cop	4	0	69	0	1.000000
rmance	0	0	2	0	1.000000
uniques	0	0	1	0	0.999999
pelican	0	0	2	0	1.000000
reptiles	0	1	2	0	1.000000
halfway	0	0	1	0	0.999999
brown	0	1	1	0	0.999999
hou	2	0	1	0	0.999999
sun	2	0	6	0	1.000000
freezing	0	0	1	0	0.999999
presley	0	0	2	0	1.000000
sweet	0	0	8	0	1.000000
replaced	0	1	1	0	0.999999
nus	2	0	15	0	1.000000
parent	0	0	14	0	1.000000
ene	2	0	21	0	1.000000
ary	2	0	199	0	1.000000
dhl	4	1	1	0	0.999999
depositary	0	1	90	0	1.000000
monarch	0	1	1	0	0.999999
piadinha	0	0	1	0	0.999999
grab	0	1	1	0	0.999999
registrants	0	0	2	0	1.000000
emf	2	1	1	0	0.999999
heart	0	0	20	0	1.000000
globals	0	1	4	0	1.000000
jes	4	1	4	0	1.000000
isp	4	1	4	0	1.000000
oe	3	0	2	0	1.000000
gly	2	1	2	0	1.000000
downloading	0	0	4	0	1.000000
cil	2	1	6	0	1.000000
obama	0	1	7	0	1.000000
hunts	0	0	1	0	0.999999
downtownswing	0	1	1	0	0.999999
nverter	0	0	1	0	0.999999
interspersed	0	0	1	0	0.999999
otfica	0	0	1	0	0.999999
eit	2	0	1	0	0.999999
precocity	0	0	2	0	1.000000
ltv	2	1	1	0	0.999999
pretty	0	1	1	0	0.999999
arriving	0	0	7	0	1.000000
noe	4	0	1	0	0.999999
mtu	0	0	1	0	0.999999
providers	0	0	15	0	1.000000
aircraft	0	1	2	0	1.000000
dvr	2	1	1	0	0.999999
ste	4	0	59	0	1.000000
termnial	0	1	1	0	0.999999
sun	0	1	9	0	1.000000
insight	0	0	1	0	0.999999
guz	4	0	1	0	0.999999
etrex	0	0	1	0	0.999999
nas	2	1	2	0	1.000000
tos	2	0	49	0	1.000000
cctv	0	1	1	0	0.999999
lau	0	1	1	0	0.999999
camron	0	1	9	0	1.000000
lim	2	1	1	0	0.999999
flavor	0	1	2	0	1.000000
quite	0	0	22	0	1.000000
dai	4	1	24	0	1.000000
verner	0	1	1	0	0.999999
rea	0	1	4	0	1.000000
ray	2	1	17	0	1.000000
rky	2	0	1	0	0.999999
trendscollection	0	1	1	0	0.999999
navigation	0	0	6	0	1.000000
images	0	1	7	0	1.000000
etry	0	0	2	0	1.000000
drafty	0	0	1	0	0.999999
servants	0	0	1	0	0.999999
manifold	0	0	1	0	0.999999
biri	0	0	1	0	0.999999
gyb	4	0	1	0	0.999999
gri	2	0	1	0	0.999999
currentjournal	0	1	1	0	0.999999
books	0	1	4	0	1.000000
nia	0	0	1	0	0.999999
journals	0	0	3	0	1.000000
right	0	1	11	0	1.000000
phipps	0	1	1	0	0.999999
era	4	0	7	0	1.000000
overprotected	0	0	1	0	0.999999
fwy	4	1	2	0	1.000000
networking	0	1	2	0	1.000000
winnberg	0	1	1	0	0.999999
drops	0	1	2	0	1.000000
protected	0	0	25	0	1.000000
hea	2	1	1	0	0.999999
engine	0	1	1	0	0.999999
dinner	0	0	4	0	1.000000
ifla	0	1	1	0	0.999999
aer	4	0	3	0	1.000000
fulfill	0	0	1	0	0.999999
wilson	0	1	3	0	1.000000
finds	0	0	5	0	1.000000
ghs	2	0	2	0	1.000000
wahoo	0	1	1	0	0.999999
javadoc	0	1	1	0	0.999999
tranquillity	0	0	1	0	0.999999
nissa	0	0	1	0	0.999999
migratory	0	0	2	0	1.000000
physically	0	0	2	0	1.000000
nsu	4	0	3	0	1.000000
swinging	0	0	1	0	0.999999
agora	0	1	1	0	0.999999
stellenbosch	0	1	1	0	0.999999
aab	4	1	1	0	0.999999
sa	2	0	11	0	1.000000
under	0	0	58	0	1.000000
iot	2	0	3	0	1.000000
exe	4	1	10	0	1.000000
haha	0	0	2	0	1.000000
agus	0	0	21	0	1.000000
gorgonia	0	1	1	0	0.999999
faq	2	1	7	0	1.000000
ofrelationships	0	0	1	0	0.999999
specs	0	0	6	0	1.000000
tackle	0	0	2	0	1.000000
notation	0	1	1	0	0.999999
edit	0	0	16	0	1.000000
cfe	4	1	1	0	0.999999
outlands	0	0	1	0	0.999999
igh	4	0	1	0	0.999999
evaluating	0	1	11	0	1.000000
belizean	0	1	18	0	1.000000
ork	2	0	163	0	1.000000
memoranda	0	1	11	0	1.000000
pow	4	1	19	0	1.000000
passed	0	0	2	0	1.000000
dishes	0	0	1	0	0.999999
vic	0	1	3	0	1.000000
aro	4	0	76	0	1.000000
numbers	0	1	1	0	0.999999
san	2	1	56	0	1.000000
suggest	0	0	9	0	1.000000
exo	4	0	2	0	1.000000
centras	0	1	1	0	0.999999
bushes	0	0	1	0	0.999999
dus	2	1	5	0	1.000000
rv	0	0	1	0	0.999999
hidden	0	1	1	0	0.999999
ual	2	0	81	0	1.000000
remnants	0	0	2	0	1.000000
coupon	0	0	1	0	0.999999
vms	4	0	4	0	1.000000
ker	2	0	31	0	1.000000
donkey	0	0	1	0	0.999999
desculpem	0	0	1	0	0.999999
belizetobacco	0	1	1	0	0.999999
replaced	0	0	3	0	1.000000
sad	4	1	1	0	0.999999
log	2	0	98	0	1.000000
manyendangered	0	0	1	0	0.999999
congenial	0	0	1	0	0.999999
applicant	0	1	1	0	0.999999
radiography	0	0	2	0	1.000000
rea	4	0	291	0	1.000000
veja	0	0	1	0	0.999999
plunder	0	0	1	0	0.999999
gracias	0	1	2	0	1.000000
cof	4	0	8	0	1.000000
plz	0	1	1	0	0.999999
tracey	0	0	1	0	0.999999
tse	2	1	2	0	1.000000
cef	2	1	1	0	0.999999
ki	2	0	1	0	0.999999
mapset	0	1	1	0	0.999999
returning	0	0	3	0	1.000000
usages	0	1	2	0	1.000000
oit	2	0	4	0	1.000000
depuis	0	1	2	0	1.000000
hello	0	1	12	0	1.000000
thereare	0	1	2	0	1.000000
sto	4	1	62	0	1.000000
odra	0	1	1	0	0.999999
ots	2	1	47	0	1.000000
anniversary	0	0	2	0	1.000000
toi	4	0	2	0	1.000000
flood	0	1	6	0	1.000000
immanuel	0	1	1	0	0.999999
river	0	1	11	0	1.000000
xf	1	1	5	0	1.000000
fins	0	0	2	0	1.000000
regina	0	1	2	0	1.000000
fd	0	0	4	0	1.000000
capitulate	0	0	1	0	0.999999
ury	2	0	20	0	1.000000
korean	0	1	2	0	1.000000
dee	2	1	4	0	1.000000
helton	0	1	1	0	0.999999
patriotism	0	0	1	0	0.999999
doo	2	0	2	0	1.000000
lightning	0	1	1	0	0.999999
rou	4	0	72	0	1.000000
rulez	0	1	1	0	0.999999
gideon	0	1	1	0	0.999999
commercial	0	1	5	0	1.000000
noo	4	1	1	0	0.999999
maj	4	0	34	0	1.000000
world	0	1	87	0	1.000000
yde	2	0	3	0	1.000000
workings	0	0	1	0	0.999999
talent	0	1	1	0	0.999999
think	0	1	1	0	0.999999
perderem	0	0	1	0	0.999999
vehemence	0	0	1	0	0.999999
cheek	0	0	1	0	0.999999
crankin	0	1	1	0	0.999999
again	0	1	3	0	1.000000
flora	0	0	7	0	1.000000
states	0	1	41	0	1.000000
lic	2	0	32	0	1.000000
snowsuit	0	1	1	0	0.999999
hao	2	1	2	0	1.000000
terminal	0	0	9	0	1.000000
sbw	4	0	1	0	0.999999
sa	0	0	11	0	1.000000
handle	0	0	11	0	1.000000
lau	2	1	1	0	0.999999
mike	0	1	7	0	1.000000
sectorstipulat	0	1	1	0	0.999999
aime	0	0	1	0	0.999999
enables	0	0	4	0	1.000000
sites	0	1	13	0	1.000000
br	0	0	4	0	1.000000
lover	0	0	3	0	1.000000
ads	4	0	15	0	1.000000
seeds	0	0	1	0	0.999999
sabiedr	0	1	1	0	0.999999
cancer	0	1	1	0	0.999999
cut	2	1	10	0	1.000000
slipping	0	0	1	0	0.999999
beware	0	1	1	0	0.999999
mg	2	0	5	0	1.000000
helper	0	0	1	0	0.999999
lowest	0	0	2	0	1.000000
mykakiswbr	0	0	1	0	0.999999
rue	2	1	7	0	1.000000
somehow	0	0	3	0	1.000000
zd	1	1	1	0	0.999999
rek	4	1	2	0	1.000000
foc	4	1	6	0	1.000000
eno	4	0	26	0	1.000000
gir	0	1	1	0	0.999999
rl	1	1	63	0	1.000000
yah	0	1	3	0	1.000000
ethbridge	0	0	1	0	0.999999
hhh	2	1	2	0	1.000000
purrs	0	0	1	0	0.999999
rura	0	0	1	0	0.999999
mesmos	0	0	1	0	0.999999
edwardo	0	0	1	0	0.999999
tuc	4	1	3	0	1.000000
lms	2	1	1	0	0.999999
enjoyed	0	0	2	0	1.000000
certification	0	1	1	0	0.999999
backup	0	0	2	0	1.000000
strippers	0	0	1	0	0.999999
fail	0	1	4	0	1.000000
vau	4	0	1	0	0.999999
dare	0	0	3	0	1.000000
anyone	0	1	2	0	1.000000
reverest	0	0	1	0	0.999999
ngw	4	0	1	0	0.999999
luzjnikistadion	0	1	1	0	0.999999
eah	2	1	2	0	1.000000
round	0	0	17	0	1.000000
mat	4	1	31	0	1.000000
gatos	0	1	3	0	1.000000
legalised	0	0	1	0	0.999999
are	0	0	662	0	1.000000
eon	2	1	7	0	1.000000
strictly	0	0	1	0	0.999999
spi	4	0	16	0	1.000000
bottomed	0	0	1	0	0.999999
ode	2	0	68	0	1.000000
camps	0	0	1	0	0.999999
aro	2	0	1	0	0.999999
sad	0	0	2	0	1.000000
ian	2	0	36	0	1.000000
pior	0	0	1	0	0.999999
adds	0	0	1	0	0.999999
rae	2	1	2	0	1.000000
beninmap	0	1	1	0	0.999999
calculator	0	1	1	0	0.999999
overrule	0	0	1	0	0.999999
manipulate	0	0	1	0	0.999999
ste	2	0	35	0	1.000000
artificia	0	0	1	0	0.999999
clamps	0	1	1	0	0.999999
topless	0	1	1	0	0.999999
homeland	0	0	2	0	1.000000
roncalli	0	1	1	0	0.999999
isp	2	1	4	0	1.000000
winged	0	1	1	0	0.999999
ahe	4	1	1	0	0.999999
genesis	0	0	1	0	0.999999
cat	0	1	4	0	1.000000
certification	0	0	3	0	1.000000
rightprovides	0	1	1	0	0.999999
tension	0	0	2	0	1.000000
mama	0	1	1	0	0.999999
ribs	0	0	2	0	1.000000
fitted	0	0	3	0	1.000000
refreshingly	0	1	1	0	0.999999
itfeels	0	0	5	0	1.000000
madam	0	1	1	0	0.999999
reading	0	0	20	0	1.000000
collect	0	1	3	0	1.000000
meditation	0	0	1	0	0.999999
tys	2	1	1	0	0.999999
deo	2	0	32	0	1.000000
simple	0	0	24	0	1.000000
pouring	0	0	2	0	1.000000
birdhouses	0	0	1	0	0.999999
rabies	0	0	1	0	0.999999
mailings	0	0	1	0	0.999999
nye	4	0	3	0	1.000000
fug	4	0	1	0	0.999999
ida	0	1	4	0	1.000000
rv	3	0	2	0	1.000000
tum	2	0	1	0	0.999999
distributing	0	0	1	0	0.999999
set	4	0	246	0	1.000000
tgg	2	0	1	0	0.999999
minnesota	0	0	2	0	1.000000
enter	0	0	24	0	1.000000
predicti	0	0	1	0	0.999999
posting	0	0	9	0	1.000000
gir	4	0	18	0	1.000000
zec	4	0	1	0	0.999999
iwl	4	0	1	0	0.999999
oha	2	1	1	0	0.999999
comfort	0	0	2	0	1.000000
marilyn	0	1	1	0	0.999999
uploaded	0	0	2	0	1.000000
sty	4	0	23	0	1.000000
lofe	0	0	1	0	0.999999
ifs	2	0	8	0	1.000000
temperament	0	0	1	0	0.999999
sitting	0	0	6	0	1.000000
powerful	0	0	12	0	1.000000
bloomfieldschott	0	1	1	0	0.999999
ips	2	1	15	0	1.000000
rtz	2	0	2	0	1.000000
evil	0	0	4	0	1.000000
as	3	0	202	0	1.000000
harrison	0	0	1	0	0.999999
brown	0	0	8	0	1.000000
lover	0	1	1	0	0.999999
dilinger	0	0	1	0	0.999999
exit	0	1	7	0	1.000000
rich	0	1	6	0	1.000000
infant	0	1	2	0	1.000000
sanctuaries	0	0	13	0	1.000000
torrance	0	1	1	0	0.999999
courses	0	0	13	0	1.000000
ora	4	1	10	0	1.000000
southern	0	0	4	0	1.000000
abbigliamento	0	1	1	0	0.999999
uni	4	0	103	0	1.000000
dconnection	0	1	56	0	1.000000
installs	0	0	1	0	0.999999
zem	2	0	1	0	0.999999
users	0	1	16	0	1.000000
pool	0	1	4	0	1.000000
inspectors	0	0	1	0	0.999999
international	0	0	21	0	1.000000
planner	0	0	2	0	1.000000
positively	0	0	2	0	1.000000
ydo	2	0	1	0	0.999999
ary	2	1	373	0	1.000000
pros	0	0	4	0	1.000000
hailes	0	1	1	0	0.999999
fairfield	0	0	1	0	0.999999
oriented	0	0	1	0	0.999999
likely	0	1	1	0	0.999999
atm	4	0	2	0	1.000000
stage	0	0	4	0	1.000000
wat	4	1	32	0	1.000000
rgi	4	0	1	0	0.999999
chares	0	1	1	0	0.999999
numbered	0	0	1	0	0.999999
arrives	0	0	1	0	0.999999
oe	3	1	2	0	1.000000
ina	2	0	11	0	1.000000
tam	0	1	1	0	0.999999
validate	0	1	1	0	0.999999
ray	2	0	15	0	1.000000
ene	4	0	16	0	1.000000
productivity	0	0	4	0	1.000000
rooting	0	0	1	0	0.999999
mednafen	0	1	1	0	0.999999
ketchup	0	1	1	0	0.999999
tam	4	0	13	0	1.000000
uba	4	0	1	0	0.999999
assessing	0	0	1	0	0.999999
mg	1	0	8	0	1.000000
andmany	0	0	1	0	0.999999
diet	0	1	11	0	1.000000
mrw	2	1	1	0	0.999999
media	0	0	19	0	1.000000
facilityshould	0	0	5	0	1.000000
epiphone	0	1	4	0	1.000000
eed	2	1	37	0	1.000000
consequences	0	0	1	0	0.999999
blocked	0	0	2	0	1.000000
hea	4	0	145	0	1.000000
queen	0	1	2	0	1.000000
aid	4	1	1	0	0.999999
gw	2	1	2	0	1.000000
heightvar	0	0	1	0	0.999999
stying	0	0	1	0	0.999999
cecil	0	0	1	0	0.999999
fwy	2	1	2	0	1.000000
tlv	4	1	1	0	0.999999
smiddy	0	1	16	0	1.000000
nik	4	1	5	0	1.000000
degree	0	0	4	0	1.000000
italian	0	0	9	0	1.000000
misinform	0	0	1	0	0.999999
lau	4	1	6	0	1.000000
oxy	2	1	11	0	1.000000
images	0	0	46	0	1.000000
southerners	0	1	1	0	0.999999
cg	3	1	2	0	1.000000
kuroneko	0	0	1	0	0.999999
rocky	0	1	2	0	1.000000
bench	0	1	1	0	0.999999
leg	0	0	1	0	0.999999
dia	2	1	69	0	1.000000
kid	0	0	5	0	1.000000
vr	1	0	1	0	0.999999
gle	4	1	1	0	0.999999
believed	0	0	3	0	1.000000
drops	0	0	2	0	1.000000
as	1	1	274	0	1.000000
ofcookies	0	0	1	0	0.999999
mfy	2	0	1	0	0.999999
ruddy	0	0	2	0	1.000000
engine	0	0	12	0	1.000000
streetst	0	1	1	0	0.999999
thorpe	0	0	1	0	0.999999
btl	4	1	4	0	1.000000
forested	0	0	1	0	0.999999
est	0	1	4	0	1.000000
ito	2	0	11	0	1.000000
tomcat	0	1	9	0	1.000000
jaw	0	0	4	0	1.000000
sna	4	1	4	0	1.000000
set	2	1	26	0	1.000000
rewrite	0	0	1	0	0.999999
rude	0	0	1	0	0.999999
sell	0	1	4	0	1.000000
ode	4	0	2	0	1.000000
mmercia	0	0	1	0	0.999999
tio	2	1	2	0	1.000000
pride	0	0	1	0	0.999999
privacidade	0	0	1	0	0.999999
edit	0	1	8	0	1.000000
roland	0	1	1	0	0.999999
carmen	0	1	2	0	1.000000
wbs	4	1	1	0	0.999999
laissait	0	0	1	0	0.999999
sk	1	1	62	0	1.000000
bzacracks	0	0	1	0	0.999999
bute	0	0	1	0	0.999999
fluid	0	0	1	0	0.999999
comply	0	0	1	0	0.999999
ye	3	1	50	0	1.000000
world	0	0	168	0	1.000000
pow	4	0	67	0	1.000000
utm	4	0	3	0	1.000000
fth	2	1	2	0	1.000000
rightnangangalap	0	1	1	0	0.999999
leg	2	0	2	0	1.000000
alk	2	1	12	0	1.000000
aro	4	1	2	0	1.000000
young	0	1	3	0	1.000000
caffeinated	0	0	1	0	0.999999
awyer	0	0	1	0	0.999999
gaia	0	0	2	0	1.000000
bubble	0	1	2	0	1.000000
ryan	0	0	1	0	0.999999
buk	2	0	2	0	1.000000
greatly	0	0	1	0	0.999999
aid	0	0	3	0	1.000000
bh	3	0	5	0	1.000000
highest	0	0	9	0	1.000000
dans	0	0	10	0	1.000000
radar	0	1	8	0	1.000000
ede	4	1	15	0	1.000000
oregon	0	0	5	0	1.000000
bleeding	0	0	1	0	0.999999
road	0	1	12	0	1.000000
gratuitas	0	0	1	0	0.999999
pht	4	0	1	0	0.999999
iad	2	1	1	0	0.999999
cbs	4	1	1	0	0.999999
orton	0	1	1	0	0.999999
londyn	0	1	1	0	0.999999
ridden	0	0	2	0	1.000000
consent	0	0	2	0	1.000000
tranquil	0	0	1	0	0.999999
pss	2	0	1	0	0.999999
terra	0	1	8	0	1.000000
certain	0	1	2	0	1.000000
xtuner	0	0	1	0	0.999999
birmingham	0	1	2	0	1.000000
dungeon	0	1	1	0	0.999999
ala	2	1	11	0	1.000000
remastered	0	0	1	0	0.999999
tongued	0	0	1	0	0.999999
ixa	2	0	1	0	0.999999
doo	0	0	2	0	1.000000
ity	2	1	275	0	1.000000
cof	4	1	2	0	1.000000
unix	0	1	2	0	1.000000
digitised	0	0	1	0	0.999999
yellow	0	0	5	0	1.000000
ots	2	0	72	0	1.000000
pn	1	1	2	0	1.000000
banner	0	0	11	0	1.000000
sunken	0	0	2	0	1.000000
yard	0	0	4	0	1.000000
thus	0	1	1	0	0.999999
nostalgia	0	0	1	0	0.999999
contrast	0	0	4	0	1.000000
ucj	2	0	1	0	0.999999
accord	0	0	1	0	0.999999
traded	0	0	3	0	1.000000
profit	0	1	1	0	0.999999
vic	2	1	5	0	1.000000
cristo	0	1	1	0	0.999999
twa	2	1	1	0	0.999999
rea	2	0	66	0	1.000000
btl	2	1	4	0	1.000000
era	0	0	4	0	1.000000
ity	2	0	378	0	1.000000
emf	4	1	1	0	0.999999
fce	4	1	3	0	1.000000
logger	0	1	1	0	0.999999
tt	2	0	1	0	0.999999
ngwriter	0	0	1	0	0.999999
brandy	0	1	1	0	0.999999
bog	2	1	1	0	0.999999
apparently	0	1	2	0	1.000000
creator	0	0	4	0	1.000000
ey	3	0	29	0	1.000000
nee	4	1	16	0	1.000000
barbeques	0	0	1	0	0.999999
rou	4	1	5	0	1.000000
constituent	0	0	2	0	1.000000
beheaded	0	1	1	0	0.999999
maj	4	1	5	0	1.000000
nia	2	1	27	0	1.000000
bibliographies	0	0	1	0	0.999999
talent	0	0	4	0	1.000000
seepage	0	1	1	0	0.999999
attend	0	1	1	0	0.999999
zn	1	1	1	0	0.999999
clasped	0	0	1	0	0.999999
composed	0	0	2	0	1.000000
merola	0	1	1	0	0.999999
damages	0	1	10	0	1.000000
cut	4	1	11	0	1.000000
helm	0	0	1	0	0.999999
terminal	0	1	1	0	0.999999
yianni	0	1	3	0	1.000000
definite	0	0	2	0	1.000000
jpeg	0	1	3	0	1.000000
shift	0	0	1	0	0.999999
parc	0	1	1	0	0.999999
ecotourism	0	1	1	0	0.999999
mason	0	1	1	0	0.999999
wraggster	0	1	1	0	0.999999
right	0	0	55	0	1.000000
attacking	0	1	2	0	1.000000
ks	1	0	267	0	1.000000
printer	0	0	4	0	1.000000
dia	0	0	2	0	1.000000
sites	0	0	58	0	1.000000
marshall	0	1	2	0	1.000000
channels	0	1	3	0	1.000000
ray	4	1	4	0	1.000000
hig	4	0	73	0	1.000000
mil	4	0	52	0	1.000000
beginner	0	0	2	0	1.000000
monkeys	0	1	4	0	1.000000
fugitives	0	0	1	0	0.999999
formerly	0	0	4	0	1.000000
decks	0	0	1	0	0.999999
publisher	0	1	2	0	1.000000
ai	1	0	14	0	1.000000
rmc	4	0	1	0	0.999999
pow	0	1	4	0	1.000000
sighs	0	0	1	0	0.999999
uba	2	1	5	0	1.000000
exy	2	0	11	0	1.000000
ye	0	0	1	0	0.999999
deviantart	0	0	1	0	0.999999
neighborhood	0	0	1	0	0.999999
uid	2	0	6	0	1.000000
resident	0	0	7	0	1.000000
kni	4	0	6	0	1.000000
argao	0	1	1	0	0.999999
kyr	4	1	1	0	0.999999
canada	0	0	2	0	1.000000
submit	0	0	15	0	1.000000
hbchamber	0	0	1	0	0.999999
leaders	0	0	3	0	1.000000
neo	4	1	5	0	1.000000
emp	2	0	8	0	1.000000
xas	2	1	45	0	1.000000
eru	2	1	2	0	1.000000
ora	2	1	1	0	0.999999
kin	4	1	28	0	1.000000
subscribed	0	0	1	0	0.999999
documentation	0	0	15	0	1.000000
cosimo	0	1	7	0	1.000000
arranged	0	0	3	0	1.000000
specialised	0	0	12	0	1.000000
prehistoric	0	0	1	0	0.999999
xp	1	1	12	0	1.000000
fail	0	0	3	0	1.000000
adi	4	1	2	0	1.000000
steady	0	0	4	0	1.000000
necessaryto	0	0	1	0	0.999999
egyetem	0	1	1	0	0.999999
fire	0	0	12	0	1.000000
as	0	0	549	0	1.000000
ndf	2	0	1	0	0.999999
rae	4	0	1	0	0.999999
ain	2	0	255	0	1.000000
cze	4	0	1	0	0.999999
are	0	1	25	0	1.000000
rou	2	0	1	0	0.999999
ik	1	1	7	0	1.000000
presently	0	0	1	0	0.999999
hou	4	0	116	0	1.000000
cli	4	0	96	0	1.000000
pogrom	0	0	1	0	0.999999
su	3	1	259	0	1.000000
vic	4	0	10	0	1.000000
acropolises	0	0	1	0	0.999999
hospitality	0	0	2	0	1.000000
energy	0	0	10	0	1.000000
eastex	0	1	1	0	0.999999
timing	0	0	2	0	1.000000
ttn	2	1	1	0	0.999999
rammed	0	0	1	0	0.999999
cat	0	0	5	0	1.000000
sto	2	1	5	0	1.000000
ody	2	1	14	0	1.000000
wyite	0	0	1	0	0.999999
huts	0	0	1	0	0.999999
moriah	0	1	1	0	0.999999
lamb	0	1	1	0	0.999999
tes	4	1	16	0	1.000000
genesis	0	1	6	0	1.000000
skyplace	0	1	1	0	0.999999
tect	0	0	1	0	0.999999
xks	2	1	1	0	0.999999
albanian	0	1	1	0	0.999999
wrapping	0	0	2	0	1.000000
dual	0	0	1	0	0.999999
reading	0	1	3	0	1.000000
mancher	0	0	2	0	1.000000
ttail	0	0	1	0	0.999999
aho	2	0	1	0	0.999999
bangui	0	1	3	0	1.000000
austin	0	0	2	0	1.000000
permits	0	1	2	0	1.000000
fx	1	1	1	0	0.999999
natalie	0	0	1	0	0.999999
presidential	0	0	2	0	1.000000
nsa	4	0	1	0	0.999999
reliable	0	0	2	0	1.000000
coste	0	1	1	0	0.999999
bak	0	0	1	0	0.999999
dp	1	1	3	0	1.000000
vcs	0	0	2	0	1.000000
ki	3	1	76	0	1.000000
unfold	0	1	1	0	0.999999
kro	4	1	7	0	1.000000
operate	0	0	3	0	1.000000
tie	0	1	2	0	1.000000
cranberry	0	1	1	0	0.999999
tide	0	0	2	0	1.000000
near	0	1	10	0	1.000000
one	0	1	36	0	1.000000
gir	4	1	11	0	1.000000
corzine	0	1	1	0	0.999999
myspace	0	0	5	0	1.000000
needn	0	0	1	0	0.999999
exertion	0	0	1	0	0.999999
answering	0	1	1	0	0.999999
uni	0	1	1	0	0.999999
ifs	2	1	2	0	1.000000
french	0	1	6	0	1.000000
su	3	0	695	0	1.000000
ure	4	0	2	0	1.000000
gob	4	1	1	0	0.999999
tiny	0	1	1	0	0.999999
zolpidem	0	1	1	0	0.999999
purpose	0	1	5	0	1.000000
wiv	4	0	2	0	1.000000
vr	3	1	4	0	1.000000
tournaments	0	0	1	0	0.999999
spi	4	1	6	0	1.000000
committees	0	0	2	0	1.000000
expression	0	1	1	0	0.999999
computers	0	0	8	0	1.000000
ui	3	0	3	0	1.000000
screen	0	0	14	0	1.000000
allowed	0	0	13	0	1.000000
breath	0	0	2	0	1.000000
farm	0	1	6	0	1.000000
unowned	0	0	1	0	0.999999
likely	0	0	6	0	1.000000
ulu	2	1	2	0	1.000000
staring	0	0	1	0	0.999999
tbl	2	1	1	0	0.999999
comfy	0	0	1	0	0.999999
pth	2	0	12	0	1.000000
googlemaps	0	1	1	0	0.999999
ina	2	1	60	0	1.000000
ani	4	1	6	0	1.000000
fbaul	0	1	1	0	0.999999
spending	0	0	1	0	0.999999
jac	4	0	12	0	1.000000
yo	0	0	5	0	1.000000
jens	0	1	1	0	0.999999
illy	0	0	1	0	0.999999
uns	4	0	27	0	1.000000
infinite	0	1	1	0	0.999999
prova	0	0	1	0	0.999999
kal	2	1	1	0	0.999999
varying	0	0	3	0	1.000000
feeling	0	0	5	0	1.000000
ended	0	0	2	0	1.000000
warp	0	0	1	0	0.999999
implications	0	0	1	0	0.999999
faculty	0	1	1	0	0.999999
threat	0	0	1	0	0.999999
mrw	0	1	1	0	0.999999
euh	0	1	1	0	0.999999
robinson	0	1	1	0	0.999999
informatio	0	1	1	0	0.999999
media	0	1	33	0	1.000000
oe	0	1	2	0	1.000000
vinyl	0	0	1	0	0.999999
epiphone	0	0	18	0	1.000000
rek	2	1	1	0	0.999999
jaw	2	0	4	0	1.000000
tie	2	1	4	0	1.000000
lua	2	0	1	0	0.999999
izi	2	1	2	0	1.000000
qualifications	0	0	1	0	0.999999
conception	0	1	1	0	0.999999
pn	1	0	2	0	1.000000
belizenearly	0	1	1	0	0.999999
cecil	0	1	1	0	0.999999
ye	1	1	51	0	1.000000
need	0	1	10	0	1.000000
txt	2	1	1	0	0.999999
othersites	0	0	1	0	0.999999
adi	2	0	1	0	0.999999
quickly	0	0	12	0	1.000000
realeza	0	0	1	0	0.999999
fetch	0	0	1	0	0.999999
dia	2	0	41	0	1.000000
reaize	0	0	1	0	0.999999
featured	0	0	2	0	1.000000
glendale	0	1	1	0	0.999999
names	0	1	6	0	1.000000
as	1	0	1432	0	1.000000
kid	0	1	1	0	0.999999
madonna	0	1	1	0	0.999999
few	0	0	46	0	1.000000
watersheds	0	0	1	0	0.999999
african	0	1	7	0	1.000000
want	0	1	11	0	1.000000
imb	2	0	2	0	1.000000
yon	2	1	1	0	0.999999
nary	0	0	2	0	1.000000
presentation	0	1	2	0	1.000000
medley	0	0	2	0	1.000000
viking	0	1	1	0	0.999999
ripe	0	0	1	0	0.999999
frio	0	1	2	0	1.000000
trucj	0	0	1	0	0.999999
pug	4	1	1	0	0.999999
tos	2	1	10	0	1.000000
bhaill	0	0	1	0	0.999999
basins	0	1	1	0	0.999999
fatto	0	0	1	0	0.999999
boardfree	0	1	1	0	0.999999
br	2	0	4	0	1.000000
comcaribbean	0	1	1	0	0.999999
sigle	0	0	2	0	1.000000
yard	0	1	1	0	0.999999
lr	1	0	1	0	0.999999
criticized	0	0	2	0	1.000000
scoutbush	0	1	1	0	0.999999
socials	0	0	1	0	0.999999
regents	0	1	1	0	0.999999
kawasaki	0	0	4	0	1.000000
information	0	1	50	0	1.000000
advice	0	0	13	0	1.000000
gir	2	1	2	0	1.000000
uds	2	0	1	0	0.999999
science	0	0	5	0	1.000000
feral	0	1	3	0	1.000000
same	0	1	2	0	1.000000
buoys	0	0	1	0	0.999999
cant	0	0	8	0	1.000000
devotchkas	0	0	1	0	0.999999
our	0	0	173	0	1.000000
noon	0	0	1	0	0.999999
act	0	0	10	0	1.000000
ottoca	0	0	1	0	0.999999
ono	2	1	2	0	1.000000
overflow	0	1	2	0	1.000000
ntari	0	0	2	0	1.000000
maliban	0	1	1	0	0.999999
rya	4	0	1	0	0.999999
sgr	2	0	1	0	0.999999
faq	4	1	8	0	1.000000
hl	1	1	1	0	0.999999
apache	0	1	1	0	0.999999
noe	2	0	3	0	1.000000
aid	0	1	1	0	0.999999
ee	1	1	235	0	1.000000
scea	0	1	1	0	0.999999
oregon	0	1	2	0	1.000000
wellers	0	1	1	0	0.999999
fawcett	0	1	1	0	0.999999
irritated	0	0	1	0	0.999999
edinburgh	0	1	2	0	1.000000
remises	0	0	1	0	0.999999
specializationthe	0	1	1	0	0.999999
according	0	0	6	0	1.000000
yah	4	1	9	0	1.000000
avatars	0	1	1	0	0.999999
resource	0	1	5	0	1.000000
gliche	0	0	1	0	0.999999
distorted	0	0	1	0	0.999999
certain	0	0	12	0	1.000000
isz	2	1	1	0	0.999999
ia	1	0	150	0	1.000000
nursing	0	1	2	0	1.000000
throat	0	0	1	0	0.999999
offering	0	0	4	0	1.000000
grounds	0	0	8	0	1.000000
lnr	2	1	1	0	0.999999
ppayers	0	0	1	0	0.999999
engstrmgrden	0	1	1	0	0.999999
none	0	0	1	0	0.999999
su	2	1	2	0	1.000000
atlantis	0	1	1	0	0.999999
entirely	0	0	2	0	1.000000
escaping	0	0	2	0	1.000000
zd	3	1	1	0	0.999999
represent	0	0	4	0	1.000000
sip	4	0	2	0	1.000000
rune	0	1	1	0	0.999999
updates	0	1	1	0	0.999999
edutainment	0	0	1	0	0.999999
severe	0	0	1	0	0.999999
ui	1	1	7	0	1.000000
dislikes	0	0	1	0	0.999999
bajo	0	0	1	0	0.999999
albannach	0	1	1	0	0.999999
econimical	0	0	1	0	0.999999
structures	0	1	26	0	1.000000
profit	0	0	9	0	1.000000
midshipman	0	0	1	0	0.999999
deur	0	0	1	0	0.999999
bau	4	0	1	0	0.999999
confined	0	1	1	0	0.999999
discharged	0	0	1	0	0.999999
flowers	0	0	2	0	1.000000
drills	0	0	1	0	0.999999
bak	2	1	1	0	0.999999
manning	0	1	1	0	0.999999
saga	0	1	1	0	0.999999
yen	4	1	3	0	1.000000
ije	2	1	2	0	1.000000
prijs	0	0	2	0	1.000000
revealed	0	0	1	0	0.999999
want	0	0	89	0	1.000000
dirtbike	0	0	1	0	0.999999
tt	3	0	5	0	1.000000
oxe	4	1	1	0	0.999999
angolamap	0	1	1	0	0.999999
nia	2	0	9	0	1.000000
cpe	0	1	2	0	1.000000
jaw	4	0	4	0	1.000000
knowledgeable	0	0	2	0	1.000000
ets	2	1	49	0	1.000000
shop	0	1	12	0	1.000000
zem	4	1	1	0	0.999999
shitme	0	1	1	0	0.999999
damages	0	0	1	0	0.999999
attend	0	0	5	0	1.000000
sent	0	1	1	0	0.999999
gri	4	0	17	0	1.000000
mcr	4	1	1	0	0.999999
ink	0	0	2	0	1.000000
yo	1	0	5	0	1.000000
replicating	0	0	1	0	0.999999
ltimas	0	0	1	0	0.999999
canopy	0	0	4	0	1.000000
overheard	0	0	1	0	0.999999
aba	4	0	8	0	1.000000
essential	0	1	1	0	0.999999
hb	3	0	3	0	1.000000
wallpaper	0	1	1	0	0.999999
lived	0	0	3	0	1.000000
chamar	0	0	1	0	0.999999
advancement	0	0	1	0	0.999999
airily	0	0	1	0	0.999999
japan	0	1	4	0	1.000000
favor	0	0	2	0	1.000000
registrationin	0	1	1	0	0.999999
ood	4	1	2	0	1.000000
kul	4	0	2	0	1.000000
mastrubati	0	0	1	0	0.999999
amount	0	1	3	0	1.000000
monkeys	0	0	2	0	1.000000
timbers	0	1	1	0	0.999999
locker	0	0	1	0	0.999999
responsible	0	0	13	0	1.000000
dyestuff	0	0	1	0	0.999999
executing	0	0	2	0	1.000000
ai	1	1	28	0	1.000000
deviantart	0	1	8	0	1.000000
tie	0	0	2	0	1.000000
yst	2	0	1	0	0.999999
freack	0	0	1	0	0.999999
beta	0	1	2	0	1.000000
ans	2	0	86	0	1.000000
sa	3	1	194	0	1.000000
carnival	0	1	2	0	1.000000
ono	4	1	1	0	0.999999
canada	0	1	14	0	1.000000
sustained	0	0	2	0	1.000000
recordings	0	0	3	0	1.000000
gc	3	1	1	0	0.999999
dioxide	0	0	1	0	0.999999
twa	4	1	1	0	0.999999
ora	2	0	14	0	1.000000
shq	4	1	1	0	0.999999
tory	0	1	1	0	0.999999
csv	0	1	1	0	0.999999
ala	4	0	3	0	1.000000
debauchery	0	0	1	0	0.999999
eit	4	1	1	0	0.999999
wikti	0	1	1	0	0.999999
lecture	0	0	3	0	1.000000
documentation	0	1	3	0	1.000000
adi	4	0	4	0	1.000000
cunt	0	0	1	0	0.999999
gov	4	0	24	0	1.000000
hacks	0	1	2	0	1.000000
fire	0	1	9	0	1.000000
pn	3	0	4	0	1.000000
toenail	0	0	1	0	0.999999
inspect	0	0	1	0	0.999999
graphite	0	1	1	0	0.999999
pronta	0	0	1	0	0.999999
whatever	0	1	3	0	1.000000
tie	4	1	2	0	1.000000
ik	1	0	2	0	1.000000
eo	3	0	5	0	1.000000
tyron	0	1	1	0	0.999999
awaiting	0	0	3	0	1.000000
noo	4	0	2	0	1.000000
postfunction	0	1	6	0	1.000000
bic	2	1	4	0	1.000000
br	1	1	4	0	1.000000
ste	0	1	1	0	0.999999
floral	0	0	1	0	0.999999
sto	2	0	20	0	1.000000
ian	0	1	1	0	0.999999
as	2	0	549	0	1.000000
declaration	0	1	1	0	0.999999
feel	0	1	1	0	0.999999
yod	4	0	1	0	0.999999
usn	0	1	1	0	0.999999
tes	2	0	284	0	1.000000
tailight	0	0	2	0	1.000000
noah	0	1	2	0	1.000000
boredom	0	0	2	0	1.000000
staff	0	0	11	0	1.000000
ava	4	1	8	0	1.000000
thompson	0	1	1	0	0.999999
prolonged	0	0	1	0	0.999999
nyo	4	1	1	0	0.999999
aplix	0	1	2	0	1.000000
morocco	0	1	1	0	0.999999
lesson	0	0	3	0	1.000000
bougainvillea	0	0	1	0	0.999999
migration	0	0	5	0	1.000000
damsica	0	0	1	0	0.999999
appy	0	0	1	0	0.999999
obstacles	0	0	3	0	1.000000
wls	2	0	1	0	0.999999
sun	4	1	22	0	1.000000
programme	0	0	1	0	0.999999
njj	2	0	7	0	1.000000
dvr	0	1	1	0	0.999999
oo	3	1	2	0	1.000000
luk	4	1	1	0	0.999999
eur	2	1	1	0	0.999999
sweetecstasy	0	0	1	0	0.999999
gpu	2	1	1	0	0.999999
rao	4	0	1	0	0.999999
urneys	0	0	1	0	0.999999
gorgonian	0	1	1	0	0.999999
unions	0	0	1	0	0.999999
menus	0	0	3	0	1.000000
sent	0	0	10	0	1.000000
gonalo	0	1	1	0	0.999999
although	0	0	4	0	1.000000
est	2	0	469	0	1.000000
vapor	0	1	1	0	0.999999
bibliography	0	0	2	0	1.000000
awes	0	1	1	0	0.999999
ure	0	0	2	0	1.000000
dxf	2	1	5	0	1.000000
metropolitan	0	0	1	0	0.999999
ifi	2	0	1	0	0.999999
fem	4	0	12	0	1.000000
rtf	2	0	1	0	0.999999
leg	4	1	13	0	1.000000
log	0	1	16	0	1.000000
spirt	0	0	1	0	0.999999
french	0	0	5	0	1.000000
tanner	0	1	1	0	0.999999
purpose	0	0	19	0	1.000000
ohip	0	0	1	0	0.999999
stainess	0	0	1	0	0.999999
polar	0	1	2	0	1.000000
lasik	0	0	1	0	0.999999
utility	0	1	9	0	1.000000
founders	0	0	1	0	0.999999
declared	0	0	5	0	1.000000
kor	4	0	3	0	1.000000
maine	0	0	4	0	1.000000
mervury	0	0	1	0	0.999999
opposed	0	0	5	0	1.000000
wil	4	1	53	0	1.000000
tes	2	1	130	0	1.000000
pom	2	1	1	0	0.999999
nee	2	0	5	0	1.000000
nz	1	1	3	0	1.000000
unloads	0	1	3	0	1.000000
operational	0	0	1	0	0.999999
weight	0	1	2	0	1.000000
gaz	4	0	3	0	1.000000
anal	0	0	3	0	1.000000
mja	0	1	1	0	0.999999
georg	0	1	1	0	0.999999
distances	0	0	1	0	0.999999
microcontroller	0	1	1	0	0.999999
focuses	0	0	3	0	1.000000
qc	2	1	2	0	1.000000
ani	4	0	27	0	1.000000
flanagan	0	1	1	0	0.999999
spending	0	1	2	0	1.000000
z	0	1	26	0	1.000000
agf	4	1	1	0	0.999999
debating	0	0	1	0	0.999999
accreditation	0	0	6	0	1.000000
librariansand	0	0	2	0	1.000000
explains	0	0	1	0	0.999999
csv	2	1	1	0	0.999999
highlight	0	0	1	0	0.999999
quelque	0	0	1	0	0.999999
emp	0	1	2	0	1.000000
uns	4	1	37	0	1.000000
us	0	1	89	0	1.000000
aligned	0	0	1	0	0.999999
heath	0	0	3	0	1.000000
mesoamerican	0	1	1	0	0.999999
sun	0	0	6	0	1.000000
businessrockford	0	0	1	0	0.999999
sacher	0	0	1	0	0.999999
iet	2	0	19	0	1.000000
scorpions	0	1	1	0	0.999999
rek	2	0	1	0	0.999999
mieux	0	0	1	0	0.999999
screensavers	0	0	1	0	0.999999
us	2	1	89	0	1.000000
zn	0	1	1	0	0.999999
sapeva	0	0	1	0	0.999999
cinerama	0	0	1	0	0.999999
poc	4	0	3	0	1.000000
gm	0	0	1	0	0.999999
oe	1	1	9	0	1.000000
navigation	0	1	8	0	1.000000
triad	0	1	1	0	0.999999
ye	1	0	27	0	1.000000
df	3	1	2	0	1.000000
gc	0	1	7	0	1.000000
bank	0	1	200	0	1.000000
ads	2	1	25	0	1.000000
stick	0	0	8	0	1.000000
buk	0	0	2	0	1.000000
hade	0	0	2	0	1.000000
entre	0	0	3	0	1.000000
qc	1	1	2	0	1.000000
pers	0	0	5	0	1.000000
tube	0	0	6	0	1.000000
converter	0	1	2	0	1.000000
mack	0	1	1	0	0.999999
gc	1	1	8	0	1.000000
xp	2	1	8	0	1.000000
spunkm	0	1	1	0	0.999999
unsuspecting	0	0	1	0	0.999999
african	0	0	1	0	0.999999
mercedes	0	0	1	0	0.999999
thomasover	0	1	1	0	0.999999
topical	0	1	1	0	0.999999
installed	0	0	4	0	1.000000
assigned	0	0	2	0	1.000000
log	4	0	64	0	1.000000
dsk	2	1	1	0	0.999999
wat	0	1	2	0	1.000000
ducos	0	1	1	0	0.999999
peavey	0	0	1	0	0.999999
lashes	0	0	1	0	0.999999
boat	0	1	4	0	1.000000
specialised	0	1	1	0	0.999999
yo	3	1	549	0	1.000000
devil	0	0	1	0	0.999999
contents	0	0	4	0	1.000000
corrosion	0	1	2	0	1.000000
tos	0	0	1	0	0.999999
ida	2	1	6	0	1.000000
san	4	1	53	0	1.000000
leveling	0	1	5	0	1.000000
wall	0	0	7	0	1.000000
br	2	1	3	0	1.000000
abundancein	0	1	1	0	0.999999
uav	2	1	1	0	0.999999
smoking	0	0	3	0	1.000000
memorable	0	0	20	0	1.000000
unpredictable	0	0	2	0	1.000000
translate	0	0	3	0	1.000000
een	4	0	1	0	0.999999
shores	0	0	7	0	1.000000
tausch	0	0	1	0	0.999999
creek	0	1	15	0	1.000000
combat	0	1	1	0	0.999999
supplements	0	0	2	0	1.000000
advice	0	1	2	0	1.000000
artisan	0	0	1	0	0.999999
xhpterm	0	0	2	0	1.000000
resettlement	0	0	2	0	1.000000
nonjuring	0	0	1	0	0.999999
snu	4	0	1	0	0.999999
headliner	0	1	2	0	1.000000
kultkra	0	0	1	0	0.999999
multiple	0	0	8	0	1.000000
spin	0	1	1	0	0.999999
science	0	1	8	0	1.000000
oy	1	0	36	0	1.000000
handful	0	0	3	0	1.000000
numbers	0	0	4	0	1.000000
buoys	0	1	1	0	0.999999
peri	0	1	2	0	1.000000
pvp	0	1	2	0	1.000000
earth	0	0	6	0	1.000000
techmatic	0	1	1	0	0.999999
kimberlee	0	0	1	0	0.999999
eny	4	1	2	0	1.000000
formhelpful	0	1	1	0	0.999999
ofbelize	0	1	1	0	0.999999
confident	0	0	2	0	1.000000
compatriot	0	0	2	0	1.000000
tributary	0	0	1	0	0.999999
root	0	0	1	0	0.999999
they	0	0	183	0	1.000000
inland	0	0	11	0	1.000000
docks	0	0	2	0	1.000000
closelast	0	1	65	0	1.000000
repetitively	0	0	1	0	0.999999
dus	2	0	1	0	0.999999
sluggish	0	0	2	0	1.000000
blizzard	0	0	1	0	0.999999
rocky	0	0	3	0	1.000000
lever	0	0	1	0	0.999999
dvr	4	0	1	0	0.999999
cassidy	0	1	1	0	0.999999
digest	0	0	1	0	0.999999
kva	2	1	2	0	1.000000
exiting	0	0	3	0	1.000000
seminars	0	0	3	0	1.000000
ai	0	0	2	0	1.000000
organs	0	0	1	0	0.999999
gdrs	0	1	13	0	1.000000
ia	3	0	1	0	0.999999
set	0	0	58	0	1.000000
sensation	0	0	1	0	0.999999
rized	0	0	1	0	0.999999
gel	4	1	1	0	0.999999
according	0	1	2	0	1.000000
chinesedissertation	0	1	1	0	0.999999
accumulate	0	0	1	0	0.999999
thus	0	0	9	0	1.000000
ia	1	1	257	0	1.000000
gazing	0	0	1	0	0.999999
done	0	1	1	0	0.999999
hassle	0	0	3	0	1.000000
tiny	0	0	9	0	1.000000
expand	0	0	7	0	1.000000
wat	4	0	146	0	1.000000
riskespecially	0	0	1	0	0.999999
training	0	0	38	0	1.000000
gle	2	0	55	0	1.000000
jos	2	1	1	0	0.999999
tenho	0	0	2	0	1.000000
embassies	0	1	1	0	0.999999
flood	0	0	2	0	1.000000
thai	0	1	1	0	0.999999
factory	0	1	5	0	1.000000
birds	0	1	7	0	1.000000
layout	0	0	1	0	0.999999
jam	4	1	12	0	1.000000
valve	0	0	3	0	1.000000
collaborate	0	1	1	0	0.999999
cut	0	0	4	0	1.000000
bak	2	0	1	0	0.999999
oo	1	0	51	0	1.000000
guilty	0	0	3	0	1.000000
analytics	0	1	11	0	1.000000
px	2	0	34	0	1.000000
msicas	0	0	4	0	1.000000
settingsto	0	0	5	0	1.000000
mindfulness	0	0	1	0	0.999999
savannah	0	0	2	0	1.000000
corporation	0	0	2	0	1.000000
young	0	0	28	0	1.000000
oxe	4	0	2	0	1.000000
independent	0	1	4	0	1.000000
bailey	0	1	1	0	0.999999
langeland	0	1	2	0	1.000000
topics	0	0	1	0	0.999999
grandes	0	0	2	0	1.000000
speak	0	1	5	0	1.000000
odden	0	1	1	0	0.999999
ink	4	0	5	0	1.000000
siz	4	0	61	0	1.000000
pleasant	0	0	4	0	1.000000
buk	0	1	1	0	0.999999
gel	2	1	4	0	1.000000
money	0	1	7	0	1.000000
nava	0	1	1	0	0.999999
eddy	0	0	1	0	0.999999
hue	4	1	2	0	1.000000
shop	0	0	7	0	1.000000
isp	0	1	3	0	1.000000
pow	2	0	5	0	1.000000
pis	2	1	1	0	0.999999
extraordinary	0	0	4	0	1.000000
sa	0	1	1	0	0.999999
benque	0	1	1	0	0.999999
ood	2	1	55	0	1.000000
essential	0	0	4	0	1.000000
specialists	0	0	3	0	1.000000
wallpaper	0	0	3	0	1.000000
aba	4	1	1	0	0.999999
mtu	2	0	1	0	0.999999
shall	0	1	5	0	1.000000
endless	0	0	2	0	1.000000
blowing	0	0	1	0	0.999999
plus	0	0	15	0	1.000000
br	0	1	3	0	1.000000
btl	0	1	4	0	1.000000
set	0	1	14	0	1.000000
outras	0	0	3	0	1.000000
ost	4	1	1	0	0.999999
ultra	0	1	1	0	0.999999
our	2	0	983	0	1.000000
proceeding	0	0	1	0	0.999999
tradition	0	0	3	0	1.000000
rue	2	0	26	0	1.000000
tum	4	0	2	0	1.000000
into	0	0	107	0	1.000000
betty	0	1	5	0	1.000000
udi	2	1	1	0	0.999999
foc	4	0	13	0	1.000000
rich	0	0	10	0	1.000000
centersteel	0	1	1	0	0.999999
sigle	0	1	2	0	1.000000
samon	0	0	1	0	0.999999
udi	2	0	1	0	0.999999
sightseeing	0	0	3	0	1.000000
potter	0	1	2	0	1.000000
kid	4	0	20	0	1.000000
ost	0	0	2	0	1.000000
tuc	4	0	1	0	0.999999
br	3	0	220	0	1.000000
addoons	0	0	1	0	0.999999
incluir	0	0	1	0	0.999999
watersafe	0	0	1	0	0.999999
lim	4	1	8	0	1.000000
backup	0	1	6	0	1.000000
mments	0	0	1	0	0.999999
doo	4	1	15	0	1.000000
simpe	0	0	1	0	0.999999
skiped	0	0	1	0	0.999999
mg	3	1	3	0	1.000000
ula	2	1	3	0	1.000000
sud	4	1	2	0	1.000000
sanctuaries	0	1	1	0	0.999999
few	4	1	1	0	0.999999
mat	4	0	100	0	1.000000
mut	4	0	3	0	1.000000
rdv	2	1	1	0	0.999999
eon	2	0	1	0	0.999999
noisy	0	0	2	0	1.000000
blair	0	1	1	0	0.999999
sporting	0	1	1	0	0.999999
sna	4	0	9	0	1.000000
ye	2	0	1	0	0.999999
township	0	1	2	0	1.000000
woolly	0	0	1	0	0.999999
eo	3	1	1	0	0.999999
ihg	2	0	1	0	0.999999
usd	2	1	2	0	1.000000
jj	1	0	7	0	1.000000
prasildo	0	1	1	0	0.999999
arts	0	1	18	0	1.000000
authors	0	0	2	0	1.000000
kav	4	1	2	0	1.000000
hardcover	0	0	1	0	0.999999
ghi	2	1	1	0	0.999999
cpe	4	1	3	0	1.000000
validateemail	0	1	2	0	1.000000
exploits	0	0	1	0	0.999999
expel	0	0	1	0	0.999999
corporation	0	1	33	0	1.000000
ava	4	0	85	0	1.000000
uni	2	1	2	0	1.000000
isp	4	0	1	0	0.999999
punta	0	1	12	0	1.000000
pire	0	0	2	0	1.000000
paler	0	0	1	0	0.999999
staff	0	1	2	0	1.000000
tends	0	0	1	0	0.999999
promises	0	0	3	0	1.000000
long	0	1	4	0	1.000000
poc	4	1	1	0	0.999999
daughter	0	0	3	0	1.000000
same	0	0	55	0	1.000000
kla	4	1	1	0	0.999999
going	0	1	11	0	1.000000
thesite	0	1	1	0	0.999999
rosetta	0	1	6	0	1.000000
ubad	0	0	1	0	0.999999
licensors	0	0	16	0	1.000000
lh	1	1	1	0	0.999999
ather	0	0	1	0	0.999999
emptiness	0	0	2	0	1.000000
kor	4	1	8	0	1.000000
rln	2	0	1	0	0.999999
still	0	1	6	0	1.000000
pantry	0	0	1	0	0.999999
bambina	0	0	1	0	0.999999
ofm	4	1	1	0	0.999999
necks	0	0	1	0	0.999999
rhaps	0	1	1	0	0.999999
rue	4	1	2	0	1.000000
characters	0	1	1	0	0.999999
gbo	2	1	1	0	0.999999
tso	2	0	2	0	1.000000
alarge	0	0	1	0	0.999999
panned	0	1	1	0	0.999999
casinos	0	0	1	0	0.999999
gm	3	1	97	0	1.000000
ee	3	1	4	0	1.000000
planches	0	0	1	0	0.999999
turkish	0	1	1	0	0.999999
lua	4	0	1	0	0.999999
landfill	0	1	1	0	0.999999
nki	2	1	1	0	0.999999
haruko	0	1	1	0	0.999999
hv	3	1	6	0	1.000000
raise	0	0	6	0	1.000000
evil	0	1	2	0	1.000000
turret	0	1	1	0	0.999999
bout	0	0	2	0	1.000000
denny	0	1	1	0	0.999999
trucks	0	1	2	0	1.000000
thraidisinta	0	0	1	0	0.999999
rb	1	0	4	0	1.000000
tac	2	1	1	0	0.999999
rig	4	1	89	0	1.000000
jos	4	0	1	0	0.999999
vcs	2	0	2	0	1.000000
ora	4	0	5	0	1.000000
health	0	0	22	0	1.000000
fuckin	0	0	1	0	0.999999
bic	4	0	4	0	1.000000
oon	2	1	14	0	1.000000
farming	0	1	5	0	1.000000
pelo	0	0	1	0	0.999999
search	0	0	36	0	1.000000
faq	0	1	7	0	1.000000
trophy	0	1	1	0	0.999999
tree	0	0	19	0	1.000000
masista	0	0	1	0	0.999999
sovereign	0	0	2	0	1.000000
tes	4	0	49	0	1.000000
ips	2	0	83	0	1.000000
set	4	1	38	0	1.000000
z	0	0	18	0	1.000000
migrant	0	0	4	0	1.000000
dwg	2	1	4	0	1.000000
lawson	0	0	1	0	0.999999
meetings	0	1	1	0	0.999999
persistentcookies	0	1	1	0	0.999999
mop	4	1	4	0	1.000000
seela	0	0	1	0	0.999999
baraka	0	1	1	0	0.999999
nks	2	1	41	0	1.000000
wall	0	1	6	0	1.000000
bog	4	1	1	0	0.999999
itaian	0	1	1	0	0.999999
xus	2	1	1	0	0.999999
ourweb	0	1	2	0	1.000000
eed	2	0	126	0	1.000000
heath	0	1	3	0	1.000000
nai	4	1	1	0	0.999999
vms	2	0	4	0	1.000000
ceneter	0	1	1	0	0.999999
scholls	0	0	1	0	0.999999
ye	0	1	1	0	0.999999
loop	0	0	4	0	1.000000
harrison	0	1	3	0	1.000000
hou	2	1	1	0	0.999999
expains	0	0	1	0	0.999999
gm	0	1	1	0	0.999999
kid	2	0	5	0	1.000000
dickinson	0	1	1	0	0.999999
weary	0	0	1	0	0.999999
df	3	0	5	0	1.000000
ye	2	1	1	0	0.999999
degree	0	1	2	0	1.000000
live	0	0	24	0	1.000000
lau	4	0	21	0	1.000000
nus	2	1	12	0	1.000000
ads	2	0	39	0	1.000000
nsa	2	0	2	0	1.000000
cg	3	0	1	0	0.999999
bank	0	0	11	0	1.000000
emf	0	1	1	0	0.999999
converter	0	0	1	0	0.999999
painfully	0	1	1	0	0.999999
grab	0	0	1	0	0.999999
meneghini	0	1	1	0	0.999999
cat	2	0	5	0	1.000000
sk	2	0	1	0	0.999999
interexcontributed	0	1	2	0	1.000000
heart	0	1	7	0	1.000000
civ	4	0	20	0	1.000000
sa	1	1	31	0	1.000000
yo	2	1	1	0	0.999999
tt	1	1	35	0	1.000000
sbw	0	0	1	0	0.999999
oar	2	0	6	0	1.000000
mbs	2	1	1	0	0.999999
ntt	2	0	1	0	0.999999
log	4	1	26	0	1.000000
loch	0	1	1	0	0.999999
blizard	0	0	1	0	0.999999
sexes	0	0	1	0	0.999999
msgs	0	0	1	0	0.999999
contents	0	1	1	0	0.999999
est	0	0	15	0	1.000000
boat	0	0	19	0	1.000000
su	1	1	18	0	1.000000
ney	4	0	2	0	1.000000
ida	2	0	18	0	1.000000
confederate	0	1	1	0	0.999999
dia	4	1	21	0	1.000000
pom	4	1	31	0	1.000000
aul	2	0	2	0	1.000000
cpen	0	1	1	0	0.999999
pem	2	0	2	0	1.000000
indulged	0	0	1	0	0.999999
call	0	1	7	0	1.000000
razpisih	0	0	1	0	0.999999
lgo	2	0	1	0	0.999999
louca	0	0	1	0	0.999999
soline	0	1	1	0	0.999999
smoking	0	1	1	0	0.999999
eur	0	1	1	0	0.999999
ets	2	0	88	0	1.000000
crw	4	0	1	0	0.999999
melody	0	0	1	0	0.999999
sunday	0	1	5	0	1.000000
yed	2	1	4	0	1.000000
combat	0	0	2	0	1.000000
interfaces	0	0	2	0	1.000000
first	0	1	26	0	1.000000
arise	0	0	1	0	0.999999
vsc	2	1	1	0	0.999999
pspadrive	0	1	1	0	0.999999
ygl	4	1	1	0	0.999999
are	4	1	42	0	1.000000
carrie	0	1	1	0	0.999999
plastic	0	1	3	0	1.000000
hanford	0	1	1	0	0.999999
pvp	0	0	3	0	1.000000
seated	0	0	1	0	0.999999
alk	2	0	27	0	1.000000
oy	1	1	17	0	1.000000
mandane	0	1	1	0	0.999999
ede	2	0	5	0	1.000000
they	0	1	33	0	1.000000
earth	0	1	9	0	1.000000
zn	3	1	1	0	0.999999
hydrographic	0	1	1	0	0.999999
networking	0	0	3	0	1.000000
commonly	0	0	3	0	1.000000
protected	0	1	2	0	1.000000
cassidy	0	0	2	0	1.000000
entry	0	0	25	0	1.000000
radar	0	0	6	0	1.000000
dvr	4	1	1	0	0.999999
vr	1	1	1	0	0.999999
enrico	0	1	3	0	1.000000
ai	0	1	2	0	1.000000
ciclipideach	0	1	1	0	0.999999
reynolds	0	1	1	0	0.999999
collection	0	0	22	0	1.000000
few	2	0	46	0	1.000000
dsu	4	1	3	0	1.000000
balcony	0	0	3	0	1.000000
abu	4	0	13	0	1.000000
caso	0	0	1	0	0.999999
western	0	1	11	0	1.000000
asn	2	0	13	0	1.000000
usepersonally	0	0	1	0	0.999999
skeletons	0	0	1	0	0.999999
exe	2	1	1	0	0.999999
nents	0	0	1	0	0.999999
broadcasts	0	0	1	0	0.999999
inte	0	0	2	0	1.000000
pec	4	1	2	0	1.000000
training	0	1	8	0	1.000000
dye	4	1	16	0	1.000000
ckt	4	0	1	0	0.999999
sif	2	1	2	0	1.000000
yellow	0	1	3	0	1.000000
roa	4	0	20	0	1.000000
ork	2	1	260	0	1.000000
reloaded	0	0	1	0	0.999999
gle	2	1	16	0	1.000000
sears	0	1	1	0	0.999999
ker	4	1	3	0	1.000000
woody	0	0	1	0	0.999999
responsibility	0	0	11	0	1.000000
factory	0	0	1	0	0.999999
alu	4	0	6	0	1.000000
nee	0	0	1	0	0.999999
generating	0	0	2	0	1.000000
beaute	0	1	1	0	0.999999
layout	0	1	3	0	1.000000
structures	0	0	15	0	1.000000
unexpectedly	0	0	1	0	0.999999
thicket	0	1	2	0	1.000000
een	0	0	1	0	0.999999
reputable	0	0	2	0	1.000000
professionals	0	0	3	0	1.000000
farmig	0	0	1	0	0.999999
blgesel	0	1	1	0	0.999999
secrecy	0	0	2	0	1.000000
valve	0	1	1	0	0.999999
gives	0	1	13	0	1.000000
oen	2	1	1	0	0.999999
italic	0	0	2	0	1.000000
demands	0	0	3	0	1.000000
agony	0	0	1	0	0.999999
yar	4	0	5	0	1.000000
san	0	0	11	0	1.000000
ual	2	1	28	0	1.000000
viewer	0	0	5	0	1.000000
omnivores	0	0	1	0	0.999999
dooce	0	1	1	0	0.999999
interia	0	0	1	0	0.999999
edy	2	1	1	0	0.999999
librarian	0	0	1	0	0.999999
mpe	4	1	1	0	0.999999
jam	2	1	4	0	1.000000
ure	2	0	318	0	1.000000
money	0	0	25	0	1.000000
ibm	4	0	2	0	1.000000
ink	4	1	16	0	1.000000
mating	0	1	3	0	1.000000
ain	4	1	1	0	0.999999
f	0	0	214	0	1.000000
permanent	0	0	3	0	1.000000
wherethe	0	0	1	0	0.999999
cut	4	0	19	0	1.000000
obama	0	0	2	0	1.000000
troubling	0	0	1	0	0.999999
yy	1	1	2	0	1.000000
log	2	1	97	0	1.000000
gpress	0	1	1	0	0.999999
rea	4	1	79	0	1.000000
uba	2	0	3	0	1.000000
attacking	0	0	2	0	1.000000
opening	0	0	7	0	1.000000
xp	0	0	2	0	1.000000
ulk	2	0	2	0	1.000000
xia	4	1	2	0	1.000000
plus	0	1	6	0	1.000000
depuis	0	0	2	0	1.000000
dp	3	0	2	0	1.000000
gpu	4	1	1	0	0.999999
ray	4	0	9	0	1.000000
immobiliari	0	0	1	0	0.999999
buk	4	1	1	0	0.999999
maine	0	1	2	0	1.000000
formerly	0	1	2	0	1.000000
quest	0	0	1	0	0.999999
ost	2	1	60	0	1.000000
francea	0	1	1	0	0.999999
horses	0	0	2	0	1.000000
fwy	0	1	2	0	1.000000
emerald	0	0	1	0	0.999999
beg	4	0	55	0	1.000000
respective	0	0	8	0	1.000000
cardboard	0	0	3	0	1.000000
knifes	0	1	1	0	0.999999
palin	0	1	2	0	1.000000
senate	0	1	3	0	1.000000
nginxconnection	0	1	1	0	0.999999
greedy	0	0	1	0	0.999999
df	1	0	7	0	1.000000
creatures	0	0	2	0	1.000000
textron	0	0	1	0	0.999999
understanding	0	0	13	0	1.000000
wat	2	1	4	0	1.000000
kid	4	1	9	0	1.000000
ye	3	0	206	0	1.000000
yde	2	1	3	0	1.000000
doo	4	0	25	0	1.000000
br	3	1	137	0	1.000000
ula	2	0	4	0	1.000000
lak	4	0	9	0	1.000000
xp	1	0	2	0	1.000000
sud	4	0	7	0	1.000000
relocation	0	1	2	0	1.000000
ony	2	1	8	0	1.000000
iu	3	1	1	0	0.999999
andcopper	0	1	1	0	0.999999
read	0	1	11	0	1.000000
shocking	0	0	1	0	0.999999
as	0	1	68	0	1.000000
igh	2	0	39	0	1.000000
actiontec	0	0	1	0	0.999999
bright	0	0	5	0	1.000000
think	0	0	30	0	1.000000
mut	4	1	3	0	1.000000
ks	2	0	1	0	0.999999
faller	0	0	1	0	0.999999
xoo	4	1	1	0	0.999999
geb	4	0	1	0	0.999999
overcome	0	0	1	0	0.999999
supports	0	0	9	0	1.000000
mammals	0	0	1	0	0.999999
trans	0	1	2	0	1.000000
jum	4	1	3	0	1.000000
aready	0	0	1	0	0.999999
ferry	0	0	1	0	0.999999
reflected	0	0	1	0	0.999999
syria	0	1	1	0	0.999999
ody	2	0	29	0	1.000000
vette	0	0	1	0	0.999999
dia	0	1	1	0	0.999999
sk	2	1	3	0	1.000000
ofc	4	0	1	0	0.999999
beat	0	0	2	0	1.000000
unlike	0	1	2	0	1.000000
wikipdia	0	1	2	0	1.000000
kab	0	0	1	0	0.999999
vua	4	0	2	0	1.000000
bohol	0	1	1	0	0.999999
bargain	0	0	2	0	1.000000
fx	2	0	1	0	0.999999
ogld	0	0	1	0	0.999999
ebulio	0	0	1	0	0.999999
coolerator	0	1	1	0	0.999999
airports	0	0	4	0	1.000000
austin	0	1	4	0	1.000000
long	0	0	65	0	1.000000
axi	2	0	5	0	1.000000
arguments	0	0	5	0	1.000000
beauty	0	0	2	0	1.000000
adorn	0	0	1	0	0.999999
individually	0	0	3	0	1.000000
repacement	0	1	1	0	0.999999
nf	1	1	2	0	1.000000
vau	4	1	1	0	0.999999
still	0	0	47	0	1.000000
watched	0	0	1	0	0.999999
ssp	2	1	1	0	0.999999
ey	1	0	271	0	1.000000
anyone	0	0	20	0	1.000000
contribution	0	0	2	0	1.000000
ikd	2	0	1	0	0.999999
spurious	0	0	1	0	0.999999
asn	4	0	1	0	0.999999
honda	0	0	3	0	1.000000
fis	4	1	12	0	1.000000
aimed	0	0	1	0	0.999999
ki	3	0	122	0	1.000000
dz	3	1	1	0	0.999999
uro	2	1	3	0	1.000000
pis	4	0	8	0	1.000000
hoax	0	1	1	0	0.999999
ouagadougou	0	1	1	0	0.999999
arefreshing	0	0	1	0	0.999999
characters	0	0	23	0	1.000000
gm	3	0	2	0	1.000000
aro	2	1	2	0	1.000000
poppytalk	0	1	1	0	0.999999
office	0	1	46	0	1.000000
stairway	0	1	2	0	1.000000
upcoming	0	0	1	0	0.999999
ahe	4	0	6	0	1.000000
lua	0	0	1	0	0.999999
prisoner	0	1	1	0	0.999999
calculator	0	0	1	0	0.999999
tree	0	1	13	0	1.000000
operations	0	0	8	0	1.000000
dyo	2	1	1	0	0.999999
unromantic	0	0	1	0	0.999999
engineered	0	1	2	0	1.000000
ripit	0	1	3	0	1.000000
brooklyn	0	1	2	0	1.000000
rv	1	0	1	0	0.999999
nsk	2	1	2	0	1.000000
taking	0	1	2	0	1.000000
hardcore	0	0	3	0	1.000000
rb	1	1	3	0	1.000000
medicine	0	1	1	0	0.999999
glo	4	1	44	0	1.000000
rtf	0	0	1	0	0.999999
filmes	0	0	1	0	0.999999
nonno	0	0	2	0	1.000000
jos	4	1	6	0	1.000000
colombia	0	1	2	0	1.000000
motivation	0	0	2	0	1.000000
strip	0	0	2	0	1.000000
releases	0	0	7	0	1.000000
joi	4	0	23	0	1.000000
ite	4	1	5	0	1.000000
typical	0	0	6	0	1.000000
df	1	1	9	0	1.000000
search	0	1	32	0	1.000000
dwg	0	1	4	0	1.000000
transfers	0	0	5	0	1.000000
road	0	0	12	0	1.000000
slovaque	0	0	1	0	0.999999
quiet	0	1	1	0	0.999999
jes	4	0	3	0	1.000000
tum	2	1	1	0	0.999999
wg	3	0	1	0	0.999999
gly	2	0	13	0	1.000000
sais	0	0	6	0	1.000000
fingers	0	0	3	0	1.000000
ppay	0	0	1	0	0.999999
ava	2	0	2	0	1.000000
een	2	1	42	0	1.000000
joi	4	1	6	0	1.000000
passar	0	0	2	0	1.000000
receba	0	1	1	0	0.999999
grs	4	0	1	0	0.999999
ambiti	0	0	1	0	0.999999
stuff	0	0	15	0	1.000000
realignment	0	0	1	0	0.999999
wodzisbaw	0	1	1	0	0.999999
kin	4	0	59	0	1.000000
meetings	0	0	3	0	1.000000
faculty	0	0	3	0	1.000000
superst	0	0	1	0	0.999999
dvr	2	0	1	0	0.999999
mbi	4	0	2	0	1.000000
flashing	0	0	1	0	0.999999
tos	4	0	3	0	1.000000
nai	4	0	7	0	1.000000
nagwekar	0	1	1	0	0.999999
ciutat	0	0	1	0	0.999999
nas	2	0	5	0	1.000000
photoshop	0	0	1	0	0.999999
survery	0	0	1	0	0.999999
pd	1	1	4	0	1.000000
izi	2	0	1	0	0.999999
exit	0	0	5	0	1.000000
dai	4	0	18	0	1.000000
infant	0	0	1	0	0.999999
eit	4	0	22	0	1.000000
ear	4	1	21	0	1.000000
doylestown	0	1	1	0	0.999999
plz	4	1	1	0	0.999999
solemnity	0	0	1	0	0.999999
live	0	1	22	0	1.000000
applying	0	0	4	0	1.000000
us	2	0	82	0	1.000000
pd	2	1	1	0	0.999999
acting	0	0	5	0	1.000000
kern	0	1	1	0	0.999999
simply	0	1	3	0	1.000000
mil	2	0	1	0	0.999999
gymraeg	0	1	1	0	0.999999
dhl	0	1	1	0	0.999999
pool	0	0	4	0	1.000000
dus	4	0	1	0	0.999999
simply	0	0	13	0	1.000000
eur	4	1	58	0	1.000000
star	0	1	2	0	1.000000
bonsoir	0	1	1	0	0.999999
dangerous	0	0	3	0	1.000000
books	0	0	26	0	1.000000
roa	4	1	15	0	1.000000
club	0	0	6	0	1.000000
sa	1	0	50	0	1.000000
cat	2	1	13	0	1.000000
entreated	0	0	1	0	0.999999
skyrocketed	0	0	1	0	0.999999
colony	0	0	8	0	1.000000
txt	4	1	1	0	0.999999
hea	2	0	1	0	0.999999
mikaki	0	1	1	0	0.999999
ene	4	1	1	0	0.999999
hats	0	1	1	0	0.999999
ende	0	1	2	0	1.000000
therapeutic	0	0	2	0	1.000000
su	1	0	2	0	1.000000
traktorservice	0	1	1	0	0.999999
township	0	0	1	0	0.999999
oen	4	1	2	0	1.000000
nina	0	1	1	0	0.999999
laneways	0	0	1	0	0.999999
bydragen	0	0	1	0	0.999999
pom	4	0	2	0	1.000000
recordings	0	1	3	0	1.000000
uer	2	0	8	0	1.000000
moustachio	0	0	1	0	0.999999
eno	2	0	1	0	0.999999
temos	0	1	1	0	0.999999
deadspin	0	1	1	0	0.999999
call	0	0	15	0	1.000000
hea	4	1	57	0	1.000000
geek	0	1	1	0	0.999999
requiring	0	0	1	0	0.999999
simonis	0	0	1	0	0.999999
courtin	0	1	1	0	0.999999
nightmares	0	0	1	0	0.999999
enables	0	1	1	0	0.999999
reyes	0	1	1	0	0.999999
station	0	1	1	0	0.999999
prosperous	0	0	1	0	0.999999
first	0	0	107	0	1.000000
gw	1	0	2	0	1.000000
fahrenheit	0	1	1	0	0.999999
noy	2	0	3	0	1.000000
localizada	0	0	1	0	0.999999
dhl	2	1	1	0	0.999999
snowblower	0	0	1	0	0.999999
cpe	2	1	2	0	1.000000
san	2	0	28	0	1.000000
hoa	4	1	1	0	0.999999
fn	3	0	1	0	0.999999
greetings	0	1	1	0	0.999999
bella	0	0	1	0	0.999999
yen	2	1	1	0	0.999999
billed	0	0	5	0	1.000000
danni	0	1	1	0	0.999999
thepower	0	0	1	0	0.999999
nye	0	0	3	0	1.000000
chipset	0	0	1	0	0.999999
ee	1	0	395	0	1.000000
ruddy	0	1	1	0	0.999999
desktop	0	1	1	0	0.999999
harder	0	0	1	0	0.999999
thoroddsen	0	1	1	0	0.999999
ito	2	1	3	0	1.000000
thigh	0	0	2	0	1.000000
rld	2	0	170	0	1.000000
aid	2	1	7	0	1.000000
gehrig	0	1	1	0	0.999999
fem	4	1	12	0	1.000000
realestate	0	1	1	0	0.999999
sell	0	0	18	0	1.000000
few	2	1	2	0	1.000000
abu	4	1	7	0	1.000000
swamp	0	0	1	0	0.999999
arabic	0	1	3	0	1.000000
exterminated	0	0	1	0	0.999999
nursing	0	0	3	0	1.000000
hl	3	1	1	0	0.999999
sad	4	0	4	0	1.000000
clipboard	0	1	1	0	0.999999
act	2	1	68	0	1.000000
dye	4	0	3	0	1.000000
ono	2	0	2	0	1.000000
none	0	1	1	0	0.999999
est	4	1	51	0	1.000000
lloro	0	1	1	0	0.999999
unanimemente	0	0	1	0	0.999999
surfboard	0	0	1	0	0.999999
veg	4	1	3	0	1.000000
valentina	0	1	1	0	0.999999
fairchild	0	1	2	0	1.000000
gol	4	0	66	0	1.000000
ker	4	0	1	0	0.999999
pier	0	0	3	0	1.000000
mrw	4	1	1	0	0.999999
bunk	0	0	1	0	0.999999
selling	0	0	22	0	1.000000
rightoer	0	1	1	0	0.999999
idu	2	1	1	0	0.999999
francesca	0	1	3	0	1.000000
river	0	0	9	0	1.000000
knows	0	0	3	0	1.000000
kathayans	0	1	1	0	0.999999
mayall	0	1	1	0	0.999999
voyages	0	1	1	0	0.999999
hiver	0	0	1	0	0.999999
oo	1	1	25	0	1.000000
ito	4	0	2	0	1.000000
civ	4	1	16	0	1.000000
ordering	0	0	1	0	0.999999
fheasgair	0	1	1	0	0.999999
buk	2	1	1	0	0.999999
dee	2	0	1	0	0.999999
savers	0	1	2	0	1.000000
lightning	0	0	1	0	0.999999
viewer	0	1	2	0	1.000000
rke	2	1	10	0	1.000000
ads	0	1	6	0	1.000000
grows	0	0	1	0	0.999999
vsc	4	1	1	0	0.999999
exposed	0	0	3	0	1.000000
edy	2	0	4	0	1.000000
deformation	0	1	1	0	0.999999
pew	4	1	1	0	0.999999
mpe	4	0	4	0	1.000000
lucero	0	1	1	0	0.999999
femme	0	1	2	0	1.000000
blackhat	0	0	1	0	0.999999
ryk	2	1	1	0	0.999999
carstensen	0	1	1	0	0.999999
updates	0	0	7	0	1.000000
moscovo	0	1	1	0	0.999999
again	0	0	40	0	1.000000
mating	0	0	6	0	1.000000
bak	4	1	4	0	1.000000
uds	4	0	1	0	0.999999
details	0	1	6	0	1.000000
ouverts	0	1	11	0	1.000000
bedroom	0	0	3	0	1.000000
act	4	0	108	0	1.000000
caj	4	1	1	0	0.999999
handle	0	1	1	0	0.999999
pd	3	1	9	0	1.000000
ary	4	1	1	0	0.999999
discoveries	0	0	1	0	0.999999
fanned	0	0	1	0	0.999999
eny	2	1	1	0	0.999999
opening	0	1	1	0	0.999999
atkins	0	0	2	0	1.000000
polar	0	0	1	0	0.999999
tt	0	0	1	0	0.999999
buk	4	0	2	0	1.000000
beside	0	0	1	0	0.999999
dxf	0	1	5	0	1.000000
yne	2	1	2	0	1.000000
das	4	0	9	0	1.000000
safari	0	0	1	0	0.999999
experience	0	1	2	0	1.000000
contraindications	0	1	1	0	0.999999
cut	2	0	4	0	1.000000
us	0	0	82	0	1.000000
euh	4	1	1	0	0.999999
handy	0	1	1	0	0.999999
rea	2	1	18	0	1.000000
zn	2	1	1	0	0.999999
facilitated	0	0	2	0	1.000000
usd	0	1	2	0	1.000000
pag	4	0	113	0	1.000000
gir	0	0	1	0	0.999999
sa	3	0	435	0	1.000000
beg	4	1	3	0	1.000000
suddenly	0	1	1	0	0.999999
rl	1	0	13	0	1.000000
retrieve	0	0	1	0	0.999999
isual	0	0	1	0	0.999999
ink	2	1	31	0	1.000000
gc	3	0	1	0	0.999999
ina	4	1	2	0	1.000000
runescape	0	1	3	0	1.000000
temporarily	0	0	2	0	1.000000
ey	3	1	6	0	1.000000
skaggs	0	1	1	0	0.999999
tube	0	1	1	0	0.999999
lms	2	0	2	0	1.000000
oxy	4	0	1	0	0.999999
fired	0	0	1	0	0.999999
esie	0	0	1	0	0.999999
caravan	0	0	1	0	0.999999
frozen	0	0	2	0	1.000000
reserveblue	0	1	1	0	0.999999
unavailable	0	1	1	0	0.999999
requests	0	0	5	0	1.000000
legally	0	0	1	0	0.999999
rld	2	1	90	0	1.000000
one	2	1	117	0	1.000000
owners	0	0	5	0	1.000000
eah	2	0	2	0	1.000000
incorporated	0	0	4	0	1.000000
late	0	0	5	0	1.000000
iowa	0	0	1	0	0.999999
gardens	0	0	4	0	1.000000
articulate	0	0	1	0	0.999999
cat	4	1	70	0	1.000000
summoned	0	0	1	0	0.999999
ecotourism	0	0	1	0	0.999999
xp	2	0	2	0	1.000000
photoshop	0	1	4	0	1.000000
guillermo	0	0	8	0	1.000000
ala	4	1	7	0	1.000000
installar	0	0	1	0	0.999999
ai	2	0	2	0	1.000000
charactersrare	0	1	1	0	0.999999
esclareciments	0	0	1	0	0.999999
san	4	0	61	0	1.000000
kind	0	0	26	0	1.000000
dataset	0	0	2	0	1.000000
channels	0	0	4	0	1.000000
jamis	0	0	1	0	0.999999
su	0	0	2	0	1.000000
bic	2	0	4	0	1.000000
assistant	0	1	2	0	1.000000
sand	0	0	4	0	1.000000
cameras	0	0	2	0	1.000000
mensa	0	1	1	0	0.999999
ibm	2	0	2	0	1.000000
configured	0	0	8	0	1.000000
as	2	1	68	0	1.000000
ida	4	1	6	0	1.000000
configuration	0	0	6	0	1.000000
symmes	0	1	2	0	1.000000
nations	0	0	22	0	1.000000
exy	2	1	5	0	1.000000
ivw	4	1	1	0	0.999999
ofc	4	1	1	0	0.999999
exhaust	0	1	1	0	0.999999
kni	4	1	6	0	1.000000
ffitings	0	0	1	0	0.999999
culminate	0	0	1	0	0.999999
euh	2	1	1	0	0.999999
coffeeqst	0	0	1	0	0.999999
disappeared	0	0	2	0	1.000000
sense	0	0	9	0	1.000000
floating	0	0	2	0	1.000000
fastened	0	0	1	0	0.999999
birds	0	0	52	0	1.000000
emp	2	1	23	0	1.000000
pd	0	1	1	0	0.999999
divertissement	0	1	1	0	0.999999
sty	4	1	3	0	1.000000
aboutthe	0	1	1	0	0.999999
ian	4	1	1	0	0.999999
punching	0	0	1	0	0.999999
tac	4	0	10	0	1.000000
projet	0	0	3	0	1.000000
university	0	0	13	0	1.000000
fx	1	0	1	0	0.999999
fis	4	0	71	0	1.000000
beg	2	0	1	0	0.999999
fx	0	0	1	0	0.999999
organizations	0	0	7	0	1.000000
pruitt	0	1	1	0	0.999999
honda	0	1	1	0	0.999999
gm	2	0	1	0	0.999999
although	0	1	14	0	1.000000
ain	2	1	68	0	1.000000
editors	0	1	3	0	1.000000
rou	2	1	1	0	0.999999
bertrand	0	1	1	0	0.999999
aba	2	1	2	0	1.000000
rue	4	0	12	0	1.000000
welding	0	1	1	0	0.999999
hou	4	1	18	0	1.000000
luna	0	1	2	0	1.000000
feliciano	0	1	1	0	0.999999
topics	0	1	14	0	1.000000
vic	4	1	10	0	1.000000
holland	0	1	1	0	0.999999
adi	0	1	1	0	0.999999
omp	2	1	1	0	0.999999
toenable	0	0	1	0	0.999999
pvp	2	0	3	0	1.000000
hay	4	1	3	0	1.000000
grind	0	0	1	0	0.999999
oxen	0	0	2	0	1.000000
matador	0	0	1	0	0.999999
baet	0	1	1	0	0.999999
glo	4	0	24	0	1.000000
ear	2	0	219	0	1.000000
utility	0	0	3	0	1.000000
taking	0	0	7	0	1.000000
oah	2	1	2	0	1.000000
southern	0	1	7	0	1.000000
medicine	0	0	4	0	1.000000
sna	2	1	1	0	0.999999
godl	0	0	1	0	0.999999
ans	4	1	6	0	1.000000
consequently	0	1	2	0	1.000000
seagate	0	1	3	0	1.000000
ite	4	0	26	0	1.000000
ambien	0	1	1	0	0.999999
sponsorship	0	0	1	0	0.999999
hydrologic	0	1	4	0	1.000000
arts	0	0	8	0	1.000000
ecstatically	0	0	1	0	0.999999
perpendicular	0	0	1	0	0.999999
natalie	0	1	2	0	1.000000
praying	0	0	2	0	1.000000
label	0	0	3	0	1.000000
suis	0	0	4	0	1.000000
lally	0	1	1	0	0.999999
hospital	0	1	4	0	1.000000
stadlardan	0	0	1	0	0.999999
measure	0	0	1	0	0.999999
sizing	0	0	6	0	1.000000
een	2	0	281	0	1.000000
euphemos	0	1	1	0	0.999999
raon	0	0	1	0	0.999999
birdsfrom	0	0	1	0	0.999999
fencing	0	0	1	0	0.999999
agf	4	0	2	0	1.000000
ava	2	1	18	0	1.000000
ilustrar	0	0	1	0	0.999999
appealed	0	0	1	0	0.999999
jewels	0	0	2	0	1.000000
nia	4	0	1	0	0.999999
distinct	0	0	1	0	0.999999
near	0	0	30	0	1.000000
wesleyan	0	1	1	0	0.999999
realignment	0	1	1	0	0.999999
myspace	0	1	4	0	1.000000
flashing	0	1	1	0	0.999999
nas	4	1	3	0	1.000000
erk	2	0	1	0	0.999999
chance	0	1	1	0	0.999999
uct	2	1	6	0	1.000000
triumphed	0	0	1	0	0.999999
glint	0	0	1	0	0.999999
cop	4	1	18	0	1.000000
aid	4	0	5	0	1.000000
unforgettable	0	0	2	0	1.000000
eolas	0	0	5	0	1.000000
reptiles	0	0	1	0	0.999999
vms	0	0	4	0	1.000000
ear	4	0	43	0	1.000000
iwld	0	0	1	0	0.999999
p	0	0	53	0	1.000000
sun	2	1	9	0	1.000000
orcontests	0	0	1	0	0.999999
usn	4	1	1	0	0.999999
edo	2	0	2	0	1.000000
cuisine	0	0	1	0	0.999999
hopi	0	0	1	0	0.999999
moz	4	1	8	0	1.000000
atrophied	0	0	1	0	0.999999
ani	2	1	6	0	1.000000
eur	4	0	5	0	1.000000
london	0	0	1	0	0.999999
ene	2	1	7	0	1.000000
theindividual	0	0	5	0	1.000000
wheels	0	1	2	0	1.000000
anaya	0	0	1	0	0.999999
depositary	0	0	5	0	1.000000
gc	1	0	2	0	1.000000
framework	0	1	1	0	0.999999
club	0	1	9	0	1.000000
litter	0	1	1	0	0.999999
aren	0	0	1	0	0.999999
means	0	0	28	0	1.000000
dangerous	0	1	2	0	1.000000
case	0	1	2	0	1.000000
shrlby	0	0	1	0	0.999999
fondation	0	0	1	0	0.999999
existence	0	0	2	0	1.000000
colony	0	1	1	0	0.999999
head	0	0	22	0	1.000000
skins	0	0	2	0	1.000000
egrets	0	0	3	0	1.000000
sa	2	1	1	0	0.999999
intense	0	0	5	0	1.000000
partridge	0	1	1	0	0.999999
mtu	4	0	1	0	0.999999
excerpted	0	0	1	0	0.999999
asis	0	0	1	0	0.999999
naumc	0	0	1	0	0.999999
dai	2	1	2	0	1.000000
jac	4	1	12	0	1.000000
aid	2	0	67	0	1.000000
lge	2	1	10	0	1.000000
eit	2	1	4	0	1.000000
convenzioni	0	0	1	0	0.999999
infinite	0	0	1	0	0.999999
revel	0	0	1	0	0.999999
sk	3	1	12	0	1.000000
servicesqualified	0	1	1	0	0.999999
dz	1	1	2	0	1.000000
aircraft	0	0	12	0	1.000000
internets	0	1	1	0	0.999999
rosenqvist	0	1	1	0	0.999999
tio	2	0	3	0	1.000000
vinyl	0	1	2	0	1.000000
mat	2	1	9	0	1.000000
recommend	0	0	3	0	1.000000
nsfer	0	0	2	0	1.000000
vh	3	1	2	0	1.000000
blazer	0	1	25	0	1.000000
dey	2	1	1	0	0.999999
station	0	0	3	0	1.000000
releases	0	1	2	0	1.000000
settlers	0	0	2	0	1.000000
yra	2	1	1	0	0.999999
are	4	0	765	0	1.000000
parle	0	0	2	0	1.000000
adaptability	0	0	1	0	0.999999
emai	0	0	1	0	0.999999
survivor	0	0	2	0	1.000000
multiple	0	1	1	0	0.999999
px	0	0	34	0	1.000000
fth	2	0	6	0	1.000000
adi	2	1	4	0	1.000000
investments	0	0	1	0	0.999999
noy	2	1	1	0	0.999999
stambub	0	1	1	0	0.999999
vim	4	1	1	0	0.999999
inland	0	1	2	0	1.000000
momentum	0	0	1	0	0.999999
px	1	0	36	0	1.000000
murmur	0	0	1	0	0.999999
few	0	1	1	0	0.999999
dui	2	1	2	0	1.000000
imb	2	1	1	0	0.999999
patron	0	0	2	0	1.000000
exe	4	0	16	0	1.000000
mpo	2	0	5	0	1.000000
carnahan	0	1	1	0	0.999999
sty	2	0	3	0	1.000000
tied	0	0	5	0	1.000000
ks	0	0	1	0	0.999999
thumbnail	0	0	2	0	1.000000
belizethe	0	1	1	0	0.999999
flownovember	0	1	2	0	1.000000
dye	0	0	2	0	1.000000
tbl	0	1	1	0	0.999999
choke	0	0	1	0	0.999999
sk	1	0	47	0	1.000000
parted	0	0	1	0	0.999999
hl	3	0	2	0	1.000000
glovers	0	1	1	0	0.999999
under	0	1	8	0	1.000000
killing	0	0	1	0	0.999999
ranges	0	0	1	0	0.999999
overflow	0	0	3	0	1.000000
pampered	0	0	1	0	0.999999
delivered	0	0	5	0	1.000000
migratory	0	1	1	0	0.999999
specs	0	1	1	0	0.999999
est	4	0	84	0	1.000000
specially	0	0	1	0	0.999999
teller	0	0	1	0	0.999999
wrap	0	0	3	0	1.000000
kab	2	0	1	0	0.999999
sashimi	0	0	1	0	0.999999
txt	0	1	1	0	0.999999
pier	0	1	2	0	1.000000
proximo	0	1	2	0	1.000000
exclusive	0	0	17	0	1.000000
gol	4	1	99	0	1.000000
ee	2	1	4	0	1.000000
textbook	0	1	1	0	0.999999
fivetemples	0	0	1	0	0.999999
vietnam	0	1	1	0	0.999999
dissensions	0	0	1	0	0.999999
our	0	1	35	0	1.000000
selling	0	1	10	0	1.000000
turned	0	0	9	0	1.000000
act	0	1	18	0	1.000000
jam	4	0	5	0	1.000000
submittals	0	0	3	0	1.000000
bikini	0	1	1	0	0.999999
our	4	0	187	0	1.000000
eti	2	1	1	0	0.999999
office	0	0	13	0	1.000000
collect	0	0	13	0	1.000000
wild	0	0	19	0	1.000000
unwary	0	0	1	0	0.999999
smother	0	0	1	0	0.999999
mez	2	1	1	0	0.999999
ads	0	0	15	0	1.000000
savannah	0	1	2	0	1.000000
mez	2	0	1	0	0.999999
physx	0	0	1	0	0.999999
are	2	1	75	0	1.000000
nee	4	0	126	0	1.000000
alternated	0	0	1	0	0.999999
independent	0	0	2	0	1.000000
lynch	0	0	2	0	1.000000
speak	0	0	35	0	1.000000
shanghaithe	0	1	1	0	0.999999
ips	4	0	1	0	0.999999
gel	2	0	3	0	1.000000
spin	0	0	2	0	1.000000
ofc	2	1	1	0	0.999999
resource	0	0	13	0	1.000000
wng	2	0	1	0	0.999999
upg	4	0	4	0	1.000000
dee	4	0	22	0	1.000000
yarborough	0	1	3	0	1.000000
rv	2	0	1	0	0.999999
details	0	0	14	0	1.000000
moviesblack	0	0	1	0	0.999999
ear	0	0	1	0	0.999999
showed	0	0	6	0	1.000000
plz	2	1	1	0	0.999999
pd	3	0	6	0	1.000000
waist	0	0	1	0	0.999999
bottle	0	0	2	0	1.000000
mpe	2	0	1	0	0.999999
act	4	1	38	0	1.000000
eny	2	0	2	0	1.000000
nickel	0	0	1	0	0.999999
marshal	0	0	1	0	0.999999
shall	0	0	24	0	1.000000
klu	4	0	3	0	1.000000
das	2	1	3	0	1.000000
directed	0	0	5	0	1.000000
xp	0	1	8	0	1.000000
nest	0	1	1	0	0.999999
tt	1	0	11	0	1.000000
tens	0	0	1	0	0.999999
sip	2	0	2	0	1.000000
handy	0	0	4	0	1.000000
experience	0	0	57	0	1.000000
gold	0	1	82	0	1.000000
publisher	0	0	2	0	1.000000
into	0	1	3	0	1.000000
select	0	1	4	0	1.000000
meets	0	0	1	0	0.999999
andreas	0	0	2	0	1.000000
dxf	4	1	6	0	1.000000
mja	2	1	1	0	0.999999
excellent	0	0	22	0	1.000000
emeritus	0	0	1	0	0.999999
stronger	0	0	1	0	0.999999
mackay	0	1	2	0	1.000000
ury	2	1	47	0	1.000000
lesotho	0	1	1	0	0.999999
pag	4	1	40	0	1.000000
us	3	0	550	0	1.000000
rok	2	1	2	0	1.000000
gamesin	0	0	2	0	1.000000
suddenly	0	0	3	0	1.000000
ina	4	0	7	0	1.000000
bayonet	0	0	1	0	0.999999
accompagnent	0	0	2	0	1.000000
ourusers	0	0	4	0	1.000000
preschoolerstuesday	0	1	4	0	1.000000
chuckwagon	0	1	1	0	0.999999
chamber	0	0	4	0	1.000000
ring	0	1	5	0	1.000000
customs	0	0	7	0	1.000000
toolpaths	0	0	1	0	0.999999
tos	4	1	1	0	0.999999
congress	0	1	4	0	1.000000
gm	1	0	1	0	0.999999
qc	3	1	3	0	1.000000
wilfredo	0	1	1	0	0.999999
dataresource	0	1	1	0	0.999999
dsa	4	1	1	0	0.999999
isode	0	0	1	0	0.999999
marched	0	0	1	0	0.999999
diesel	0	0	1	0	0.999999
precisam	0	0	1	0	0.999999
rsq	4	0	17	0	1.000000
render	0	0	5	0	1.000000
ai	2	1	2	0	1.000000
emp	4	0	43	0	1.000000
tam	2	1	12	0	1.000000
edmunds	0	1	4	0	1.000000
pizzeria	0	1	2	0	1.000000
sand	0	1	2	0	1.000000
tei	4	0	1	0	0.999999
ads	4	1	8	0	1.000000
wings	0	1	1	0	0.999999
sidewalk	0	0	1	0	0.999999
cancer	0	0	7	0	1.000000
sporting	0	0	1	0	0.999999
documents	0	0	23	0	1.000000
esse	0	0	1	0	0.999999
rmc	0	0	1	0	0.999999
guest	0	0	27	0	1.000000
flipped	0	0	1	0	0.999999
rae	2	0	1	0	0.999999
rmc	2	0	1	0	0.999999
herbert	0	1	1	0	0.999999
postprocessor	0	1	1	0	0.999999
ans	2	1	50	0	1.000000
our	4	1	37	0	1.000000
plummet	0	0	1	0	0.999999
iun	2	0	1	0	0.999999
ray	0	1	4	0	1.000000
su	2	0	2	0	1.000000
miniature	0	0	3	0	1.000000
ots	4	1	2	0	1.000000
reviewsrepair	0	1	1	0	0.999999
pow	0	0	5	0	1.000000
shq	2	1	1	0	0.999999
doubt	0	0	4	0	1.000000
join	0	0	13	0	1.000000
eo	1	0	37	0	1.000000
permits	0	0	3	0	1.000000
rosetta	0	0	2	0	1.000000
nationwide	0	0	1	0	0.999999
ghi	4	1	1	0	0.999999
ladder	0	0	1	0	0.999999
assaulted	0	0	1	0	0.999999
proclaimed	0	0	1	0	0.999999
hallelujah	0	1	1	0	0.999999
gospel	0	1	1	0	0.999999
gov	4	1	19	0	1.000000
inappropiate	0	1	1	0	0.999999
nai	2	1	11	0	1.000000
diese	0	0	1	0	0.999999
pom	0	1	1	0	0.999999
pn	3	1	2	0	1.000000
gm	2	1	1	0	0.999999
gates	0	1	2	0	1.000000
kro	4	0	1	0	0.999999
inspect	0	1	1	0	0.999999
collaborate	0	0	3	0	1.000000
excellence	0	0	1	0	0.999999
stopping	0	0	1	0	0.999999
aho	4	0	1	0	0.999999
aba	2	0	1	0	0.999999
increased	0	0	6	0	1.000000
ode	2	1	12	0	1.000000
one	0	0	255	0	1.000000
marysville	0	1	1	0	0.999999
ee	3	0	3	0	1.000000
pvp	2	1	2	0	1.000000
healthier	0	0	1	0	0.999999
shelling	0	0	1	0	0.999999
ost	4	0	3	0	1.000000
calibration	0	1	1	0	0.999999
unban	0	0	1	0	0.999999
few	4	0	47	0	1.000000
oublie	0	0	2	0	1.000000
guida	0	1	1	0	0.999999
ony	2	0	34	0	1.000000
sk	0	0	1	0	0.999999
barrios	0	1	1	0	0.999999
pping	0	0	1	0	0.999999
nuukol	0	0	1	0	0.999999
uds	2	1	1	0	0.999999
afg	4	1	1	0	0.999999
sbw	2	0	1	0	0.999999
facets	0	0	1	0	0.999999
starbucks	0	1	2	0	1.000000
thompson	0	0	1	0	0.999999
oon	2	0	31	0	1.000000
ans	4	0	18	0	1.000000
conas	0	0	1	0	0.999999
one	4	0	270	0	1.000000
summaries	0	0	1	0	0.999999
emailing	0	0	1	0	0.999999
trucks	0	0	4	0	1.000000
screen	0	1	6	0	1.000000
deo	2	1	24	0	1.000000
dear	0	1	4	0	1.000000
activation	0	0	4	0	1.000000
hydrologic	0	0	2	0	1.000000
gpu	0	1	1	0	0.999999
mg	0	0	5	0	1.000000
blackfin	0	1	1	0	0.999999
identifies	0	0	1	0	0.999999
makedonski	0	1	1	0	0.999999
trenton	0	0	1	0	0.999999
conceived	0	0	1	0	0.999999
rtf	4	0	1	0	0.999999
oen	2	0	1	0	0.999999
hospital	0	0	4	0	1.000000
mainly	0	1	1	0	0.999999
quiet	0	0	6	0	1.000000
minnesota	0	1	11	0	1.000000
zec	4	1	1	0	0.999999
ui	1	0	12	0	1.000000
states	0	0	5	0	1.000000
july	0	0	1	0	0.999999
enemy	0	0	5	0	1.000000
lms	4	1	1	0	0.999999
lily	0	0	2	0	1.000000
gri	0	0	1	0	0.999999
comfort	0	1	1	0	0.999999
bog	4	0	1	0	0.999999
nas	4	0	4	0	1.000000
stairway	0	0	3	0	1.000000
deserts	0	0	1	0	0.999999
erk	2	1	1	0	0.999999
suggest	0	1	1	0	0.999999
chance	0	0	8	0	1.000000
nappy	0	0	2	0	1.000000
as	3	1	94	0	1.000000
molnr	0	1	1	0	0.999999
specialists	0	1	1	0	0.999999
intersections	0	0	1	0	0.999999
p	0	1	62	0	1.000000
uns	2	0	9	0	1.000000
fortaleza	0	0	1	0	0.999999
ode	0	0	1	0	0.999999
prisoner	0	0	3	0	1.000000
ani	2	0	1	0	0.999999
aer	2	1	2	0	1.000000
gle	4	0	5	0	1.000000
london	0	1	13	0	1.000000
edo	2	1	11	0	1.000000
afghanistan	0	1	1	0	0.999999
kind	0	1	3	0	1.000000
bog	0	1	1	0	0.999999
international	0	1	12	0	1.000000
laif	0	1	1	0	0.999999
rtremoval	0	1	1	0	0.999999
yar	4	1	5	0	1.000000
bilateral	0	0	1	0	0.999999
csv	4	1	1	0	0.999999
uniform	0	0	1	0	0.999999
nee	2	1	4	0	1.000000
wheels	0	0	5	0	1.000000
minimum	0	0	1	0	0.999999
warmly	0	0	1	0	0.999999
creaturesn	0	1	1	0	0.999999
gaz	4	1	5	0	1.000000
lic	4	0	50	0	1.000000
names	0	0	14	0	1.000000
case	0	0	34	0	1.000000
rgi	4	1	2	0	1.000000
shoals	0	1	1	0	0.999999
lbt	2	1	1	0	0.999999
amos	0	0	1	0	0.999999
yon	2	0	3	0	1.000000
simple	0	1	2	0	1.000000
mbs	2	0	4	0	1.000000
ai	3	0	81	0	1.000000
wg	1	1	4	0	1.000000
darex	0	0	1	0	0.999999
capable	0	0	11	0	1.000000
ney	2	1	29	0	1.000000
lge	2	0	3	0	1.000000
weigh	0	0	1	0	0.999999
uba	4	1	1	0	0.999999
dia	4	0	34	0	1.000000
appreciate	0	0	5	0	1.000000
train	0	0	4	0	1.000000
diet	0	0	11	0	1.000000
ffered	0	0	1	0	0.999999
proffesional	0	0	1	0	0.999999
iet	2	1	18	0	1.000000
mat	2	0	13	0	1.000000
turns	0	0	6	0	1.000000
usd	4	1	2	0	1.000000
stamped	0	0	1	0	0.999999
sty	2	1	2	0	1.000000
horizontal	0	0	1	0	0.999999
blazer	0	0	1	0	0.999999
sip	0	0	1	0	0.999999
era	2	1	9	0	1.000000
yst	2	1	1	0	0.999999
information	0	0	270	0	1.000000
touched	0	0	1	0	0.999999
gir	2	0	2	0	1.000000
servicewecommunicate	0	1	1	0	0.999999
italian	0	1	12	0	1.000000
feral	0	0	1	0	0.999999
plastic	0	0	12	0	1.000000
forehead	0	0	1	0	0.999999
trips	0	0	5	0	1.000000
customer	0	1	5	0	1.000000
ivw	0	1	1	0	0.999999
noon	0	1	1	0	0.999999
jamaican	0	1	1	0	0.999999
poly	0	1	1	0	0.999999
zem	4	0	1	0	0.999999
tightest	0	0	1	0	0.999999
preparati	0	0	1	0	0.999999
waltz	0	1	1	0	0.999999
beat	0	1	1	0	0.999999
fatty	0	0	1	0	0.999999
hacks	0	0	1	0	0.999999
sps	2	1	1	0	0.999999
autodesk	0	1	2	0	1.000000
informatique	0	1	1	0	0.999999
solving	0	0	3	0	1.000000
gw	1	1	2	0	1.000000
mil	4	1	27	0	1.000000
tentativa	0	0	1	0	0.999999
ks	0	1	15	0	1.000000
collection	0	1	5	0	1.000000
poochareon	0	1	1	0	0.999999
cierra	0	0	1	0	0.999999
tracks	0	0	3	0	1.000000
western	0	0	4	0	1.000000
providers	0	1	1	0	0.999999
colour	0	0	6	0	1.000000
cannery	0	0	1	0	0.999999
oox	2	0	4	0	1.000000
dwg	4	1	5	0	1.000000
bau	4	1	1	0	0.999999
indexing	0	0	2	0	1.000000
tj	1	0	1	0	0.999999
radical	0	0	3	0	1.000000
ste	2	1	23	0	1.000000
offering	0	1	2	0	1.000000
oo	3	0	4	0	1.000000
expose	0	1	1	0	0.999999
precaution	0	0	2	0	1.000000
wrap	0	1	1	0	0.999999
gc	2	1	7	0	1.000000
understanding	0	1	2	0	1.000000
fluid	0	1	1	0	0.999999
bellevue	0	1	2	0	1.000000
giveawayrights	0	1	1	0	0.999999
leaves	0	0	5	0	1.000000
ways	0	0	18	0	1.000000
yourvisit	0	0	1	0	0.999999
dui	4	1	4	0	1.000000
looks	0	0	11	0	1.000000
jesuit	0	1	1	0	0.999999
kimberlee	0	1	1	0	0.999999
chinesechina	0	1	1	0	0.999999
handicraft	0	1	1	0	0.999999
plans	0	1	3	0	1.000000
quest	0	1	4	0	1.000000
hopin	0	1	1	0	0.999999
strippers	0	1	1	0	0.999999
kal	4	1	5	0	1.000000
bubble	0	0	3	0	1.000000
iu	1	1	2	0	1.000000
gives	0	0	9	0	1.000000
ink	2	0	97	0	1.000000
mil	0	0	1	0	0.999999
graae	0	1	1	0	0.999999
are	2	0	891	0	1.000000
vr	3	0	10	0	1.000000
espacio	0	0	1	0	0.999999
pec	4	0	2	0	1.000000
lakeland	0	1	4	0	1.000000
dads	0	1	1	0	0.999999
ngw	2	0	2	0	1.000000
uni	4	1	136	0	1.000000
adsthey	0	1	1	0	0.999999
ulu	2	0	3	0	1.000000
ia	3	1	1	0	0.999999
typical	0	1	1	0	0.999999
ain	4	0	5	0	1.000000
seoul	0	1	3	0	1.000000
slightly	0	0	4	0	1.000000
dee	4	1	5	0	1.000000
survival	0	0	3	0	1.000000
done	0	0	26	0	1.000000
gamepay	0	0	1	0	0.999999
makingmillions	0	0	1	0	0.999999
administration	0	0	6	0	1.000000
tac	0	1	1	0	0.999999
das	2	0	11	0	1.000000
kin	2	1	7	0	1.000000
restrict	0	0	2	0	1.000000
marshal	0	1	1	0	0.999999
opictures	0	0	1	0	0.999999
wild	0	1	17	0	1.000000
unchanging	0	0	1	0	0.999999
settlementspease	0	1	1	0	0.999999
occassionally	0	0	1	0	0.999999
assessment	0	1	2	0	1.000000
barter	0	0	1	0	0.999999
hamilton	0	1	3	0	1.000000
gold	0	0	59	0	1.000000
