request	0	1	5	0	1.000000
az	3	1	7	0	1.000000
com	2	0	170	0	1.000000
el	2	0	6	0	1.000000
whie	0	0	1	0	0.999999
hominum	0	0	1	0	0.999999
native	0	1	1	0	0.999999
pan	4	0	22	0	1.000000
tourists	0	0	2	0	1.000000
reh	4	1	2	0	1.000000
doing	0	0	33	0	1.000000
part	0	1	12	0	1.000000
mii	0	0	3	0	1.000000
software	0	0	69	0	1.000000
kia	2	0	1	0	0.999999
oxl	4	1	11	0	1.000000
atributos	0	0	1	0	0.999999
eae	0	0	1	0	0.999999
ppi	2	1	3	0	1.000000
box	2	0	86	0	1.000000
intercasino	0	1	1	0	0.999999
chair	0	0	4	0	1.000000
ffs	2	1	17	0	1.000000
saa	2	0	1	0	0.999999
makes	0	1	2	0	1.000000
opt	0	0	15	0	1.000000
viewers	0	1	1	0	0.999999
metaic	0	1	1	0	0.999999
rosettastone	0	0	1	0	0.999999
heh	2	1	1	0	0.999999
mis	2	0	4	0	1.000000
toolbar	0	0	2	0	1.000000
roms	0	0	1	0	0.999999
pacific	0	1	3	0	1.000000
akhbar	0	1	1	0	0.999999
ol	1	1	82	0	1.000000
burn	0	1	1	0	0.999999
nly	2	0	200	0	1.000000
usa	0	1	8	0	1.000000
af	3	0	117	0	1.000000
top	0	1	38	0	1.000000
pan	4	1	15	0	1.000000
corrections	0	1	1	0	0.999999
colocar	0	0	1	0	0.999999
deek	0	1	1	0	0.999999
halloween	0	1	1	0	0.999999
uee	2	0	1	0	0.999999
healthcare	0	0	3	0	1.000000
by	1	0	1227	0	1.000000
clans	0	1	1	0	0.999999
swamps	0	0	1	0	0.999999
ceol	0	0	1	0	0.999999
treatmentand	0	1	1	0	0.999999
licensed	0	1	2	0	1.000000
her	4	0	296	0	1.000000
oksana	0	0	1	0	0.999999
pindarick	0	1	1	0	0.999999
rho	4	1	1	0	0.999999
fireside	0	0	1	0	0.999999
negro	0	0	1	0	0.999999
modules	0	0	1	0	0.999999
be	1	0	630	0	1.000000
umetnost	0	1	1	0	0.999999
recollecting	0	1	1	0	0.999999
wn	3	0	5	0	1.000000
melhor	0	1	1	0	0.999999
relatively	0	0	2	0	1.000000
bra	4	0	37	0	1.000000
bit	2	0	39	0	1.000000
waterways	0	1	3	0	1.000000
by	2	0	1203	0	1.000000
usu	4	0	29	0	1.000000
consider	0	0	2	0	1.000000
flc	4	1	2	0	1.000000
viens	0	0	1	0	0.999999
xyb	4	1	2	0	1.000000
verse	0	0	1	0	0.999999
spectacular	0	0	4	0	1.000000
about	0	1	46	0	1.000000
mentionned	0	0	2	0	1.000000
nm	2	1	1	0	0.999999
cyc	4	0	7	0	1.000000
guitars	0	0	1	0	0.999999
curation	0	0	2	0	1.000000
nowplays	0	0	1	0	0.999999
mme	2	1	3	0	1.000000
kinda	0	1	1	0	0.999999
reader	0	0	3	0	1.000000
resonator	0	0	1	0	0.999999
craigslist	0	1	40	0	1.000000
jackson	0	1	3	0	1.000000
box	4	1	2	0	1.000000
ourlists	0	0	1	0	0.999999
aidan	0	0	2	0	1.000000
gos	4	0	7	0	1.000000
israeli	0	1	2	0	1.000000
el	3	0	117	0	1.000000
mayas	0	1	2	0	1.000000
wii	2	0	1	0	0.999999
tinting	0	0	1	0	0.999999
bpm	0	0	1	0	0.999999
pains	0	0	1	0	0.999999
youth	0	0	2	0	1.000000
ehh	2	1	1	0	0.999999
mesh	0	0	2	0	1.000000
scal	0	0	1	0	0.999999
spiffy	0	0	1	0	0.999999
deputy	0	0	1	0	0.999999
eko	2	0	1	0	0.999999
contribute	0	0	6	0	1.000000
til	2	0	28	0	1.000000
before	0	0	79	0	1.000000
pcb	0	1	5	0	1.000000
clear	0	0	16	0	1.000000
att	2	1	4	0	1.000000
rub	2	0	1	0	0.999999
ov	3	0	123	0	1.000000
spans	0	0	1	0	0.999999
extinct	0	0	1	0	0.999999
dropping	0	0	3	0	1.000000
juveniles	0	0	1	0	0.999999
akron	0	0	2	0	1.000000
tables	0	0	1	0	0.999999
abr	0	0	1	0	0.999999
bonspiels	0	0	1	0	0.999999
installations	0	0	3	0	1.000000
wow	4	1	85	0	1.000000
mirror	0	0	3	0	1.000000
fan	2	1	1	0	0.999999
rni	4	0	3	0	1.000000
recal	0	0	1	0	0.999999
damned	0	1	1	0	0.999999
registrar	0	1	1	0	0.999999
oww	2	0	2	0	1.000000
diabetes	0	0	2	0	1.000000
ruined	0	0	2	0	1.000000
cx	1	1	16	0	1.000000
onv	2	1	1	0	0.999999
lyn	2	0	1	0	0.999999
lamorinda	0	1	1	0	0.999999
invitation	0	0	3	0	1.000000
continua	0	0	3	0	1.000000
rescue	0	1	3	0	1.000000
mem	4	0	69	0	1.000000
unlimited	0	1	1	0	0.999999
karnatakasettlement	0	1	1	0	0.999999
compiled	0	1	2	0	1.000000
salle	0	1	1	0	0.999999
lti	2	1	2	0	1.000000
congrats	0	1	1	0	0.999999
upd	4	1	18	0	1.000000
enters	0	0	1	0	0.999999
instituted	0	0	1	0	0.999999
komele	0	1	1	0	0.999999
confirmed	0	0	2	0	1.000000
tambm	0	0	1	0	0.999999
goal	0	0	4	0	1.000000
cataloging	0	0	2	0	1.000000
bed	4	0	14	0	1.000000
bo	3	1	285	0	1.000000
lon	2	0	4	0	1.000000
taj	4	1	1	0	0.999999
faire	0	0	2	0	1.000000
env	4	1	16	0	1.000000
majority	0	1	2	0	1.000000
placed	0	0	4	0	1.000000
software	0	1	8	0	1.000000
unaware	0	0	3	0	1.000000
cis	4	0	1	0	0.999999
bha	4	0	2	0	1.000000
swi	4	1	8	0	1.000000
expressed	0	0	1	0	0.999999
statusbar	0	0	2	0	1.000000
yb	3	0	1	0	0.999999
clerk	0	1	1	0	0.999999
utterance	0	0	3	0	1.000000
realm	0	0	4	0	1.000000
cata	0	1	1	0	0.999999
len	2	1	8	0	1.000000
abroad	0	0	3	0	1.000000
bmp	2	1	6	0	1.000000
imi	2	0	2	0	1.000000
maintainedtrails	0	0	1	0	0.999999
del	4	0	63	0	1.000000
gnt	2	1	2	0	1.000000
tof	2	0	3	0	1.000000
lambert	0	1	1	0	0.999999
eke	2	0	1	0	0.999999
stifled	0	0	1	0	0.999999
hundreds	0	1	2	0	1.000000
jabiru	0	0	2	0	1.000000
lar	4	0	162	0	1.000000
youcan	0	0	1	0	0.999999
questi	0	0	1	0	0.999999
cornstarch	0	1	1	0	0.999999
zip	0	1	4	0	1.000000
source	0	0	14	0	1.000000
nap	2	0	2	0	1.000000
xbo	0	0	1	0	0.999999
respected	0	0	1	0	0.999999
podemos	0	0	1	0	0.999999
cd	0	1	13	0	1.000000
el	3	1	28	0	1.000000
warc	0	1	20	0	1.000000
algo	0	0	1	0	0.999999
marc	0	1	2	0	1.000000
xyl	4	0	1	0	0.999999
akron	0	1	1	0	0.999999
rin	4	1	9	0	1.000000
mnd	4	0	1	0	0.999999
vores	0	0	1	0	0.999999
canceled	0	0	1	0	0.999999
key	4	0	42	0	1.000000
notable	0	0	1	0	0.999999
tep	2	1	23	0	1.000000
course	0	1	18	0	1.000000
pumpkins	0	0	1	0	0.999999
articular	0	0	1	0	0.999999
speed	0	1	4	0	1.000000
peso	0	1	1	0	0.999999
mug	4	1	2	0	1.000000
lo	0	1	3	0	1.000000
optimum	0	0	1	0	0.999999
draft	0	1	4	0	1.000000
seating	0	1	1	0	0.999999
expressar	0	0	1	0	0.999999
reggio	0	0	1	0	0.999999
sau	2	1	1	0	0.999999
ih	3	0	1	0	0.999999
keny	0	1	1	0	0.999999
ripples	0	0	1	0	0.999999
essay	0	1	1	0	0.999999
trustees	0	1	1	0	0.999999
proprio	0	0	1	0	0.999999
ppi	2	0	1	0	0.999999
dm	3	1	4	0	1.000000
carefully	0	1	1	0	0.999999
hab	4	0	14	0	1.000000
fund	0	0	5	0	1.000000
glue	0	0	2	0	1.000000
refreshing	0	0	6	0	1.000000
church	0	1	3	0	1.000000
starry	0	0	1	0	0.999999
divided	0	0	5	0	1.000000
austria	0	1	2	0	1.000000
drafting	0	1	1	0	0.999999
her	0	1	8	0	1.000000
annoy	0	0	2	0	1.000000
ashland	0	1	1	0	0.999999
daula	0	0	1	0	0.999999
unlocked	0	0	1	0	0.999999
words	0	1	1	0	0.999999
apelo	0	0	1	0	0.999999
thoroughly	0	0	3	0	1.000000
upload	0	0	4	0	1.000000
maintain	0	0	17	0	1.000000
ecw	2	1	88	0	1.000000
usa	4	0	18	0	1.000000
rs	0	1	2	0	1.000000
distance	0	1	1	0	0.999999
purposes	0	0	14	0	1.000000
hedge	0	1	22	0	1.000000
ici	0	0	2	0	1.000000
anadvertising	0	0	1	0	0.999999
ev	3	0	298	0	1.000000
requesting	0	0	2	0	1.000000
violence	0	1	5	0	1.000000
sua	0	0	4	0	1.000000
wonkette	0	1	1	0	0.999999
drs	0	1	47	0	1.000000
tceq	0	1	2	0	1.000000
scimeanna	0	0	1	0	0.999999
md	3	0	4	0	1.000000
gt	0	0	95	0	1.000000
denied	0	0	1	0	0.999999
homebrew	0	1	3	0	1.000000
cco	2	0	1	0	0.999999
nm	3	1	1	0	0.999999
gaza	0	1	2	0	1.000000
church	0	0	3	0	1.000000
led	4	1	2	0	1.000000
friendships	0	0	1	0	0.999999
indian	0	0	1	0	0.999999
marsh	0	1	1	0	0.999999
melodee	0	0	1	0	0.999999
cow	4	0	4	0	1.000000
bah	4	1	5	0	1.000000
outland	0	0	1	0	0.999999
superior	0	1	3	0	1.000000
wyc	4	1	1	0	0.999999
ird	2	1	15	0	1.000000
concurrent	0	0	1	0	0.999999
ffi	4	0	7	0	1.000000
crash	0	1	2	0	1.000000
fingertips	0	1	1	0	0.999999
move	0	1	5	0	1.000000
andadvertisers	0	0	1	0	0.999999
hurried	0	0	1	0	0.999999
xc	3	0	1	0	0.999999
monumentations	0	1	1	0	0.999999
reserves	0	1	2	0	1.000000
restrictions	0	0	1	0	0.999999
css	0	1	18	0	1.000000
lod	4	0	13	0	1.000000
pip	4	0	26	0	1.000000
cabin	0	0	2	0	1.000000
obamas	0	0	2	0	1.000000
fu	0	0	2	0	1.000000
unp	4	0	10	0	1.000000
trouble	0	0	3	0	1.000000
programsteeph	0	1	1	0	0.999999
suower	0	0	1	0	0.999999
portion	0	0	4	0	1.000000
gpr	4	1	1	0	0.999999
contradictory	0	1	2	0	1.000000
extravagancies	0	0	1	0	0.999999
ottomanisation	0	1	1	0	0.999999
jaleesa	0	0	1	0	0.999999
resistance	0	0	2	0	1.000000
etz	2	0	1	0	0.999999
leem	0	0	2	0	1.000000
atravs	0	0	1	0	0.999999
tall	0	0	4	0	1.000000
wow	4	0	144	0	1.000000
ir	1	0	342	0	1.000000
beacons	0	1	1	0	0.999999
rested	0	0	1	0	0.999999
pa	3	0	789	0	1.000000
za	0	1	4	0	1.000000
seecti	0	0	3	0	1.000000
parvenu	0	0	1	0	0.999999
psp	2	1	16	0	1.000000
issuer	0	0	1	0	0.999999
key	2	0	17	0	1.000000
amuse	0	0	1	0	0.999999
fu	2	1	3	0	1.000000
criteria	0	0	8	0	1.000000
terribly	0	0	2	0	1.000000
entanglements	0	0	1	0	0.999999
blues	0	1	10	0	1.000000
unlimited	0	0	3	0	1.000000
customization	0	0	1	0	0.999999
message	0	0	30	0	1.000000
feedback	0	1	11	0	1.000000
sharper	0	0	1	0	0.999999
francs	0	0	1	0	0.999999
nw	3	0	3	0	1.000000
achievement	0	0	5	0	1.000000
cmy	0	1	1	0	0.999999
bo	1	1	13	0	1.000000
ol	0	1	1	0	0.999999
kki	2	1	31	0	1.000000
nyl	2	0	2	0	1.000000
fax	4	0	8	0	1.000000
rns	2	1	2	0	1.000000
gotten	0	0	1	0	0.999999
model	0	0	14	0	1.000000
mx	0	1	1	0	0.999999
song	0	1	5	0	1.000000
cn	2	0	3	0	1.000000
xbox	0	0	66	0	1.000000
bru	4	0	2	0	1.000000
permit	0	0	24	0	1.000000
japoncina	0	0	1	0	0.999999
stages	0	0	2	0	1.000000
nw	1	1	3	0	1.000000
mali	0	1	2	0	1.000000
hub	2	0	2	0	1.000000
erosion	0	1	2	0	1.000000
thebes	0	1	1	0	0.999999
gam	4	1	77	0	1.000000
hin	2	0	73	0	1.000000
lo	1	1	31	0	1.000000
bunker	0	0	6	0	1.000000
hid	0	0	1	0	0.999999
ingenious	0	0	1	0	0.999999
attn	0	1	1	0	0.999999
womens	0	1	3	0	1.000000
discussed	0	0	2	0	1.000000
az	3	0	1	0	0.999999
interred	0	1	1	0	0.999999
bar	4	0	53	0	1.000000
kia	2	1	1	0	0.999999
nap	4	0	3	0	1.000000
destinations	0	1	5	0	1.000000
knee	0	1	2	0	1.000000
pace	0	0	8	0	1.000000
horrendous	0	0	1	0	0.999999
cht	2	0	11	0	1.000000
philosopher	0	0	1	0	0.999999
ol	2	1	1	0	0.999999
logistics	0	1	1	0	0.999999
journal	0	1	6	0	1.000000
toolbar	0	1	1	0	0.999999
convert	0	0	5	0	1.000000
viewers	0	0	4	0	1.000000
hebrew	0	1	2	0	1.000000
parma	0	1	1	0	0.999999
soldat	0	0	1	0	0.999999
roms	0	1	3	0	1.000000
minneapolis	0	0	1	0	0.999999
always	0	1	5	0	1.000000
marsh	0	0	1	0	0.999999
orr	2	0	2	0	1.000000
by	1	1	77	0	1.000000
tep	4	0	1	0	0.999999
languages	0	0	12	0	1.000000
key	0	1	4	0	1.000000
aussi	0	0	8	0	1.000000
wysiwyg	0	0	2	0	1.000000
hopeless	0	0	1	0	0.999999
approved	0	0	3	0	1.000000
ceol	0	1	1	0	0.999999
hiley	0	1	1	0	0.999999
oft	2	0	3	0	1.000000
css	4	0	1	0	0.999999
mladch	0	0	1	0	0.999999
uitgegee	0	0	1	0	0.999999
hs	3	1	2	0	1.000000
melhor	0	0	3	0	1.000000
forget	0	0	15	0	1.000000
landing	0	0	1	0	0.999999
preaching	0	0	1	0	0.999999
bra	4	1	34	0	1.000000
consisting	0	1	3	0	1.000000
cx	3	1	1	0	0.999999
msi	4	1	2	0	1.000000
fusrap	0	1	1	0	0.999999
farmer	0	0	1	0	0.999999
ve	0	0	50	0	1.000000
com	0	1	9	0	1.000000
spectacular	0	1	1	0	0.999999
darien	0	1	1	0	0.999999
midi	0	1	2	0	1.000000
be	3	0	921	0	1.000000
mail	0	0	31	0	1.000000
quirky	0	0	1	0	0.999999
scrollbars	0	0	2	0	1.000000
torpedo	0	1	1	0	0.999999
dominic	0	1	1	0	0.999999
epson	0	1	1	0	0.999999
related	0	1	5	0	1.000000
friends	0	1	3	0	1.000000
tables	0	1	1	0	0.999999
bancorp	0	0	1	0	0.999999
stopped	0	0	6	0	1.000000
gallon	0	0	1	0	0.999999
datos	0	0	1	0	0.999999
freewow	0	1	1	0	0.999999
wn	1	0	213	0	1.000000
inscribed	0	0	3	0	1.000000
fa	3	1	293	0	1.000000
ved	2	0	103	0	1.000000
kinda	0	0	3	0	1.000000
bitmap	0	0	1	0	0.999999
neopop	0	1	3	0	1.000000
sr	3	1	6	0	1.000000
brass	0	0	1	0	0.999999
area	0	0	53	0	1.000000
za	1	0	10	0	1.000000
box	4	0	22	0	1.000000
mmo	4	0	2	0	1.000000
eek	2	0	33	0	1.000000
hearts	0	0	1	0	0.999999
isrestricted	0	0	1	0	0.999999
m	0	0	126	0	1.000000
cuesa	0	1	1	0	0.999999
flyrite	0	0	1	0	0.999999
casnio	0	0	2	0	1.000000
libya	0	1	1	0	0.999999
ehh	2	0	1	0	0.999999
coral	0	1	2	0	1.000000
sentence	0	1	1	0	0.999999
gladly	0	0	1	0	0.999999
before	0	1	10	0	1.000000
canonicals	0	0	1	0	0.999999
plataforma	0	1	1	0	0.999999
rueda	0	1	2	0	1.000000
gabo	0	1	1	0	0.999999
ri	3	1	189	0	1.000000
instructi	0	0	2	0	1.000000
cec	4	0	2	0	1.000000
thereby	0	0	2	0	1.000000
sideshift	0	0	1	0	0.999999
luxury	0	1	1	0	0.999999
tg	0	1	1	0	0.999999
be	2	0	589	0	1.000000
abhorrence	0	0	1	0	0.999999
miner	0	0	1	0	0.999999
til	0	0	1	0	0.999999
theirs	0	0	1	0	0.999999
marble	0	0	1	0	0.999999
mem	0	0	1	0	0.999999
cutoff	0	0	1	0	0.999999
lisbon	0	1	9	0	1.000000
section	0	1	1	0	0.999999
pad	0	0	1	0	0.999999
herd	0	1	2	0	1.000000
holt	0	1	1	0	0.999999
green	0	0	22	0	1.000000
authorization	0	0	1	0	0.999999
siempre	0	0	4	0	1.000000
vy	0	1	1	0	0.999999
startup	0	0	2	0	1.000000
mem	4	1	28	0	1.000000
rightinformacije	0	1	1	0	0.999999
le	2	0	17	0	1.000000
psp	0	0	1	0	0.999999
hi	3	0	448	0	1.000000
elicited	0	0	2	0	1.000000
otsego	0	1	2	0	1.000000
grisslehamn	0	1	1	0	0.999999
firewood	0	0	1	0	0.999999
situate	0	0	1	0	0.999999
dc	2	1	4	0	1.000000
bon	2	0	2	0	1.000000
nyl	4	0	1	0	0.999999
eight	0	0	5	0	1.000000
obtain	0	0	8	0	1.000000
itl	4	1	1	0	0.999999
oliver	0	1	1	0	0.999999
password	0	0	30	0	1.000000
ska	4	1	2	0	1.000000
usk	2	1	1	0	0.999999
cisco	0	0	1	0	0.999999
lyn	4	0	2	0	1.000000
faire	0	1	1	0	0.999999
representative	0	0	6	0	1.000000
bo	3	0	443	0	1.000000
excavations	0	1	1	0	0.999999
personsthe	0	1	1	0	0.999999
isc	2	0	5	0	1.000000
pu	3	1	128	0	1.000000
aye	2	1	31	0	1.000000
control	0	0	32	0	1.000000
del	4	1	78	0	1.000000
angees	0	1	2	0	1.000000
ob	3	1	26	0	1.000000
hosted	0	0	3	0	1.000000
len	2	0	4	0	1.000000
avoiding	0	0	1	0	0.999999
super	0	1	4	0	1.000000
fancy	0	0	2	0	1.000000
cabriolet	0	1	1	0	0.999999
goi	4	0	51	0	1.000000
acq	4	0	17	0	1.000000
bo	0	1	2	0	1.000000
zif	4	1	1	0	0.999999
usa	2	0	4	0	1.000000
nel	4	1	1	0	0.999999
newspaper	0	0	12	0	1.000000
majority	0	0	6	0	1.000000
glacial	0	0	1	0	0.999999
gie	2	0	3	0	1.000000
compatibile	0	0	1	0	0.999999
veterinary	0	0	1	0	0.999999
extraction	0	0	2	0	1.000000
breathe	0	0	2	0	1.000000
ben	2	0	1	0	0.999999
usu	4	1	3	0	1.000000
gcu	4	0	1	0	0.999999
lies	0	0	5	0	1.000000
bicycle	0	1	1	0	0.999999
peso	0	0	1	0	0.999999
pinoy	0	1	1	0	0.999999
tep	2	0	25	0	1.000000
phantom	0	1	2	0	1.000000
move	0	0	11	0	1.000000
speed	0	0	12	0	1.000000
exported	0	0	1	0	0.999999
rikli	0	0	1	0	0.999999
ol	3	1	23	0	1.000000
gaming	0	1	2	0	1.000000
draft	0	0	3	0	1.000000
adventures	0	0	6	0	1.000000
xineann	0	1	1	0	0.999999
inh	4	0	13	0	1.000000
enl	4	1	1	0	0.999999
seating	0	0	2	0	1.000000
bar	0	1	2	0	1.000000
internal	0	0	5	0	1.000000
placement	0	0	3	0	1.000000
apadwes	0	1	2	0	1.000000
dol	4	0	13	0	1.000000
cristina	0	1	2	0	1.000000
hab	4	1	2	0	1.000000
prosprit	0	0	2	0	1.000000
refinance	0	0	1	0	0.999999
regulated	0	0	1	0	0.999999
onlyif	0	1	13	0	1.000000
diagnosis	0	1	1	0	0.999999
ishosted	0	0	1	0	0.999999
storage	0	0	2	0	1.000000
dir	2	1	1	0	0.999999
feeds	0	0	2	0	1.000000
longer	0	0	30	0	1.000000
sociologist	0	0	1	0	0.999999
bissaumap	0	1	1	0	0.999999
yay	4	0	1	0	0.999999
separate	0	1	1	0	0.999999
cool	0	0	6	0	1.000000
tch	2	0	102	0	1.000000
detail	0	0	5	0	1.000000
von	4	0	1	0	0.999999
apparel	0	0	1	0	0.999999
mellon	0	1	194	0	1.000000
questions	0	1	1	0	0.999999
future	0	0	13	0	1.000000
funding	0	0	1	0	0.999999
rs	0	0	6	0	1.000000
theris	0	0	1	0	0.999999
esq	4	0	1	0	0.999999
andf	0	0	1	0	0.999999
spirit	0	1	1	0	0.999999
deixar	0	0	1	0	0.999999
onv	4	0	1	0	0.999999
pad	4	1	5	0	1.000000
portsmouth	0	1	1	0	0.999999
wn	2	0	12	0	1.000000
tat	4	1	1	0	0.999999
schematic	0	1	1	0	0.999999
dansin	0	0	1	0	0.999999
pto	2	0	1	0	0.999999
lne	2	1	1	0	0.999999
violation	0	1	1	0	0.999999
featuring	0	0	4	0	1.000000
secure	0	0	6	0	1.000000
scandinavian	0	1	1	0	0.999999
motorsport	0	1	1	0	0.999999
considering	0	1	1	0	0.999999
showdown	0	0	1	0	0.999999
wordpress	0	1	10	0	1.000000
ahead	0	0	5	0	1.000000
homebrew	0	0	1	0	0.999999
study	0	0	10	0	1.000000
speaker	0	0	2	0	1.000000
up	0	0	182	0	1.000000
prodigious	0	1	1	0	0.999999
lon	4	1	23	0	1.000000
fps	4	0	2	0	1.000000
thrill	0	1	1	0	0.999999
pot	2	1	7	0	1.000000
gods	0	0	1	0	0.999999
distinguishing	0	0	1	0	0.999999
fot	4	1	1	0	0.999999
lah	4	0	1	0	0.999999
dredged	0	1	2	0	1.000000
pot	2	0	12	0	1.000000
ev	1	0	10	0	1.000000
nel	2	1	9	0	1.000000
wikipedia	0	1	23	0	1.000000
cow	2	1	2	0	1.000000
plumber	0	0	1	0	0.999999
marines	0	1	1	0	0.999999
cn	3	1	9	0	1.000000
spider	0	1	2	0	1.000000
scaryduck	0	1	1	0	0.999999
reserves	0	0	10	0	1.000000
accompany	0	0	5	0	1.000000
bran	0	0	1	0	0.999999
lex	2	0	9	0	1.000000
vit	2	1	2	0	1.000000
guests	0	0	4	0	1.000000
xbo	4	0	67	0	1.000000
ral	4	1	22	0	1.000000
fu	1	0	5	0	1.000000
austrian	0	1	1	0	0.999999
parish	0	0	1	0	0.999999
eb	0	1	1	0	0.999999
iris	0	0	1	0	0.999999
prompts	0	0	1	0	0.999999
teachers	0	0	5	0	1.000000
ap	1	0	56	0	1.000000
rer	2	1	13	0	1.000000
occasion	0	0	2	0	1.000000
rab	2	0	3	0	1.000000
contradictory	0	0	2	0	1.000000
againthe	0	0	1	0	0.999999
oue	2	0	1	0	0.999999
ngt	2	1	4	0	1.000000
you	0	0	1052	0	1.000000
warm	0	0	14	0	1.000000
mexican	0	0	4	0	1.000000
key	2	1	6	0	1.000000
bissau	0	1	1	0	0.999999
fu	2	0	2	0	1.000000
you	4	1	319	0	1.000000
baku	0	1	1	0	0.999999
totalpower	0	0	2	0	1.000000
black	0	0	14	0	1.000000
issuer	0	1	1	0	0.999999
arcexplorer	0	1	1	0	0.999999
films	0	0	2	0	1.000000
llop	0	0	1	0	0.999999
feedback	0	0	5	0	1.000000
criteria	0	1	8	0	1.000000
aryan	0	1	1	0	0.999999
cherbuliez	0	1	1	0	0.999999
polygons	0	0	1	0	0.999999
az	1	1	10	0	1.000000
present	0	0	29	0	1.000000
facts	0	0	1	0	0.999999
buckley	0	1	1	0	0.999999
confer	0	1	1	0	0.999999
elevation	0	1	1	0	0.999999
bit	4	1	3	0	1.000000
bo	1	0	8	0	1.000000
freely	0	0	3	0	1.000000
sau	4	0	1	0	0.999999
hub	4	1	1	0	0.999999
selezionati	0	0	1	0	0.999999
stamp	0	0	1	0	0.999999
song	0	0	4	0	1.000000
rub	0	0	1	0	0.999999
pun	4	0	12	0	1.000000
burn	0	0	2	0	1.000000
having	0	1	3	0	1.000000
headings	0	0	1	0	0.999999
bru	4	1	4	0	1.000000
labeled	0	0	1	0	0.999999
cmy	4	1	1	0	0.999999
cd	1	0	6	0	1.000000
curiosity	0	1	1	0	0.999999
throughout	0	0	26	0	1.000000
chqllenge	0	0	1	0	0.999999
nw	1	0	1	0	0.999999
compositions	0	0	1	0	0.999999
glacier	0	0	2	0	1.000000
vra	4	0	1	0	0.999999
drs	4	1	47	0	1.000000
seg	4	1	3	0	1.000000
lynn	0	1	1	0	0.999999
mis	0	1	1	0	0.999999
posts	0	0	4	0	1.000000
lycra	0	0	1	0	0.999999
gutterspeak	0	1	1	0	0.999999
ravenna	0	1	9	0	1.000000
dashed	0	0	3	0	1.000000
riverside	0	0	6	0	1.000000
recovery	0	1	1	0	0.999999
release	0	0	11	0	1.000000
nap	4	1	7	0	1.000000
explore	0	0	13	0	1.000000
ask	4	1	10	0	1.000000
dir	0	1	1	0	0.999999
google	0	0	9	0	1.000000
lno	2	1	2	0	1.000000
xc	1	0	1	0	0.999999
objective	0	0	1	0	0.999999
actuay	0	0	1	0	0.999999
disaster	0	0	1	0	0.999999
fun	2	1	8	0	1.000000
eb	1	1	62	0	1.000000
pa	0	0	3	0	1.000000
rueda	0	0	12	0	1.000000
municipalwastewater	0	1	1	0	0.999999
dw	3	1	6	0	1.000000
dup	4	0	4	0	1.000000
opt	2	1	5	0	1.000000
dates	0	0	7	0	1.000000
minneapolis	0	1	6	0	1.000000
interchanges	0	0	1	0	0.999999
nextag	0	1	2	0	1.000000
enclosed	0	1	1	0	0.999999
sim	0	0	3	0	1.000000
shifter	0	1	1	0	0.999999
starlet	0	1	2	0	1.000000
rochester	0	1	13	0	1.000000
ri	3	0	216	0	1.000000
packaging	0	0	1	0	0.999999
znanost	0	1	1	0	0.999999
oft	2	1	14	0	1.000000
slide	0	0	2	0	1.000000
horribly	0	0	1	0	0.999999
spare	0	1	1	0	0.999999
epicrisis	0	0	1	0	0.999999
veinside	0	0	1	0	0.999999
spain	0	1	3	0	1.000000
gael	0	0	1	0	0.999999
fan	0	0	6	0	1.000000
bbuttons	0	0	1	0	0.999999
minefield	0	0	2	0	1.000000
dle	2	1	15	0	1.000000
old	0	1	10	0	1.000000
landing	0	1	1	0	0.999999
relatives	0	0	2	0	1.000000
giulyyyyyyyy	0	1	1	0	0.999999
top	2	0	53	0	1.000000
consisting	0	0	1	0	0.999999
wouldn	0	0	2	0	1.000000
progressive	0	0	1	0	0.999999
amenities	0	0	1	0	0.999999
prizesone	0	1	1	0	0.999999
msi	4	0	9	0	1.000000
peacetime	0	0	1	0	0.999999
duas	0	0	2	0	1.000000
rs	3	1	3	0	1.000000
availability	0	0	1	0	0.999999
be	3	1	891	0	1.000000
incall	0	1	1	0	0.999999
uudised	0	0	1	0	0.999999
cem	4	1	23	0	1.000000
craisglist	0	0	1	0	0.999999
gos	2	0	2	0	1.000000
up	3	1	32	0	1.000000
sourire	0	0	1	0	0.999999
gazeteler	0	1	1	0	0.999999
poll	0	0	1	0	0.999999
monomarca	0	0	1	0	0.999999
qj	2	1	2	0	1.000000
rds	2	0	166	0	1.000000
rs	2	1	2	0	1.000000
printable	0	0	1	0	0.999999
accessibleby	0	0	1	0	0.999999
rul	4	0	9	0	1.000000
friends	0	0	25	0	1.000000
howler	0	0	1	0	0.999999
portineria	0	0	2	0	1.000000
glean	0	0	2	0	1.000000
jiangsu	0	1	13	0	1.000000
helpers	0	0	1	0	0.999999
ims	2	1	1	0	0.999999
hiding	0	1	5	0	1.000000
ldquo	0	0	6	0	1.000000
mga	0	0	6	0	1.000000
fte	2	1	3	0	1.000000
moved	0	0	9	0	1.000000
fa	3	0	507	0	1.000000
quantities	0	0	1	0	0.999999
svt	0	0	1	0	0.999999
tranz	0	1	1	0	0.999999
calgary	0	0	1	0	0.999999
mmo	4	1	3	0	1.000000
sr	3	0	5	0	1.000000
easily	0	0	17	0	1.000000
broadcasting	0	1	1	0	0.999999
parameter	0	0	14	0	1.000000
area	0	1	9	0	1.000000
m	0	1	86	0	1.000000
ask	0	0	17	0	1.000000
ap	0	0	4	0	1.000000
antes	0	0	1	0	0.999999
uoy	2	1	1	0	0.999999
september	0	1	14	0	1.000000
sim	4	0	64	0	1.000000
decisions	0	1	1	0	0.999999
keyword	0	1	4	0	1.000000
brock	0	1	1	0	0.999999
mismo	0	0	1	0	0.999999
librarywednesday	0	1	5	0	1.000000
stay	0	0	19	0	1.000000
breanne	0	1	1	0	0.999999
cn	1	0	3	0	1.000000
nickelback	0	0	1	0	0.999999
sorties	0	1	1	0	0.999999
gabo	0	0	4	0	1.000000
ir	1	1	50	0	1.000000
herself	0	0	5	0	1.000000
thadeu	0	1	1	0	0.999999
otf	4	0	1	0	0.999999
ctr	4	1	3	0	1.000000
changes	0	1	2	0	1.000000
ici	2	0	5	0	1.000000
enjoy	0	0	16	0	1.000000
rpg	4	1	1	0	0.999999
interdependent	0	0	1	0	0.999999
occ	4	0	43	0	1.000000
el	1	1	119	0	1.000000
loosing	0	0	1	0	0.999999
wym	4	0	1	0	0.999999
unf	4	0	9	0	1.000000
creative	0	0	13	0	1.000000
prof	0	1	1	0	0.999999
be	2	1	14	0	1.000000
tg	1	0	2	0	1.000000
custom	0	1	10	0	1.000000
fud	4	1	3	0	1.000000
depends	0	0	6	0	1.000000
nyl	2	1	2	0	1.000000
videowelcome	0	1	1	0	0.999999
texas	0	1	44	0	1.000000
bon	4	1	24	0	1.000000
negative	0	0	2	0	1.000000
announced	0	0	4	0	1.000000
forensic	0	0	1	0	0.999999
infrastructure	0	1	2	0	1.000000
hrlfeaturing	0	1	1	0	0.999999
hul	4	1	3	0	1.000000
bed	0	1	3	0	1.000000
horn	0	1	1	0	0.999999
both	0	0	39	0	1.000000
typ	4	0	68	0	1.000000
jakob	0	0	1	0	0.999999
kenmore	0	0	1	0	0.999999
tapping	0	0	1	0	0.999999
af	1	1	4	0	1.000000
larger	0	1	2	0	1.000000
demand	0	0	5	0	1.000000
incommodi	0	0	1	0	0.999999
gabriela	0	1	1	0	0.999999
curve	0	0	3	0	1.000000
immaculately	0	0	1	0	0.999999
password	0	1	8	0	1.000000
gma	2	0	2	0	1.000000
smoothly	0	0	2	0	1.000000
mmy	2	1	4	0	1.000000
itl	0	1	1	0	0.999999
excavations	0	0	1	0	0.999999
bed	2	0	28	0	1.000000
square	0	1	4	0	1.000000
additions	0	1	1	0	0.999999
grey	0	1	1	0	0.999999
marketer	0	1	1	0	0.999999
deb	4	1	15	0	1.000000
svt	4	0	1	0	0.999999
denture	0	0	1	0	0.999999
difficile	0	0	2	0	1.000000
eric	0	1	1	0	0.999999
you	2	1	218	0	1.000000
iflge	0	1	1	0	0.999999
nev	4	0	43	0	1.000000
tedious	0	0	2	0	1.000000
rightaggregated	0	1	1	0	0.999999
nol	2	0	5	0	1.000000
goi	4	1	11	0	1.000000
uf	1	1	1	0	0.999999
lindley	0	1	3	0	1.000000
acq	4	1	4	0	1.000000
slam	0	1	1	0	0.999999
secure	0	1	1	0	0.999999
shareowners	0	0	1	0	0.999999
poultry	0	0	1	0	0.999999
indianapolis	0	0	2	0	1.000000
gie	2	1	10	0	1.000000
gentlemen	0	0	2	0	1.000000
succession	0	0	1	0	0.999999
tg	3	0	1	0	0.999999
reversest	0	0	1	0	0.999999
hynnr	0	0	1	0	0.999999
legendary	0	0	1	0	0.999999
seat	0	0	6	0	1.000000
manage	0	0	6	0	1.000000
ska	2	0	3	0	1.000000
absent	0	0	1	0	0.999999
angel	0	0	3	0	1.000000
ben	2	1	61	0	1.000000
cause	0	0	10	0	1.000000
googvar	0	1	3	0	1.000000
florida	0	1	1	0	0.999999
communiplex	0	1	3	0	1.000000
iak	2	1	3	0	1.000000
angell	0	1	1	0	0.999999
turf	0	0	1	0	0.999999
usace	0	1	21	0	1.000000
jng	2	0	1	0	0.999999
birthday	0	0	8	0	1.000000
nm	0	1	1	0	0.999999
quality	0	1	8	0	1.000000
wec	0	1	1	0	0.999999
rs	2	0	6	0	1.000000
traffic	0	0	6	0	1.000000
inaugurazione	0	0	1	0	0.999999
inconsistencies	0	1	1	0	0.999999
databasen	0	0	1	0	0.999999
wis	4	0	50	0	1.000000
adventures	0	1	3	0	1.000000
rix	2	0	2	0	1.000000
gse	2	0	1	0	0.999999
dol	4	1	7	0	1.000000
vah	2	1	1	0	0.999999
schedue	0	1	1	0	0.999999
cfb	2	0	4	0	1.000000
brand	0	1	1	0	0.999999
americans	0	1	1	0	0.999999
database	0	1	2	0	1.000000
museumthe	0	1	1	0	0.999999
pan	0	1	9	0	1.000000
termin	0	0	1	0	0.999999
tationsmove	0	0	1	0	0.999999
var	4	0	156	0	1.000000
marri	0	1	1	0	0.999999
visit	0	0	38	0	1.000000
w	0	0	51	0	1.000000
destroyed	0	0	6	0	1.000000
lottie	0	1	1	0	0.999999
logan	0	1	1	0	0.999999
motivated	0	0	4	0	1.000000
exchange	0	0	13	0	1.000000
box	0	1	2	0	1.000000
bpm	2	0	1	0	0.999999
pot	4	1	6	0	1.000000
buong	0	0	1	0	0.999999
chemist	0	0	1	0	0.999999
weazened	0	0	1	0	0.999999
centra	0	1	1	0	0.999999
lit	4	0	60	0	1.000000
forks	0	0	1	0	0.999999
heartbroken	0	0	1	0	0.999999
surrounded	0	0	2	0	1.000000
formation	0	1	3	0	1.000000
substantiated	0	0	1	0	0.999999
gt	3	1	6	0	1.000000
arl	4	0	1	0	0.999999
mingling	0	0	1	0	0.999999
pad	4	0	12	0	1.000000
clips	0	1	3	0	1.000000
monoxide	0	0	2	0	1.000000
digging	0	0	1	0	0.999999
lit	2	1	2	0	1.000000
tiger	0	0	1	0	0.999999
unscripted	0	0	2	0	1.000000
theft	0	0	1	0	0.999999
wonder	0	0	8	0	1.000000
authorship	0	0	2	0	1.000000
ve	1	0	1183	0	1.000000
mmo	2	1	1	0	0.999999
changing	0	1	1	0	0.999999
generosity	0	0	1	0	0.999999
orr	0	0	1	0	0.999999
ral	2	1	87	0	1.000000
acclaimed	0	0	1	0	0.999999
nasty	0	0	1	0	0.999999
err	4	1	8	0	1.000000
happier	0	0	1	0	0.999999
gods	0	1	1	0	0.999999
ev	1	1	2	0	1.000000
returns	0	0	1	0	0.999999
editor	0	0	7	0	1.000000
hub	0	0	2	0	1.000000
cataract	0	0	1	0	0.999999
gamesnote	0	1	1	0	0.999999
tiv	4	0	2	0	1.000000
spas	0	1	3	0	1.000000
okcontent	0	1	2	0	1.000000
vy	2	1	1	0	0.999999
annoying	0	0	5	0	1.000000
periodicals	0	0	4	0	1.000000
pgh	0	1	8	0	1.000000
mashariki	0	1	1	0	0.999999
oft	0	0	1	0	0.999999
fu	1	1	3	0	1.000000
tat	4	0	2	0	1.000000
pressure	0	0	6	0	1.000000
ror	2	0	30	0	1.000000
af	2	0	1	0	0.999999
rusiei	0	1	1	0	0.999999
up	2	1	16	0	1.000000
arrest	0	0	1	0	0.999999
wec	2	1	1	0	0.999999
thatare	0	0	1	0	0.999999
postgraduate	0	0	1	0	0.999999
vert	0	1	1	0	0.999999
presenting	0	0	1	0	0.999999
mis	4	0	54	0	1.000000
ap	1	1	149	0	1.000000
entire	0	0	6	0	1.000000
att	0	0	1	0	0.999999
trm	2	1	1	0	0.999999
glb	4	1	1	0	0.999999
hor	4	1	13	0	1.000000
functions	0	1	1	0	0.999999
fun	4	0	151	0	1.000000
apollo	0	0	1	0	0.999999
mexican	0	1	6	0	1.000000
eternal	0	0	1	0	0.999999
miscreants	0	0	2	0	1.000000
eagerness	0	0	2	0	1.000000
mga	2	1	2	0	1.000000
derrire	0	0	1	0	0.999999
chirurgiens	0	0	1	0	0.999999
by	3	0	6	0	1.000000
mag	2	0	2	0	1.000000
youd	0	1	2	0	1.000000
registry	0	1	5	0	1.000000
equipped	0	0	4	0	1.000000
koe	4	1	2	0	1.000000
stretches	0	0	1	0	0.999999
pantech	0	1	1	0	0.999999
nza	2	0	2	0	1.000000
lts	2	0	38	0	1.000000
caroline	0	1	1	0	0.999999
von	2	0	1	0	0.999999
dealership	0	1	2	0	1.000000
children	0	1	3	0	1.000000
tactful	0	0	1	0	0.999999
mme	4	0	3	0	1.000000
riding	0	0	2	0	1.000000
mew	2	1	1	0	0.999999
import	0	1	3	0	1.000000
itb	4	1	1	0	0.999999
superb	0	0	2	0	1.000000
multilingual	0	1	1	0	0.999999
itself	0	0	5	0	1.000000
url	4	0	3	0	1.000000
intrigue	0	0	3	0	1.000000
bejewels	0	1	2	0	1.000000
regional	0	0	2	0	1.000000
honest	0	0	3	0	1.000000
foam	0	1	1	0	0.999999
del	0	0	12	0	1.000000
sua	2	0	6	0	1.000000
hydrea	0	0	1	0	0.999999
veins	0	0	1	0	0.999999
nc	1	1	26	0	1.000000
nics	0	0	1	0	0.999999
kee	2	1	1	0	0.999999
curiosity	0	0	2	0	1.000000
stonetalon	0	0	1	0	0.999999
ovnis	0	1	1	0	0.999999
sh	0	0	10	0	1.000000
ly	1	0	1181	0	1.000000
yeu	4	1	12	0	1.000000
vy	1	0	12	0	1.000000
streetmuseum	0	1	1	0	0.999999
kf	3	1	1	0	0.999999
scheduled	0	0	4	0	1.000000
jef	4	1	6	0	1.000000
hav	4	0	498	0	1.000000
unsubscribe	0	0	2	0	1.000000
nw	0	1	3	0	1.000000
oln	2	0	25	0	1.000000
thm	4	0	1	0	0.999999
riverside	0	1	9	0	1.000000
uai	4	0	1	0	0.999999
dramatic	0	0	1	0	0.999999
achieved	0	0	2	0	1.000000
sveinung	0	1	1	0	0.999999
you	0	1	193	0	1.000000
pa	2	0	3	0	1.000000
lo	2	0	10	0	1.000000
kas	4	1	1	0	0.999999
za	3	1	15	0	1.000000
symbols	0	0	5	0	1.000000
collected	0	0	9	0	1.000000
lovely	0	0	6	0	1.000000
endeavors	0	0	1	0	0.999999
branding	0	0	3	0	1.000000
hor	2	0	14	0	1.000000
disaster	0	1	1	0	0.999999
canadian	0	0	1	0	0.999999
lo	3	0	651	0	1.000000
ogni	0	1	1	0	0.999999
gac	4	0	2	0	1.000000
kai	0	1	1	0	0.999999
zeca	0	0	1	0	0.999999
bond	0	1	1	0	0.999999
chansons	0	0	1	0	0.999999
protect	0	0	14	0	1.000000
swallow	0	1	2	0	1.000000
yb	1	0	1	0	0.999999
ges	2	0	219	0	1.000000
nov	4	1	102	0	1.000000
sic	0	0	1	0	0.999999
pearls	0	0	1	0	0.999999
zan	4	1	2	0	1.000000
wlots	0	0	1	0	0.999999
turks	0	1	1	0	0.999999
institutions	0	1	2	0	1.000000
gabon	0	1	1	0	0.999999
captions	0	0	1	0	0.999999
sci	2	0	1	0	0.999999
drawled	0	0	1	0	0.999999
politics	0	1	1	0	0.999999
withholding	0	0	1	0	0.999999
shn	2	1	1	0	0.999999
kki	2	0	5	0	1.000000
rochester	0	0	11	0	1.000000
shelby	0	0	4	0	1.000000
newspaper	0	1	1	0	0.999999
aia	2	1	2	0	1.000000
stonequest	0	1	1	0	0.999999
be	1	1	66	0	1.000000
footprint	0	0	2	0	1.000000
dle	2	0	20	0	1.000000
ben	4	1	89	0	1.000000
up	1	1	168	0	1.000000
aodha	0	1	1	0	0.999999
rid	4	0	33	0	1.000000
progressive	0	1	1	0	0.999999
ensemble	0	1	3	0	1.000000
bit	2	1	3	0	1.000000
album	0	0	2	0	1.000000
beaumont	0	1	36	0	1.000000
mem	2	0	3	0	1.000000
sorted	0	1	2	0	1.000000
lde	2	1	1	0	0.999999
customersupport	0	1	1	0	0.999999
md	2	1	3	0	1.000000
ruyuko	0	1	1	0	0.999999
rs	3	0	20	0	1.000000
register	0	0	3	0	1.000000
pyt	4	1	12	0	1.000000
nm	2	0	1	0	0.999999
rhe	4	0	1	0	0.999999
top	4	0	52	0	1.000000
guitars	0	1	1	0	0.999999
oke	2	1	2	0	1.000000
sponsors	0	1	4	0	1.000000
shang	0	1	1	0	0.999999
hal	4	1	16	0	1.000000
manager	0	1	7	0	1.000000
bordersrental	0	1	1	0	0.999999
rgia	0	0	1	0	0.999999
gigamesh	0	1	2	0	1.000000
ehh	0	1	1	0	0.999999
rpg	2	1	1	0	0.999999
howler	0	1	3	0	1.000000
karst	0	0	1	0	0.999999
centreaddress	0	1	1	0	0.999999
sh	2	1	17	0	1.000000
craigslist	0	0	272	0	1.000000
vikipedi	0	1	1	0	0.999999
rapidly	0	0	2	0	1.000000
igo	2	0	1	0	0.999999
sodium	0	0	3	0	1.000000
thirsts	0	0	1	0	0.999999
easily	0	1	1	0	0.999999
ask	0	1	9	0	1.000000
ehh	4	0	1	0	0.999999
forey	0	1	1	0	0.999999
finishers	0	0	1	0	0.999999
tut	4	1	1	0	0.999999
wis	2	1	3	0	1.000000
gt	2	0	95	0	1.000000
neither	0	0	6	0	1.000000
permit	0	1	8	0	1.000000
clear	0	1	6	0	1.000000
decisions	0	0	11	0	1.000000
catalogued	0	0	2	0	1.000000
ov	3	1	83	0	1.000000
weighed	0	0	1	0	0.999999
cookies	0	0	17	0	1.000000
guarantees	0	0	5	0	1.000000
aki	2	0	6	0	1.000000
nigeriamap	0	1	1	0	0.999999
yodk	0	0	1	0	0.999999
protein	0	0	1	0	0.999999
installations	0	1	2	0	1.000000
lod	4	1	2	0	1.000000
enjoy	0	1	4	0	1.000000
dc	1	0	1	0	0.999999
rights	0	1	3	0	1.000000
reservehol	0	1	1	0	0.999999
eb	2	1	1	0	0.999999
durabe	0	0	1	0	0.999999
reported	0	0	5	0	1.000000
el	1	0	240	0	1.000000
archaeologist	0	0	1	0	0.999999
ommissions	0	0	1	0	0.999999
nly	2	1	24	0	1.000000
gbyte	0	1	1	0	0.999999
suppies	0	0	2	0	1.000000
pueblo	0	0	1	0	0.999999
ask	4	0	33	0	1.000000
ruger	0	0	1	0	0.999999
infrastructure	0	0	3	0	1.000000
damage	0	0	3	0	1.000000
bon	4	0	41	0	1.000000
televizija	0	1	1	0	0.999999
tonight	0	0	5	0	1.000000
loss	0	0	5	0	1.000000
nve	4	0	2	0	1.000000
zu	3	1	4	0	1.000000
rehabilitationforensicsinstrumentationpavement	0	1	1	0	0.999999
offset	0	0	3	0	1.000000
md	2	0	1	0	0.999999
le	0	1	1	0	0.999999
bed	4	1	3	0	1.000000
af	1	0	8	0	1.000000
face	0	0	8	0	1.000000
mapsmap	0	1	1	0	0.999999
amongst	0	0	4	0	1.000000
donnes	0	1	1	0	0.999999
doubtless	0	1	1	0	0.999999
incorrect	0	0	2	0	1.000000
bed	2	1	5	0	1.000000
illustrations	0	0	1	0	0.999999
mentality	0	0	2	0	1.000000
donnelly	0	0	1	0	0.999999
hyperbaric	0	1	2	0	1.000000
ldo	2	1	1	0	0.999999
deb	4	0	25	0	1.000000
nev	4	1	6	0	1.000000
tof	2	1	1	0	0.999999
you	2	0	1065	0	1.000000
sr	1	0	1	0	0.999999
unemp	0	0	2	0	1.000000
rince	0	0	1	0	0.999999
fees	0	1	7	0	1.000000
allam	0	1	1	0	0.999999
thw	4	0	1	0	0.999999
typ	4	1	32	0	1.000000
steps	0	0	7	0	1.000000
gnero	0	0	1	0	0.999999
tg	3	1	1	0	0.999999
vo	1	0	13	0	1.000000
chetumal	0	1	3	0	1.000000
bill	0	0	6	0	1.000000
aera	0	0	1	0	0.999999
devices	0	1	2	0	1.000000
overlland	0	0	1	0	0.999999
depicting	0	0	2	0	1.000000
cause	0	1	5	0	1.000000
leathan	0	0	1	0	0.999999
andres	0	1	1	0	0.999999
tib	4	1	3	0	1.000000
cyc	2	0	1	0	0.999999
gtaiv	0	1	1	0	0.999999
md	0	1	3	0	1.000000
tighten	0	0	1	0	0.999999
course	0	0	33	0	1.000000
untitled	0	1	1	0	0.999999
iwi	2	1	2	0	1.000000
coming	0	1	1	0	0.999999
produces	0	0	2	0	1.000000
ob	1	1	7	0	1.000000
abh	4	0	1	0	0.999999
loveland	0	1	1	0	0.999999
messenger	0	1	4	0	1.000000
abr	4	0	7	0	1.000000
smi	4	1	20	0	1.000000
ska	0	0	1	0	0.999999
hva	4	1	6	0	1.000000
pinoy	0	0	1	0	0.999999
igne	0	0	1	0	0.999999
asking	0	0	5	0	1.000000
gustave	0	0	1	0	0.999999
rav	2	1	1	0	0.999999
diazepam	0	0	2	0	1.000000
naveen	0	1	1	0	0.999999
mosaics	0	0	1	0	0.999999
nestled	0	0	2	0	1.000000
laws	0	0	3	0	1.000000
amber	0	0	1	0	0.999999
brand	0	0	5	0	1.000000
generals	0	0	1	0	0.999999
spirit	0	0	4	0	1.000000
basel	0	1	1	0	0.999999
pictorial	0	1	1	0	0.999999
pa	1	0	7	0	1.000000
yb	1	1	1	0	0.999999
fromsanta	0	1	1	0	0.999999
wn	0	0	12	0	1.000000
drafting	0	0	1	0	0.999999
aey	4	0	1	0	0.999999
rehabilitation	0	0	6	0	1.000000
qj	1	1	2	0	1.000000
flm	0	1	1	0	0.999999
exchange	0	1	3	0	1.000000
classroom	0	0	1	0	0.999999
product	0	1	4	0	1.000000
lit	4	1	13	0	1.000000
rre	4	0	1	0	0.999999
moorhead	0	1	1	0	0.999999
kayak	0	1	1	0	0.999999
ics	2	1	72	0	1.000000
bit	0	0	28	0	1.000000
stucco	0	0	1	0	0.999999
distance	0	0	8	0	1.000000
glancing	0	0	1	0	0.999999
yamaha	0	1	1	0	0.999999
ningbo	0	1	1	0	0.999999
ev	3	1	98	0	1.000000
phase	0	0	2	0	1.000000
travis	0	0	1	0	0.999999
nakedgarlic	0	0	1	0	0.999999
bonita	0	0	3	0	1.000000
wellbeing	0	0	1	0	0.999999
clips	0	0	3	0	1.000000
message	0	1	4	0	1.000000
anticipation	0	0	2	0	1.000000
be	0	0	589	0	1.000000
zzi	2	0	1	0	0.999999
rescued	0	0	1	0	0.999999
wser	0	0	1	0	0.999999
ourservice	0	0	1	0	0.999999
tack	0	0	1	0	0.999999
url	0	1	22	0	1.000000
organic	0	1	16	0	1.000000
ecologist	0	0	1	0	0.999999
batgirl	0	1	1	0	0.999999
coordinates	0	0	1	0	0.999999
arb	4	1	2	0	1.000000
centralia	0	0	1	0	0.999999
superior	0	0	3	0	1.000000
err	4	0	24	0	1.000000
env	2	0	1	0	0.999999
mn	0	1	15	0	1.000000
archives	0	1	8	0	1.000000
nc	2	1	3	0	1.000000
initially	0	1	1	0	0.999999
actively	0	0	2	0	1.000000
pgh	0	0	6	0	1.000000
hyr	4	1	3	0	1.000000
cx	0	1	8	0	1.000000
unoccupied	0	0	1	0	0.999999
valuation	0	0	1	0	0.999999
ror	2	1	2	0	1.000000
cruzer	0	1	1	0	0.999999
wierd	0	0	2	0	1.000000
channel	0	0	6	0	1.000000
usbugi	0	1	1	0	0.999999
fun	0	0	52	0	1.000000
terceira	0	0	1	0	0.999999
til	4	0	11	0	1.000000
licence	0	0	2	0	1.000000
hitherto	0	0	1	0	0.999999
wd	1	1	2	0	1.000000
along	0	0	30	0	1.000000
rin	2	0	3	0	1.000000
finals	0	1	1	0	0.999999
gos	2	1	1	0	0.999999
entire	0	1	4	0	1.000000
privacyprotecting	0	1	1	0	0.999999
therapy	0	0	9	0	1.000000
discover	0	0	3	0	1.000000
hor	4	0	20	0	1.000000
aurobindo	0	1	1	0	0.999999
eea	2	0	1	0	0.999999
tat	2	0	8	0	1.000000
disposal	0	0	1	0	0.999999
offline	0	0	1	0	0.999999
perf	0	1	1	0	0.999999
by	3	1	4	0	1.000000
af	0	0	1	0	0.999999
telecom	0	0	1	0	0.999999
nmental	0	1	1	0	0.999999
mga	2	0	6	0	1.000000
registry	0	0	2	0	1.000000
rivers	0	0	10	0	1.000000
occlusion	0	0	1	0	0.999999
sau	4	1	4	0	1.000000
frighten	0	0	1	0	0.999999
probably	0	1	2	0	1.000000
much	0	1	5	0	1.000000
ap	2	0	4	0	1.000000
rds	2	1	75	0	1.000000
hal	2	0	2	0	1.000000
speciaized	0	0	1	0	0.999999
allocate	0	1	1	0	0.999999
discount	0	0	4	0	1.000000
registrar	0	0	1	0	0.999999
confirms	0	0	1	0	0.999999
newsman	0	1	1	0	0.999999
concerts	0	0	3	0	1.000000
internetz	0	0	1	0	0.999999
diagnosis	0	0	4	0	1.000000
hin	4	1	7	0	1.000000
opt	0	1	5	0	1.000000
plc	4	1	2	0	1.000000
regional	0	1	29	0	1.000000
aus	2	1	1	0	0.999999
backward	0	0	1	0	0.999999
brad	0	1	3	0	1.000000
lox	4	1	1	0	0.999999
nc	1	0	6	0	1.000000
climb	0	0	1	0	0.999999
libraryset	0	1	1	0	0.999999
mew	4	1	2	0	1.000000
minds	0	0	1	0	0.999999
bar	2	1	8	0	1.000000
aboard	0	0	3	0	1.000000
cried	0	0	1	0	0.999999
unbalanced	0	0	1	0	0.999999
advertisingcompany	0	0	1	0	0.999999
rsvp	0	1	1	0	0.999999
genre	0	0	1	0	0.999999
lowland	0	0	1	0	0.999999
orcs	0	1	9	0	1.000000
bar	4	1	35	0	1.000000
less	0	0	26	0	1.000000
dramatic	0	1	1	0	0.999999
aus	4	0	12	0	1.000000
destinations	0	0	15	0	1.000000
eke	0	0	1	0	0.999999
pa	2	1	5	0	1.000000
vur	2	0	1	0	0.999999
uas	2	0	4	0	1.000000
fhil	0	0	1	0	0.999999
piz	4	1	4	0	1.000000
tampering	0	0	5	0	1.000000
terminated	0	0	1	0	0.999999
casino	0	0	28	0	1.000000
treated	0	0	4	0	1.000000
canadian	0	1	7	0	1.000000
hs	1	1	10	0	1.000000
winds	0	1	1	0	0.999999
certified	0	0	7	0	1.000000
always	0	0	59	0	1.000000
dyb	4	0	1	0	0.999999
politika	0	0	1	0	0.999999
sr	0	1	1	0	0.999999
politics	0	0	1	0	0.999999
philosophy	0	1	1	0	0.999999
designs	0	1	2	0	1.000000
whipped	0	0	1	0	0.999999
eig	4	0	8	0	1.000000
desirable	0	0	4	0	1.000000
stats	0	1	15	0	1.000000
pet	0	1	4	0	1.000000
whale	0	0	1	0	0.999999
yay	0	0	1	0	0.999999
vois	0	0	1	0	0.999999
css	4	1	18	0	1.000000
arb	2	1	1	0	0.999999
sunk	0	0	3	0	1.000000
aia	2	0	2	0	1.000000
tambin	0	0	2	0	1.000000
rer	4	0	1	0	0.999999
lomo	0	1	1	0	0.999999
personallyidentifiable	0	0	1	0	0.999999
ben	4	0	28	0	1.000000
album	0	1	3	0	1.000000
led	2	1	17	0	1.000000
reh	4	0	8	0	1.000000
desafaba	0	0	1	0	0.999999
dev	2	0	8	0	1.000000
zip	2	1	4	0	1.000000
ben	0	1	57	0	1.000000
rav	4	0	8	0	1.000000
beautiful	0	1	3	0	1.000000
ffs	2	0	4	0	1.000000
aways	0	0	1	0	0.999999
ven	4	1	19	0	1.000000
irritar	0	0	1	0	0.999999
register	0	1	1	0	0.999999
earnings	0	1	1	0	0.999999
beyonce	0	1	4	0	1.000000
amg	2	0	1	0	0.999999
old	2	0	156	0	1.000000
resigned	0	0	1	0	0.999999
telewizja	0	1	1	0	0.999999
disc	0	0	2	0	1.000000
temporary	0	0	2	0	1.000000
hal	4	0	22	0	1.000000
downlighter	0	0	1	0	0.999999
zip	4	0	2	0	1.000000
ehh	0	0	1	0	0.999999
tornando	0	0	1	0	0.999999
fuss	0	0	1	0	0.999999
byd	4	1	1	0	0.999999
portfolios	0	0	3	0	1.000000
qj	0	1	2	0	1.000000
hersef	0	0	1	0	0.999999
spaulding	0	1	1	0	0.999999
existing	0	1	1	0	0.999999
hobbling	0	0	1	0	0.999999
honour	0	1	1	0	0.999999
eek	2	1	27	0	1.000000
ehh	4	1	1	0	0.999999
inherent	0	0	1	0	0.999999
phoebe	0	1	2	0	1.000000
fifth	0	0	6	0	1.000000
ainews	0	1	1	0	0.999999
nsh	2	0	1	0	0.999999
americas	0	0	1	0	0.999999
sectionis	0	0	1	0	0.999999
trials	0	0	1	0	0.999999
fares	0	0	1	0	0.999999
winter	0	1	4	0	1.000000
seq	4	0	5	0	1.000000
pvc	2	0	35	0	1.000000
conical	0	0	1	0	0.999999
hummingbirdhighway	0	1	1	0	0.999999
promotes	0	0	1	0	0.999999
aki	2	1	1	0	0.999999
divorces	0	1	1	0	0.999999
innovation	0	1	1	0	0.999999
mn	1	0	3	0	1.000000
cec	4	1	90	0	1.000000
dc	1	1	14	0	1.000000
banjos	0	1	1	0	0.999999
maison	0	1	1	0	0.999999
company	0	1	19	0	1.000000
forget	0	1	2	0	1.000000
supernzb	0	0	1	0	0.999999
dly	2	0	28	0	1.000000
excel	0	1	2	0	1.000000
pass	0	0	11	0	1.000000
c	0	0	129	0	1.000000
pvc	4	1	36	0	1.000000
yl	1	0	3	0	1.000000
statementcovers	0	0	1	0	0.999999
lagon	0	0	1	0	0.999999
librarythursday	0	1	2	0	1.000000
informationa	0	1	1	0	0.999999
le	3	1	223	0	1.000000
reh	2	1	1	0	0.999999
buzz	0	0	1	0	0.999999
hs	1	0	68	0	1.000000
iua	4	1	1	0	0.999999
forinformation	0	0	1	0	0.999999
rub	4	0	10	0	1.000000
ov	1	0	3	0	1.000000
templates	0	1	18	0	1.000000
mx	3	0	1	0	0.999999
pythons	0	1	3	0	1.000000
narrator	0	1	1	0	0.999999
putting	0	0	4	0	1.000000
olathe	0	1	1	0	0.999999
districts	0	1	3	0	1.000000
ri	1	0	21	0	1.000000
outro	0	1	1	0	0.999999
adaptalink	0	1	1	0	0.999999
amongst	0	1	1	0	0.999999
ven	2	1	34	0	1.000000
pitt	0	1	1	0	0.999999
face	0	1	1	0	0.999999
fet	4	1	4	0	1.000000
mesh	0	1	3	0	1.000000
martyn	0	1	1	0	0.999999
examination	0	0	3	0	1.000000
study	0	1	1	0	0.999999
council	0	0	6	0	1.000000
itbrazilian	0	1	1	0	0.999999
hypers	0	0	1	0	0.999999
puberty	0	0	1	0	0.999999
sr	1	1	1	0	0.999999
gambling	0	0	1	0	0.999999
showing	0	0	40	0	1.000000
flycatcher	0	0	4	0	1.000000
locking	0	0	1	0	0.999999
fan	2	0	6	0	1.000000
economically	0	0	1	0	0.999999
ntg	2	0	1	0	0.999999
polymers	0	1	16	0	1.000000
coup	0	0	1	0	0.999999
powder	0	0	1	0	0.999999
thousands	0	1	1	0	0.999999
abiel	0	1	1	0	0.999999
vts	2	1	18	0	1.000000
cx	1	0	1	0	0.999999
deadliest	0	0	1	0	0.999999
remembering	0	0	2	0	1.000000
lur	4	0	2	0	1.000000
malaysia	0	1	2	0	1.000000
nc	0	1	3	0	1.000000
lovers	0	0	1	0	0.999999
lti	2	0	11	0	1.000000
wners	0	0	1	0	0.999999
ror	4	1	1	0	0.999999
leis	0	0	2	0	1.000000
lists	0	0	5	0	1.000000
journeys	0	0	1	0	0.999999
cataloging	0	1	3	0	1.000000
gaming	0	0	2	0	1.000000
kki	4	0	1	0	0.999999
uniforms	0	0	1	0	0.999999
rav	4	1	10	0	1.000000
basemen	0	0	1	0	0.999999
kus	2	1	1	0	0.999999
nob	4	1	10	0	1.000000
saries	0	0	1	0	0.999999
beginners	0	0	2	0	1.000000
violence	0	0	4	0	1.000000
swi	4	0	25	0	1.000000
rav	2	0	1	0	0.999999
clerk	0	0	1	0	0.999999
teriel	0	0	2	0	1.000000
fty	2	0	7	0	1.000000
hopeful	0	0	5	0	1.000000
authority	0	1	7	0	1.000000
yay	4	1	1	0	0.999999
yeux	0	1	12	0	1.000000
ask	2	0	24	0	1.000000
separate	0	0	7	0	1.000000
juma	0	0	1	0	0.999999
tg	2	1	1	0	0.999999
libido	0	0	2	0	1.000000
moorhead	0	0	11	0	1.000000
fax	0	1	12	0	1.000000
utt	4	0	4	0	1.000000
horrorshow	0	0	1	0	0.999999
bpm	4	0	1	0	0.999999
pad	2	0	3	0	1.000000
rla	2	1	5	0	1.000000
ics	2	0	54	0	1.000000
augustine	0	1	1	0	0.999999
prefers	0	0	1	0	0.999999
ism	2	1	151	0	1.000000
infirmary	0	0	1	0	0.999999
custody	0	1	1	0	0.999999
faciities	0	0	1	0	0.999999
sh	1	1	167	0	1.000000
spectrum	0	0	2	0	1.000000
graphics	0	0	4	0	1.000000
holes	0	0	3	0	1.000000
sobre	0	0	4	0	1.000000
manatee	0	1	2	0	1.000000
show	0	0	43	0	1.000000
company	0	0	31	0	1.000000
hi	0	0	4	0	1.000000
nol	4	1	2	0	1.000000
ahead	0	1	1	0	0.999999
protect	0	1	3	0	1.000000
recipes	0	1	1	0	0.999999
mug	4	0	1	0	0.999999
be	0	1	14	0	1.000000
executed	0	0	2	0	1.000000
miren	0	1	1	0	0.999999
rochesetr	0	0	1	0	0.999999
forward	0	0	7	0	1.000000
blacklist	0	1	1	0	0.999999
everyone	0	1	1	0	0.999999
derived	0	0	1	0	0.999999
vij	4	1	1	0	0.999999
begun	0	0	1	0	0.999999
automation	0	0	4	0	1.000000
del	2	0	26	0	1.000000
organic	0	0	2	0	1.000000
mentioned	0	0	7	0	1.000000
topsit	0	0	1	0	0.999999
vieni	0	1	1	0	0.999999
pcb	4	1	5	0	1.000000
encodingdate	0	1	2	0	1.000000
sprawling	0	0	1	0	0.999999
super	0	0	6	0	1.000000
proponent	0	0	1	0	0.999999
tendresse	0	0	2	0	1.000000
carefully	0	0	3	0	1.000000
fa	0	0	3	0	1.000000
googindexend	0	1	3	0	1.000000
ev	0	0	1	0	0.999999
hurricane	0	0	1	0	0.999999
ika	2	0	3	0	1.000000
lex	2	1	8	0	1.000000
snout	0	0	1	0	0.999999
coral	0	0	13	0	1.000000
inactive	0	0	1	0	0.999999
ept	2	0	29	0	1.000000
rab	4	0	2	0	1.000000
scemi	0	0	1	0	0.999999
wow	0	1	82	0	1.000000
channel	0	1	3	0	1.000000
highplains	0	1	1	0	0.999999
sr	2	0	1	0	0.999999
til	4	1	8	0	1.000000
empty	0	0	9	0	1.000000
commission	0	0	1	0	0.999999
fenvalerate	0	0	2	0	1.000000
beaut	0	0	2	0	1.000000
extendedstays	0	0	1	0	0.999999
lyn	2	1	4	0	1.000000
lar	2	0	80	0	1.000000
vedere	0	0	1	0	0.999999
keeshkas	0	0	1	0	0.999999
mss	4	1	1	0	0.999999
kas	2	0	2	0	1.000000
backstage	0	0	1	0	0.999999
weask	0	0	1	0	0.999999
gaap	0	1	1	0	0.999999
meagan	0	1	1	0	0.999999
project	0	0	30	0	1.000000
treasurer	0	1	1	0	0.999999
renames	0	1	2	0	1.000000
rdi	2	1	1	0	0.999999
eventy	0	1	1	0	0.999999
counth	0	0	1	0	0.999999
black	0	1	12	0	1.000000
com	4	0	782	0	1.000000
publictransportation	0	0	1	0	0.999999
domainpat	0	1	1	0	0.999999
zk	1	1	1	0	0.999999
gt	0	1	3	0	1.000000
speaks	0	0	5	0	1.000000
laugh	0	0	2	0	1.000000
wxx	4	0	1	0	0.999999
allocated	0	0	1	0	0.999999
much	0	0	97	0	1.000000
toothless	0	0	1	0	0.999999
pps	2	1	5	0	1.000000
led	4	0	3	0	1.000000
onload	0	0	1	0	0.999999
present	0	1	1	0	0.999999
gamblingplanet	0	1	1	0	0.999999
gio	4	0	2	0	1.000000
kik	4	0	1	0	0.999999
qualification	0	0	4	0	1.000000
travis	0	1	1	0	0.999999
actualit	0	1	1	0	0.999999
briefings	0	0	2	0	1.000000
crash	0	0	1	0	0.999999
having	0	0	27	0	1.000000
pot	0	1	3	0	1.000000
pk	2	1	1	0	0.999999
roles	0	0	1	0	0.999999
ir	3	0	9	0	1.000000
enchanting	0	0	1	0	0.999999
ouo	2	0	1	0	0.999999
mug	2	1	3	0	1.000000
ppi	4	0	1	0	0.999999
oppurtunity	0	0	1	0	0.999999
harmamauthorityam	0	1	1	0	0.999999
specialized	0	0	7	0	1.000000
plains	0	1	1	0	0.999999
revels	0	0	1	0	0.999999
clicked	0	0	1	0	0.999999
beach	0	1	1	0	0.999999
mennonite	0	1	2	0	1.000000
zaire	0	1	1	0	0.999999
genre	0	1	2	0	1.000000
ivory	0	0	1	0	0.999999
com	2	1	12	0	1.000000
ri	0	0	2	0	1.000000
goings	0	0	1	0	0.999999
leadmanagement	0	0	1	0	0.999999
mom	4	0	42	0	1.000000
resistance	0	1	2	0	1.000000
recovery	0	0	1	0	0.999999
her	2	0	529	0	1.000000
doing	0	1	1	0	0.999999
euless	0	1	1	0	0.999999
ve	2	0	50	0	1.000000
carlo	0	1	3	0	1.000000
moments	0	0	28	0	1.000000
vies	0	0	5	0	1.000000
barn	0	0	4	0	1.000000
vha	4	0	1	0	0.999999
lions	0	0	1	0	0.999999
dri	4	1	30	0	1.000000
box	2	1	122	0	1.000000
ven	0	0	1	0	0.999999
danced	0	0	1	0	0.999999
midwife	0	0	1	0	0.999999
seismology	0	0	1	0	0.999999
havoc	0	0	1	0	0.999999
investorsbusiness	0	1	1	0	0.999999
sitter	0	1	1	0	0.999999
pyt	4	0	6	0	1.000000
dup	4	1	1	0	0.999999
deing	0	0	2	0	1.000000
shown	0	0	10	0	1.000000
otz	2	1	1	0	0.999999
sr	0	0	1	0	0.999999
difficulty	0	0	5	0	1.000000
vit	4	0	9	0	1.000000
eft	0	0	2	0	1.000000
smokin	0	1	2	0	1.000000
investors	0	1	11	0	1.000000
eld	4	0	1	0	0.999999
coupling	0	1	1	0	0.999999
lon	4	0	107	0	1.000000
philosophy	0	0	2	0	1.000000
fotografskih	0	0	1	0	0.999999
though	0	1	2	0	1.000000
uee	2	1	2	0	1.000000
mini	0	1	6	0	1.000000
unbeatable	0	1	1	0	0.999999
designs	0	0	5	0	1.000000
ici	4	0	3	0	1.000000
parse	0	0	1	0	0.999999
parche	0	1	1	0	0.999999
her	4	1	85	0	1.000000
bur	4	0	14	0	1.000000
pet	0	0	4	0	1.000000
erosion	0	0	2	0	1.000000
fan	0	1	1	0	0.999999
ferried	0	0	2	0	1.000000
abusive	0	0	2	0	1.000000
trap	0	1	1	0	0.999999
nonsense	0	0	2	0	1.000000
egs	2	0	5	0	1.000000
relaxation	0	0	2	0	1.000000
sinnwmon	0	0	1	0	0.999999
arb	2	0	1	0	0.999999
rder	0	0	4	0	1.000000
monmouth	0	0	1	0	0.999999
phenomenal	0	0	3	0	1.000000
peerage	0	0	1	0	0.999999
hosgood	0	0	1	0	0.999999
noteworthy	0	0	1	0	0.999999
cow	0	0	2	0	1.000000
kzx	4	1	1	0	0.999999
path	0	0	13	0	1.000000
led	2	0	149	0	1.000000
zna	4	1	1	0	0.999999
eb	3	1	18	0	1.000000
indeed	0	0	6	0	1.000000
oww	0	0	1	0	0.999999
verse	0	1	1	0	0.999999
dreggman	0	1	1	0	0.999999
poetics	0	0	1	0	0.999999
earnings	0	0	1	0	0.999999
journal	0	0	6	0	1.000000
ven	4	0	11	0	1.000000
iwi	2	0	2	0	1.000000
ctr	2	1	1	0	0.999999
oases	0	0	1	0	0.999999
bies	0	0	1	0	0.999999
printable	0	1	1	0	0.999999
dizendo	0	0	1	0	0.999999
vermilion	0	0	3	0	1.000000
queria	0	0	1	0	0.999999
heh	4	1	1	0	0.999999
tahoe	0	0	2	0	1.000000
hiding	0	0	1	0	0.999999
icelandall	0	1	1	0	0.999999
nairne	0	1	1	0	0.999999
moved	0	1	1	0	0.999999
recession	0	0	1	0	0.999999
sxsw	0	1	2	0	1.000000
mag	0	0	1	0	0.999999
existing	0	0	10	0	1.000000
byd	4	0	1	0	0.999999
lon	2	1	198	0	1.000000
tut	4	0	6	0	1.000000
phoebe	0	0	1	0	0.999999
humiliation	0	0	1	0	0.999999
mettre	0	0	2	0	1.000000
incumbrance	0	0	1	0	0.999999
wii	2	1	2	0	1.000000
confused	0	0	5	0	1.000000
daas	0	1	1	0	0.999999
attaquer	0	0	1	0	0.999999
amature	0	0	1	0	0.999999
native	0	0	7	0	1.000000
hi	3	1	133	0	1.000000
innovation	0	0	2	0	1.000000
prashad	0	1	1	0	0.999999
wn	3	1	1	0	0.999999
usapl	0	1	1	0	0.999999
fa	1	1	5	0	1.000000
nlo	2	0	1	0	0.999999
ovn	4	1	1	0	0.999999
sic	2	0	48	0	1.000000
fame	0	1	1	0	0.999999
willsupply	0	0	5	0	1.000000
criticism	0	0	3	0	1.000000
hoffman	0	0	1	0	0.999999
c	0	1	100	0	1.000000
smith	0	1	2	0	1.000000
wouldn	0	1	1	0	0.999999
mail	0	1	10	0	1.000000
fwww	0	0	2	0	1.000000
bellied	0	0	1	0	0.999999
custom	0	0	12	0	1.000000
rightupdated	0	1	1	0	0.999999
brasil	0	1	3	0	1.000000
herself	0	1	1	0	0.999999
related	0	0	30	0	1.000000
frysk	0	1	2	0	1.000000
zda	2	1	3	0	1.000000
diameter	0	0	2	0	1.000000
hygiene	0	0	2	0	1.000000
furthermore	0	1	2	0	1.000000
cfea	0	1	1	0	0.999999
el	0	1	6	0	1.000000
daydreaming	0	0	2	0	1.000000
isle	0	1	1	0	0.999999
ved	0	0	1	0	0.999999
le	3	0	484	0	1.000000
visayan	0	1	1	0	0.999999
cem	4	0	1	0	0.999999
rub	4	1	2	0	1.000000
sciences	0	1	7	0	1.000000
compiled	0	0	2	0	1.000000
angle	0	0	1	0	0.999999
ashort	0	0	1	0	0.999999
visitinternational	0	1	1	0	0.999999
jewellery	0	0	1	0	0.999999
kai	4	1	2	0	1.000000
nup	2	1	1	0	0.999999
missiles	0	0	1	0	0.999999
bombed	0	0	1	0	0.999999
suchas	0	0	1	0	0.999999
pgh	2	0	6	0	1.000000
crammed	0	0	1	0	0.999999
leeann	0	1	1	0	0.999999
enhancements	0	0	2	0	1.000000
realty	0	1	1	0	0.999999
districts	0	0	3	0	1.000000
fell	0	0	5	0	1.000000
wow	2	0	139	0	1.000000
css	2	0	1	0	0.999999
countenance	0	0	3	0	1.000000
hid	2	0	4	0	1.000000
fet	4	0	1	0	0.999999
square	0	0	15	0	1.000000
audi	0	1	1	0	0.999999
foam	0	0	4	0	1.000000
chore	0	0	1	0	0.999999
flm	2	1	1	0	0.999999
itobviously	0	0	1	0	0.999999
lagoonactun	0	1	1	0	0.999999
gt	1	1	9	0	1.000000
emmanuee	0	1	1	0	0.999999
ayo	2	1	11	0	1.000000
yay	2	1	1	0	0.999999
nagging	0	0	1	0	0.999999
dir	4	0	185	0	1.000000
handling	0	0	5	0	1.000000
cd	2	1	13	0	1.000000
mx	2	1	1	0	0.999999
nol	2	1	10	0	1.000000
stammberger	0	1	1	0	0.999999
abolition	0	0	2	0	1.000000
growth	0	0	3	0	1.000000
ve	3	0	254	0	1.000000
engineering	0	0	9	0	1.000000
formed	0	0	2	0	1.000000
coc	4	0	4	0	1.000000
section	0	0	9	0	1.000000
fisherman	0	0	3	0	1.000000
pan	0	0	4	0	1.000000
feeimport	0	1	1	0	0.999999
cd	0	0	6	0	1.000000
laboratories	0	1	1	0	0.999999
outer	0	0	2	0	1.000000
enrustida	0	0	1	0	0.999999
response	0	1	3	0	1.000000
nm	1	0	1	0	0.999999
key	4	1	8	0	1.000000
amusement	0	0	1	0	0.999999
nieuws	0	1	4	0	1.000000
worthy	0	0	5	0	1.000000
wire	0	1	1	0	0.999999
cx	2	0	1	0	0.999999
nm	0	0	1	0	0.999999
babes	0	0	1	0	0.999999
lists	0	1	8	0	1.000000
lo	0	0	10	0	1.000000
trw	4	0	1	0	0.999999
ror	4	0	1	0	0.999999
loom	0	0	1	0	0.999999
usk	2	0	1	0	0.999999
jurisdiction	0	0	1	0	0.999999
wis	4	1	6	0	1.000000
iff	2	1	5	0	1.000000
kee	4	0	74	0	1.000000
enfield	0	0	1	0	0.999999
dept	0	0	2	0	1.000000
vny	0	0	2	0	1.000000
boss	0	0	3	0	1.000000
ri	2	0	2	0	1.000000
wilbraham	0	1	1	0	0.999999
grene	0	0	1	0	0.999999
lti	4	0	3	0	1.000000
database	0	0	15	0	1.000000
naidheachd	0	0	1	0	0.999999
coarse	0	0	1	0	0.999999
maskall	0	1	2	0	1.000000
visit	0	1	13	0	1.000000
inveja	0	0	1	0	0.999999
ook	2	0	86	0	1.000000
downloaded	0	0	2	0	1.000000
ob	3	0	78	0	1.000000
wii	0	1	2	0	1.000000
turning	0	0	3	0	1.000000
shape	0	0	1	0	0.999999
sak	4	0	1	0	0.999999
rid	2	1	3	0	1.000000
figures	0	0	2	0	1.000000
ainda	0	0	3	0	1.000000
fax	0	0	6	0	1.000000
cortekyou	0	0	1	0	0.999999
atlanta	0	0	1	0	0.999999
usa	4	1	37	0	1.000000
thirdparties	0	0	1	0	0.999999
mendozain	0	1	2	0	1.000000
var	0	0	73	0	1.000000
bossd	0	1	2	0	1.000000
youtube	0	1	14	0	1.000000
custody	0	0	3	0	1.000000
revived	0	0	1	0	0.999999
recall	0	0	2	0	1.000000
answers	0	1	2	0	1.000000
possibilities	0	0	1	0	0.999999
capsule	0	1	1	0	0.999999
differenceease	0	1	1	0	0.999999
settled	0	0	3	0	1.000000
hi	0	1	4	0	1.000000
jack	0	0	4	0	1.000000
submitted	0	0	8	0	1.000000
recipes	0	0	4	0	1.000000
cco	2	1	4	0	1.000000
ol	3	0	67	0	1.000000
uf	3	1	2	0	1.000000
happier	0	1	1	0	0.999999
broadcast	0	0	4	0	1.000000
len	4	0	20	0	1.000000
cow	4	1	1	0	0.999999
bar	0	0	11	0	1.000000
automation	0	1	1	0	0.999999
mec	4	1	5	0	1.000000
soil	0	1	3	0	1.000000
consumers	0	0	1	0	0.999999
nc	3	0	5	0	1.000000
discography	0	0	1	0	0.999999
lograr	0	0	2	0	1.000000
font	0	0	4	0	1.000000
manta	0	1	2	0	1.000000
pressure	0	1	3	0	1.000000
gibran	0	1	1	0	0.999999
rightofficial	0	1	1	0	0.999999
gt	1	0	98	0	1.000000
dir	2	0	2	0	1.000000
yl	1	1	19	0	1.000000
pip	4	1	29	0	1.000000
unf	4	1	2	0	1.000000
cool	0	1	1	0	0.999999
hpg	4	1	6	0	1.000000
frontera	0	0	1	0	0.999999
mii	4	0	3	0	1.000000
animosity	0	0	2	0	1.000000
att	0	1	2	0	1.000000
old	4	0	60	0	1.000000
future	0	1	3	0	1.000000
vo	3	1	31	0	1.000000
earthquake	0	1	5	0	1.000000
schooner	0	0	1	0	0.999999
poisioning	0	0	2	0	1.000000
wii	4	1	3	0	1.000000
communist	0	1	1	0	0.999999
pa	3	1	370	0	1.000000
ridiculous	0	0	2	0	1.000000
url	4	1	23	0	1.000000
com	4	1	544	0	1.000000
hla	4	1	1	0	0.999999
emailpat	0	1	1	0	0.999999
nza	2	1	1	0	0.999999
hiss	0	0	1	0	0.999999
kalakip	0	0	1	0	0.999999
ap	3	1	89	0	1.000000
up	0	1	16	0	1.000000
dealership	0	0	1	0	0.999999
pte	2	0	2	0	1.000000
threshold	0	0	1	0	0.999999
tinamou	0	0	2	0	1.000000
forced	0	0	1	0	0.999999
pu	3	0	233	0	1.000000
achievement	0	1	1	0	0.999999
import	0	0	6	0	1.000000
fax	4	1	12	0	1.000000
blockers	0	0	5	0	1.000000
mmo	2	0	1	0	0.999999
rethink	0	0	1	0	0.999999
pvc	0	1	36	0	1.000000
le	2	1	1	0	0.999999
ir	3	1	23	0	1.000000
pyrodovdco	0	1	1	0	0.999999
moc	4	0	1	0	0.999999
release	0	1	3	0	1.000000
guests	0	1	2	0	1.000000
coby	0	0	1	0	0.999999
hub	2	1	1	0	0.999999
mom	0	0	1	0	0.999999
carriere	0	1	3	0	1.000000
hin	2	1	7	0	1.000000
var	2	0	78	0	1.000000
wrecks	0	0	1	0	0.999999
wers	0	0	1	0	0.999999
maultaschen	0	1	1	0	0.999999
special	0	1	12	0	1.000000
iris	0	1	1	0	0.999999
oln	2	1	40	0	1.000000
remarks	0	0	4	0	1.000000
her	2	1	125	0	1.000000
accepted	0	0	4	0	1.000000
rpheum	0	0	1	0	0.999999
hulme	0	1	2	0	1.000000
orr	4	0	1	0	0.999999
beth	0	1	1	0	0.999999
mss	2	1	2	0	1.000000
reidsville	0	1	1	0	0.999999
mom	2	1	5	0	1.000000
mmo	0	0	1	0	0.999999
detestado	0	0	1	0	0.999999
lex	4	1	1	0	0.999999
trailer	0	1	2	0	1.000000
bod	4	0	15	0	1.000000
knee	0	0	4	0	1.000000
baggins	0	0	1	0	0.999999
symbolizing	0	0	1	0	0.999999
special	0	0	39	0	1.000000
passengersinternational	0	1	1	0	0.999999
dri	4	0	73	0	1.000000
suchaction	0	0	1	0	0.999999
eft	4	0	2	0	1.000000
lo	3	1	225	0	1.000000
mpany	0	0	3	0	1.000000
animals	0	0	10	0	1.000000
teeming	0	0	1	0	0.999999
jcpennyfurniture	0	0	1	0	0.999999
turneffe	0	1	7	0	1.000000
ly	3	1	3	0	1.000000
sku	4	0	1	0	0.999999
yea	4	0	169	0	1.000000
bond	0	0	3	0	1.000000
fps	2	0	2	0	1.000000
revealedon	0	0	1	0	0.999999
ges	2	1	44	0	1.000000
flagging	0	0	1	0	0.999999
fart	0	1	1	0	0.999999
elevation	0	0	1	0	0.999999
institutions	0	0	6	0	1.000000
hunting	0	1	2	0	1.000000
cym	4	0	1	0	0.999999
larger	0	0	7	0	1.000000
industria	0	0	1	0	0.999999
dc	3	0	4	0	1.000000
kai	2	1	1	0	0.999999
bios	0	1	1	0	0.999999
odl	2	0	1	0	0.999999
eld	2	0	47	0	1.000000
piping	0	1	3	0	1.000000
votaries	0	0	1	0	0.999999
desert	0	1	3	0	1.000000
awardsto	0	1	1	0	0.999999
tending	0	1	1	0	0.999999
kki	0	0	1	0	0.999999
zun	4	1	2	0	1.000000
urb	4	0	4	0	1.000000
biloxi	0	0	2	0	1.000000
seg	4	0	4	0	1.000000
sitesfor	0	0	1	0	0.999999
env	0	0	1	0	0.999999
apppoint	0	0	1	0	0.999999
el	2	1	6	0	1.000000
obligations	0	0	1	0	0.999999
beaumont	0	0	1	0	0.999999
sorted	0	0	1	0	0.999999
reject	0	0	2	0	1.000000
labels	0	0	1	0	0.999999
ntg	0	0	1	0	0.999999
fernando	0	1	3	0	1.000000
anz	2	1	1	0	0.999999
eb	3	0	8	0	1.000000
archi	0	0	1	0	0.999999
fun	2	0	52	0	1.000000
indeed	0	1	1	0	0.999999
hland	0	1	1	0	0.999999
makes	0	0	21	0	1.000000
usersof	0	1	1	0	0.999999
ogs	2	0	14	0	1.000000
winter	0	0	7	0	1.000000
dob	4	1	1	0	0.999999
trw	2	1	4	0	1.000000
led	0	0	3	0	1.000000
ol	1	0	135	0	1.000000
painless	0	0	1	0	0.999999
cmy	2	1	1	0	0.999999
usa	0	0	4	0	1.000000
wn	1	1	35	0	1.000000
sh	2	0	10	0	1.000000
attended	0	0	2	0	1.000000
ved	2	1	13	0	1.000000
hlund	0	0	1	0	0.999999
zones	0	0	3	0	1.000000
halloween	0	0	1	0	0.999999
expenses	0	0	3	0	1.000000
deathknight	0	0	1	0	0.999999
za	1	1	15	0	1.000000
taxes	0	0	1	0	0.999999
rix	2	1	2	0	1.000000
rtc	4	1	1	0	0.999999
alluded	0	0	1	0	0.999999
hi	2	0	4	0	1.000000
spare	0	0	2	0	1.000000
ipp	2	1	3	0	1.000000
evviva	0	1	1	0	0.999999
neither	0	1	5	0	1.000000
shqip	0	1	1	0	0.999999
fax	2	1	13	0	1.000000
mifls	0	0	1	0	0.999999
gravdal	0	1	1	0	0.999999
yust	0	0	1	0	0.999999
ved	4	0	2	0	1.000000
inquiry	0	0	2	0	1.000000
fantastic	0	0	3	0	1.000000
saad	0	0	1	0	0.999999
waterways	0	0	4	0	1.000000
arabesque	0	0	1	0	0.999999
bra	2	1	1	0	0.999999
nob	4	0	7	0	1.000000
signifies	0	0	1	0	0.999999
fa	1	0	10	0	1.000000
delete	0	0	6	0	1.000000
chartering	0	0	1	0	0.999999
mx	1	1	1	0	0.999999
ika	2	1	1	0	0.999999
stops	0	0	3	0	1.000000
smith	0	0	2	0	1.000000
drs	2	1	73	0	1.000000
opportunity	0	1	4	0	1.000000
dependent	0	0	3	0	1.000000
el	0	0	6	0	1.000000
hangings	0	0	1	0	0.999999
green	0	1	21	0	1.000000
thecookie	0	0	1	0	0.999999
senses	0	0	2	0	1.000000
psp	0	1	16	0	1.000000
ims	2	0	5	0	1.000000
drainage	0	1	1	0	0.999999
dup	2	1	1	0	0.999999
crocodiles	0	1	1	0	0.999999
var	4	1	6	0	1.000000
onl	4	1	74	0	1.000000
bon	2	1	21	0	1.000000
eae	2	0	1	0	0.999999
sim	4	1	27	0	1.000000
galleons	0	0	2	0	1.000000
ouo	0	0	1	0	0.999999
ffxi	0	1	1	0	0.999999
opac	0	1	5	0	1.000000
von	0	0	1	0	0.999999
rhy	4	1	1	0	0.999999
starvation	0	0	1	0	0.999999
initiatives	0	0	1	0	0.999999
lines	0	0	9	0	1.000000
fu	3	1	91	0	1.000000
vts	2	0	1	0	0.999999
lyn	4	1	2	0	1.000000
ap	0	1	3	0	1.000000
css	2	1	18	0	1.000000
casino	0	1	21	0	1.000000
virus	0	1	2	0	1.000000
undead	0	0	2	0	1.000000
keyword	0	0	22	0	1.000000
audi	0	0	1	0	0.999999
gmtcontent	0	1	11	0	1.000000
bellingham	0	0	1	0	0.999999
htmldetails	0	1	1	0	0.999999
reels	0	0	1	0	0.999999
hi	1	0	11	0	1.000000
cd	3	1	1	0	0.999999
ror	0	0	1	0	0.999999
hangs	0	1	1	0	0.999999
trails	0	0	1	0	0.999999
fhiosrach	0	0	1	0	0.999999
pk	0	1	1	0	0.999999
oceanographic	0	1	1	0	0.999999
control	0	1	16	0	1.000000
rds	4	0	4	0	1.000000
dir	4	1	36	0	1.000000
umiya	0	0	1	0	0.999999
omnivore	0	1	1	0	0.999999
unemp	0	1	1	0	0.999999
yay	2	0	1	0	0.999999
opt	4	0	78	0	1.000000
vo	3	0	98	0	1.000000
protocols	0	0	4	0	1.000000
fixglob	0	1	1	0	0.999999
hillbilly	0	1	1	0	0.999999
highlighted	0	0	1	0	0.999999
gras	0	1	2	0	1.000000
slave	0	0	1	0	0.999999
creative	0	1	3	0	1.000000
coc	4	1	4	0	1.000000
fundado	0	0	1	0	0.999999
old	2	1	108	0	1.000000
vo	1	1	49	0	1.000000
bifurcations	0	0	1	0	0.999999
rpg	2	0	2	0	1.000000
paypal	0	1	15	0	1.000000
weights	0	0	1	0	0.999999
hlu	4	0	1	0	0.999999
undergone	0	0	1	0	0.999999
fan	4	0	18	0	1.000000
hor	2	1	4	0	1.000000
sterility	0	0	1	0	0.999999
idcookie	0	1	1	0	0.999999
dev	0	0	8	0	1.000000
md	0	0	1	0	0.999999
quilt	0	0	1	0	0.999999
nm	1	1	2	0	1.000000
fnu	2	0	1	0	0.999999
deb	2	1	2	0	1.000000
zje	2	0	1	0	0.999999
both	0	1	1	0	0.999999
xbo	4	1	120	0	1.000000
productive	0	0	3	0	1.000000
svt	2	0	1	0	0.999999
upd	4	0	35	0	1.000000
coming	0	0	27	0	1.000000
demand	0	1	22	0	1.000000
extensive	0	0	9	0	1.000000
pan	2	0	5	0	1.000000
nov	2	1	37	0	1.000000
var	2	1	8	0	1.000000
pvc	2	1	41	0	1.000000
pace	0	1	1	0	0.999999
mutually	0	0	1	0	0.999999
determine	0	0	2	0	1.000000
placed	0	1	1	0	0.999999
additions	0	0	1	0	0.999999
handles	0	1	1	0	0.999999
nov	4	0	23	0	1.000000
humble	0	0	2	0	1.000000
where	0	0	144	0	1.000000
blianil	0	0	1	0	0.999999
ook	2	1	49	0	1.000000
desiccants	0	1	2	0	1.000000
plagiarism	0	0	1	0	0.999999
storage	0	1	3	0	1.000000
feeds	0	1	1	0	0.999999
kas	4	0	1	0	0.999999
aey	4	1	1	0	0.999999
zu	1	1	2	0	1.000000
top	0	0	34	0	1.000000
vru	4	1	1	0	0.999999
solid	0	0	10	0	1.000000
namedescription	0	1	1	0	0.999999
tch	2	1	31	0	1.000000
show	0	1	5	0	1.000000
streams	0	0	2	0	1.000000
internal	0	1	1	0	0.999999
rid	2	0	30	0	1.000000
jabiru	0	1	2	0	1.000000
saa	4	0	3	0	1.000000
atlanta	0	1	4	0	1.000000
sic	4	0	4	0	1.000000
realm	0	1	1	0	0.999999
pcb	2	1	5	0	1.000000
merry	0	1	1	0	0.999999
monitored	0	0	1	0	0.999999
operators	0	0	13	0	1.000000
yamaha	0	0	2	0	1.000000
adp	4	0	1	0	0.999999
nel	2	0	18	0	1.000000
utt	2	0	1	0	0.999999
reinsured	0	0	1	0	0.999999
pierre	0	0	2	0	1.000000
monumentum	0	1	1	0	0.999999
oww	4	0	1	0	0.999999
featuring	0	1	2	0	1.000000
florida	0	0	3	0	1.000000
organisations	0	0	1	0	0.999999
eae	4	0	1	0	0.999999
advisers	0	0	1	0	0.999999
bill	0	1	4	0	1.000000
bangladesh	0	1	1	0	0.999999
answers	0	0	2	0	1.000000
third	0	1	7	0	1.000000
ksk	2	0	1	0	0.999999
birthday	0	1	4	0	1.000000
todospd	0	1	2	0	1.000000
adf	2	0	1	0	0.999999
lamanai	0	1	10	0	1.000000
queens	0	0	1	0	0.999999
affect	0	0	2	0	1.000000
wag	4	0	1	0	0.999999
jack	0	1	6	0	1.000000
len	4	1	83	0	1.000000
ilt	2	0	7	0	1.000000
rhy	4	0	1	0	0.999999
hundreds	0	0	7	0	1.000000
zip	4	1	4	0	1.000000
mme	2	0	2	0	1.000000
snorkeled	0	0	1	0	0.999999
persuaded	0	0	2	0	1.000000
archives	0	0	4	0	1.000000
pense	0	0	3	0	1.000000
americans	0	0	2	0	1.000000
grimes	0	1	1	0	0.999999
mathews	0	1	1	0	0.999999
comprises	0	0	1	0	0.999999
kz	3	1	1	0	0.999999
thumbnails	0	0	2	0	1.000000
sh	3	1	275	0	1.000000
fund	0	1	6	0	1.000000
wins	0	0	2	0	1.000000
throughout	0	1	6	0	1.000000
cx	0	0	1	0	0.999999
nvo	2	0	1	0	0.999999
secured	0	0	2	0	1.000000
tshirts	0	0	1	0	0.999999
slash	0	0	1	0	0.999999
conseil	0	1	3	0	1.000000
namibia	0	1	1	0	0.999999
her	0	0	129	0	1.000000
box	0	0	15	0	1.000000
fun	0	1	8	0	1.000000
housing	0	0	5	0	1.000000
weeky	0	0	1	0	0.999999
swiss	0	0	1	0	0.999999
answered	0	0	4	0	1.000000
customization	0	1	2	0	1.000000
old	4	1	12	0	1.000000
governmentset	0	1	1	0	0.999999
finals	0	0	1	0	0.999999
surviv	0	1	1	0	0.999999
imgprefix	0	0	1	0	0.999999
aas	2	1	1	0	0.999999
forbrowse	0	1	1	0	0.999999
eea	2	1	1	0	0.999999
formation	0	0	2	0	1.000000
rtraits	0	0	1	0	0.999999
ska	4	0	3	0	1.000000
offline	0	1	3	0	1.000000
volete	0	1	1	0	0.999999
anthem	0	0	1	0	0.999999
pot	0	0	4	0	1.000000
imi	4	0	1	0	0.999999
iic	2	1	1	0	0.999999
emeralds	0	0	1	0	0.999999
pistol	0	0	3	0	1.000000
controversial	0	0	1	0	0.999999
ap	3	0	361	0	1.000000
east	0	1	13	0	1.000000
aaron	0	1	2	0	1.000000
ral	2	0	173	0	1.000000
indian	0	1	8	0	1.000000
hal	2	1	3	0	1.000000
stories	0	0	17	0	1.000000
facts	0	1	3	0	1.000000
rer	2	0	13	0	1.000000
pun	4	1	19	0	1.000000
claimed	0	0	2	0	1.000000
deb	0	1	2	0	1.000000
vy	1	1	13	0	1.000000
trabaja	0	0	2	0	1.000000
lti	0	0	1	0	0.999999
lend	0	0	5	0	1.000000
matches	0	0	1	0	0.999999
pvc	0	0	32	0	1.000000
cd	1	1	15	0	1.000000
treaty	0	0	4	0	1.000000
rwanda	0	1	4	0	1.000000
quel	0	0	1	0	0.999999
ve	2	1	7	0	1.000000
mom	0	1	5	0	1.000000
adherence	0	0	1	0	0.999999
truncation	0	1	2	0	1.000000
flap	0	0	1	0	0.999999
doubtful	0	0	2	0	1.000000
sci	4	1	18	0	1.000000
obamas	0	1	9	0	1.000000
ouo	4	0	1	0	0.999999
received	0	0	15	0	1.000000
warren	0	1	3	0	1.000000
ih	1	0	3	0	1.000000
url	2	1	50	0	1.000000
advises	0	0	1	0	0.999999
ireland	0	1	6	0	1.000000
dhi	2	1	1	0	0.999999
partial	0	0	1	0	0.999999
aus	4	1	31	0	1.000000
census	0	0	1	0	0.999999
bod	4	1	6	0	1.000000
merry	0	0	1	0	0.999999
fulfils	0	0	2	0	1.000000
mom	2	0	1	0	0.999999
aviation	0	0	1	0	0.999999
challenge	0	0	13	0	1.000000
psp	2	0	1	0	0.999999
trailer	0	0	1	0	0.999999
biggest	0	0	2	0	1.000000
animals	0	1	2	0	1.000000
masv	0	1	2	0	1.000000
blues	0	0	1	0	0.999999
logging	0	0	2	0	1.000000
wec	4	1	1	0	0.999999
nvy	2	0	3	0	1.000000
lyd	2	1	1	0	0.999999
facilitating	0	0	1	0	0.999999
gruber	0	1	2	0	1.000000
oao	2	1	1	0	0.999999
knots	0	0	5	0	1.000000
ly	3	0	13	0	1.000000
periodicals	0	1	1	0	0.999999
riding	0	1	1	0	0.999999
asa	2	0	2	0	1.000000
route	0	0	1	0	0.999999
stored	0	0	3	0	1.000000
rochseter	0	0	1	0	0.999999
superb	0	1	1	0	0.999999
cis	2	1	1	0	0.999999
bend	0	0	2	0	1.000000
hunting	0	0	2	0	1.000000
psp	4	1	17	0	1.000000
indices	0	1	52	0	1.000000
paladin	0	1	1	0	0.999999
dc	3	1	58	0	1.000000
acadlt	0	1	1	0	0.999999
paced	0	0	2	0	1.000000
womens	0	0	2	0	1.000000
abr	2	0	1	0	0.999999
md	1	0	1	0	0.999999
operates	0	0	4	0	1.000000
glue	0	1	1	0	0.999999
piping	0	0	2	0	1.000000
browsers	0	0	4	0	1.000000
shelby	0	1	14	0	1.000000
gam	4	0	235	0	1.000000
yeu	4	0	2	0	1.000000
cayethe	0	1	1	0	0.999999
lo	1	0	28	0	1.000000
jef	4	0	1	0	0.999999
top	2	1	48	0	1.000000
pickens	0	0	2	0	1.000000
chemicals	0	1	32	0	1.000000
acronym	0	0	1	0	0.999999
defined	0	0	4	0	1.000000
ev	2	0	1	0	0.999999
ges	4	0	1	0	0.999999
gladiator	0	1	1	0	0.999999
shepherd	0	1	1	0	0.999999
average	0	0	14	0	1.000000
notable	0	1	1	0	0.999999
agentdate	0	1	15	0	1.000000
lo	2	1	3	0	1.000000
emergencies	0	0	1	0	0.999999
stealth	0	1	1	0	0.999999
branding	0	1	2	0	1.000000
cpv	4	1	1	0	0.999999
prescriptions	0	0	3	0	1.000000
ogs	2	1	28	0	1.000000
everett	0	0	1	0	0.999999
tydskrifte	0	1	2	0	1.000000
trims	0	0	1	0	0.999999
rul	4	1	24	0	1.000000
varied	0	0	3	0	1.000000
schematic	0	0	2	0	1.000000
za	2	1	4	0	1.000000
att	4	0	126	0	1.000000
htm	4	1	13	0	1.000000
caja	0	1	1	0	0.999999
rs	1	1	551	0	1.000000
mn	2	1	15	0	1.000000
brema	0	1	1	0	0.999999
vru	2	1	1	0	0.999999
queens	0	1	3	0	1.000000
cht	2	1	1	0	0.999999
key	0	0	14	0	1.000000
ingrid	0	0	1	0	0.999999
honour	0	0	2	0	1.000000
reappears	0	0	1	0	0.999999
cannon	0	1	1	0	0.999999
approved	0	1	1	0	0.999999
rights	0	0	15	0	1.000000
fifth	0	1	2	0	1.000000
thesubject	0	0	1	0	0.999999
hi	2	1	4	0	1.000000
yke	2	1	2	0	1.000000
lst	2	0	5	0	1.000000
bankrupt	0	0	1	0	0.999999
arv	4	1	2	0	1.000000
rapidly	0	1	1	0	0.999999
terrier	0	0	1	0	0.999999
up	1	0	383	0	1.000000
fax	2	0	7	0	1.000000
pad	0	1	3	0	1.000000
fantastic	0	1	1	0	0.999999
rsd	2	0	1	0	0.999999
mn	1	1	16	0	1.000000
rab	4	1	1	0	0.999999
cn	0	0	3	0	1.000000
tg	1	1	1	0	0.999999
stomping	0	0	1	0	0.999999
mug	0	1	1	0	0.999999
ve	0	1	7	0	1.000000
ici	2	1	3	0	1.000000
concordo	0	0	1	0	0.999999
bra	2	0	1	0	0.999999
camera	0	1	1	0	0.999999
bronzes	0	0	1	0	0.999999
dly	2	1	4	0	1.000000
jil	4	1	2	0	1.000000
outbreak	0	0	1	0	0.999999
delete	0	1	59	0	1.000000
duf	4	1	1	0	0.999999
cafe	0	0	2	0	1.000000
nir	2	1	1	0	0.999999
isthmos	0	1	1	0	0.999999
oke	2	0	20	0	1.000000
nw	2	1	3	0	1.000000
ven	2	0	114	0	1.000000
egi	4	1	1	0	0.999999
manager	0	0	2	0	1.000000
opportunity	0	0	22	0	1.000000
wordpress	0	0	1	0	0.999999
consortium	0	0	3	0	1.000000
wesley	0	1	2	0	1.000000
binding	0	0	1	0	0.999999
ov	1	1	37	0	1.000000
rin	0	0	1	0	0.999999
stamp	0	1	1	0	0.999999
pgh	4	0	6	0	1.000000
climbing	0	1	1	0	0.999999
acceptance	0	0	3	0	1.000000
netscape	0	1	3	0	1.000000
oek	2	0	1	0	0.999999
aey	2	1	3	0	1.000000
ri	1	1	76	0	1.000000
bonn	0	1	1	0	0.999999
mesdames	0	0	2	0	1.000000
sword	0	1	1	0	0.999999
psp	4	0	1	0	0.999999
tempo	0	0	4	0	1.000000
ashleys	0	1	1	0	0.999999
fu	3	0	297	0	1.000000
classificazione	0	0	1	0	0.999999
aia	4	1	1	0	0.999999
rmery	0	0	1	0	0.999999
wrist	0	0	1	0	0.999999
hi	1	1	13	0	1.000000
invited	0	0	5	0	1.000000
grey	0	0	1	0	0.999999
gesture	0	0	1	0	0.999999
council	0	1	4	0	1.000000
aks	2	0	7	0	1.000000
charming	0	0	1	0	0.999999
gripped	0	0	1	0	0.999999
stay	0	1	3	0	1.000000
nwd	2	1	1	0	0.999999
showing	0	1	1	0	0.999999
usa	2	1	10	0	1.000000
attachment	0	0	2	0	1.000000
oceanographic	0	0	1	0	0.999999
enthusiasm	0	0	7	0	1.000000
paolo	0	1	2	0	1.000000
pinata	0	0	1	0	0.999999
weir	0	0	1	0	0.999999
za	3	0	3	0	1.000000
easilyrecognized	0	0	1	0	0.999999
ehr	4	1	2	0	1.000000
amateur	0	0	5	0	1.000000
valuables	0	0	1	0	0.999999
hanover	0	1	1	0	0.999999
wom	4	0	57	0	1.000000
dying	0	0	1	0	0.999999
fan	4	1	8	0	1.000000
ism	4	1	1	0	0.999999
bordered	0	0	1	0	0.999999
seeks	0	0	1	0	0.999999
arl	2	0	2	0	1.000000
nov	0	1	37	0	1.000000
damage	0	1	2	0	1.000000
com	0	0	169	0	1.000000
rivers	0	1	3	0	1.000000
attraction	0	1	3	0	1.000000
buccaneers	0	0	2	0	1.000000
evaluations	0	0	1	0	0.999999
janssonius	0	1	1	0	0.999999
asto	0	0	1	0	0.999999
raster	0	0	4	0	1.000000
fa	2	0	3	0	1.000000
obn	4	0	1	0	0.999999
fascinating	0	0	6	0	1.000000
happened	0	0	7	0	1.000000
interface	0	0	2	0	1.000000
presenting	0	1	1	0	0.999999
ssm	4	0	1	0	0.999999
egin	0	1	1	0	0.999999
xbox	0	1	120	0	1.000000
extensive	0	1	1	0	0.999999
pan	2	1	24	0	1.000000
pet	4	0	24	0	1.000000
fais	0	0	5	0	1.000000
cleopatra	0	1	1	0	0.999999
admirals	0	0	1	0	0.999999
blg	4	1	2	0	1.000000
representative	0	1	1	0	0.999999
dimer	0	0	1	0	0.999999
tutorials	0	0	1	0	0.999999
kus	4	1	1	0	0.999999
thm	2	0	1	0	0.999999
situations	0	0	6	0	1.000000
fnu	4	0	1	0	0.999999
pk	1	1	1	0	0.999999
rosetastone	0	0	1	0	0.999999
where	0	1	30	0	1.000000
catering	0	1	3	0	1.000000
frq	4	0	1	0	0.999999
henders	0	1	1	0	0.999999
rpg	4	0	1	0	0.999999
maxima	0	0	1	0	0.999999
leanne	0	1	1	0	0.999999
zoratti	0	1	1	0	0.999999
character	0	1	5	0	1.000000
aye	2	0	6	0	1.000000
w	0	1	40	0	1.000000
autolisp	0	1	1	0	0.999999
marblehenderson	0	1	1	0	0.999999
recalibration	0	0	1	0	0.999999
hosted	0	1	1	0	0.999999
ask	2	1	11	0	1.000000
involved	0	0	9	0	1.000000
hacking	0	0	2	0	1.000000
edmeston	0	1	1	0	0.999999
watching	0	0	7	0	1.000000
rry	2	1	22	0	1.000000
ob	1	0	24	0	1.000000
craigsilst	0	0	1	0	0.999999
parkinson	0	1	1	0	0.999999
applicable	0	0	6	0	1.000000
favorites	0	1	2	0	1.000000
hid	4	0	7	0	1.000000
benn	0	1	1	0	0.999999
pad	2	1	7	0	1.000000
thousands	0	0	16	0	1.000000
extremist	0	0	1	0	0.999999
settle	0	0	4	0	1.000000
genuine	0	0	1	0	0.999999
by	0	0	1203	0	1.000000
vny	2	0	2	0	1.000000
model	0	1	3	0	1.000000
creeks	0	0	3	0	1.000000
alr	4	0	21	0	1.000000
wired	0	0	2	0	1.000000
nextgen	0	1	2	0	1.000000
mag	4	0	30	0	1.000000
pgh	2	1	8	0	1.000000
le	1	1	409	0	1.000000
bicycle	0	0	4	0	1.000000
plethora	0	0	2	0	1.000000
sim	2	0	5	0	1.000000
preschoolersclarke	0	1	4	0	1.000000
ve	1	1	248	0	1.000000
satisfactorily	0	0	1	0	0.999999
third	0	0	23	0	1.000000
empires	0	0	1	0	0.999999
changing	0	0	5	0	1.000000
mec	4	0	8	0	1.000000
everyone	0	0	20	0	1.000000
orcs	0	0	1	0	0.999999
supercar	0	1	1	0	0.999999
smi	4	0	21	0	1.000000
del	2	1	5	0	1.000000
aguilar	0	1	1	0	0.999999
liberty	0	1	1	0	0.999999
enl	4	0	1	0	0.999999
vides	0	0	2	0	1.000000
brahms	0	1	1	0	0.999999
hub	0	1	1	0	0.999999
diazepam	0	1	9	0	1.000000
tch	4	1	1	0	0.999999
laws	0	1	1	0	0.999999
cattle	0	0	2	0	1.000000
census	0	1	5	0	1.000000
ept	2	1	21	0	1.000000
pictorial	0	0	1	0	0.999999
digitando	0	0	1	0	0.999999
scraping	0	0	2	0	1.000000
constitution	0	0	1	0	0.999999
itl	2	1	1	0	0.999999
sh	3	0	748	0	1.000000
schedule	0	0	3	0	1.000000
drugs	0	0	3	0	1.000000
harvest	0	0	1	0	0.999999
pu	1	1	10	0	1.000000
airportsecurity	0	1	1	0	0.999999
defeat	0	0	2	0	1.000000
operators	0	1	2	0	1.000000
wmur	0	0	2	0	1.000000
product	0	0	17	0	1.000000
federation	0	0	1	0	0.999999
mis	4	1	58	0	1.000000
kayak	0	0	3	0	1.000000
lar	2	1	40	0	1.000000
bmp	4	1	6	0	1.000000
kirkbank	0	1	2	0	1.000000
celebrated	0	0	1	0	0.999999
fun	4	1	46	0	1.000000
mn	3	0	2	0	1.000000
aas	2	0	1	0	0.999999
hogenberg	0	1	1	0	0.999999
gnomish	0	0	1	0	0.999999
canterbury	0	1	1	0	0.999999
meagan	0	0	1	0	0.999999
ugly	0	0	1	0	0.999999
improbable	0	0	1	0	0.999999
bcker	0	0	2	0	1.000000
ige	2	0	1	0	0.999999
traditional	0	0	9	0	1.000000
souleiade	0	1	1	0	0.999999
geometric	0	0	1	0	0.999999
violation	0	0	1	0	0.999999
familie	0	0	1	0	0.999999
considering	0	0	1	0	0.999999
lts	2	1	4	0	1.000000
cn	1	1	1	0	0.999999
simepre	0	0	2	0	1.000000
east	0	0	8	0	1.000000
bo	2	1	2	0	1.000000
oengus	0	1	2	0	1.000000
backflow	0	1	1	0	0.999999
children	0	0	11	0	1.000000
vuate	0	0	1	0	0.999999
unemployment	0	1	1	0	0.999999
gaieties	0	0	1	0	0.999999
fot	4	0	11	0	1.000000
gio	4	1	3	0	1.000000
arb	4	0	1	0	0.999999
eich	0	0	1	0	0.999999
rgf	2	0	1	0	0.999999
ird	2	0	63	0	1.000000
webbrowsers	0	1	1	0	0.999999
bloggers	0	0	1	0	0.999999
dc	0	1	4	0	1.000000
cow	2	0	2	0	1.000000
utstanding	0	0	1	0	0.999999
foods	0	1	1	0	0.999999
daz	4	1	1	0	0.999999
yeux	0	0	1	0	0.999999
displays	0	0	2	0	1.000000
faced	0	0	2	0	1.000000
satisfactionof	0	0	1	0	0.999999
vny	4	0	2	0	1.000000
tta	2	0	5	0	1.000000
wom	4	1	23	0	1.000000
ral	4	0	13	0	1.000000
ly	1	1	251	0	1.000000
rpg	0	1	1	0	0.999999
cyberboard	0	1	2	0	1.000000
pedicure	0	0	1	0	0.999999
sci	4	0	19	0	1.000000
hav	4	1	21	0	1.000000
sms	4	1	3	0	1.000000
traffic	0	1	3	0	1.000000
gjengedal	0	1	1	0	0.999999
mom	4	1	7	0	1.000000
secondo	0	0	2	0	1.000000
url	2	0	3	0	1.000000
fif	4	0	13	0	1.000000
uoy	2	0	4	0	1.000000
haters	0	0	1	0	0.999999
derrek	0	1	1	0	0.999999
moments	0	1	1	0	0.999999
disposal	0	1	1	0	0.999999
fairly	0	0	5	0	1.000000
eft	2	0	72	0	1.000000
challenge	0	1	34	0	1.000000
ige	2	1	1	0	0.999999
annette	0	1	1	0	0.999999
ugnayan	0	0	1	0	0.999999
stampare	0	0	1	0	0.999999
aviation	0	1	1	0	0.999999
spesielt	0	1	1	0	0.999999
appeal	0	0	2	0	1.000000
serve	0	0	7	0	1.000000
skip	0	0	1	0	0.999999
rough	0	0	2	0	1.000000
tta	2	1	13	0	1.000000
solid	0	1	6	0	1.000000
mopan	0	1	4	0	1.000000
fitting	0	0	13	0	1.000000
incurably	0	0	1	0	0.999999
ap	2	1	3	0	1.000000
pvc	4	0	32	0	1.000000
asa	2	1	1	0	0.999999
pet	2	0	6	0	1.000000
dev	4	1	44	0	1.000000
newell	0	1	1	0	0.999999
sunnyvale	0	0	1	0	0.999999
discount	0	1	2	0	1.000000
xm	3	1	2	0	1.000000
bit	4	0	32	0	1.000000
though	0	0	18	0	1.000000
stored	0	1	1	0	0.999999
support	0	1	16	0	1.000000
displays	0	1	3	0	1.000000
url	0	0	3	0	1.000000
eld	2	1	12	0	1.000000
began	0	0	15	0	1.000000
md	1	1	4	0	1.000000
bur	4	1	14	0	1.000000
mii	2	0	3	0	1.000000
comme	0	0	1	0	0.999999
sspeak	0	0	1	0	0.999999
inr	4	0	1	0	0.999999
mommy	0	1	1	0	0.999999
yellowstone	0	1	1	0	0.999999
bar	2	0	31	0	1.000000
request	0	0	20	0	1.000000
rid	4	1	9	0	1.000000
part	0	0	51	0	1.000000
opt	4	1	19	0	1.000000
gt	2	1	3	0	1.000000
origwidth	0	1	2	0	1.000000
less	0	1	2	0	1.000000
undead	0	1	2	0	1.000000
assembling	0	0	1	0	0.999999
ffice	0	0	3	0	1.000000
commission	0	1	1	0	0.999999
rith	0	0	1	0	0.999999
google	0	1	8	0	1.000000
appdb	0	1	1	0	0.999999
rebels	0	0	1	0	0.999999
dives	0	0	5	0	1.000000
questionnaire	0	0	1	0	0.999999
battles	0	0	1	0	0.999999
everett	0	1	1	0	0.999999
jpe	4	1	3	0	1.000000
mis	2	1	3	0	1.000000
top	4	1	59	0	1.000000
burundi	0	1	2	0	1.000000
cpv	4	0	1	0	0.999999
oriol	0	1	2	0	1.000000
winds	0	0	7	0	1.000000
drifters	0	1	1	0	0.999999
crucial	0	0	1	0	0.999999
opt	2	0	17	0	1.000000
whos	0	0	1	0	0.999999
af	3	1	63	0	1.000000
ve	3	1	72	0	1.000000
dosage	0	0	1	0	0.999999
nesta	0	0	1	0	0.999999
att	4	1	19	0	1.000000
pass	0	1	1	0	0.999999
truncation	0	0	1	0	0.999999
phenobarbitol	0	0	1	0	0.999999
htm	4	0	9	0	1.000000
corrections	0	0	6	0	1.000000
voudrais	0	0	1	0	0.999999
oft	4	0	27	0	1.000000
rs	1	0	1194	0	1.000000
travail	0	0	4	0	1.000000
licensed	0	0	15	0	1.000000
gio	2	0	6	0	1.000000
noises	0	0	4	0	1.000000
dpa	2	1	3	0	1.000000
mushr	0	1	1	0	0.999999
expenditure	0	1	1	0	0.999999
xbo	2	0	1	0	0.999999
omm	4	0	1	0	0.999999
agfa	0	0	2	0	1.000000
besidesoffering	0	1	1	0	0.999999
old	0	0	51	0	1.000000
questions	0	0	37	0	1.000000
disclosure	0	0	2	0	1.000000
hix	2	1	1	0	0.999999
thefourth	0	0	1	0	0.999999
suppliesfuel	0	1	1	0	0.999999
chine	0	1	1	0	0.999999
enossal	0	0	1	0	0.999999
by	2	1	55	0	1.000000
copiando	0	0	1	0	0.999999
oeu	4	0	1	0	0.999999
camera	0	0	10	0	1.000000
bartender	0	0	1	0	0.999999
zu	3	0	5	0	1.000000
initiated	0	1	1	0	0.999999
ehr	2	1	1	0	0.999999
header	0	0	1	0	0.999999
ubertalented	0	0	1	0	0.999999
beautiful	0	0	26	0	1.000000
flm	4	1	1	0	0.999999
zda	2	0	2	0	1.000000
punishing	0	0	1	0	0.999999
treatments	0	0	1	0	0.999999
refers	0	0	2	0	1.000000
about	0	0	260	0	1.000000
up	3	0	99	0	1.000000
cheiliradh	0	0	1	0	0.999999
gj	3	1	3	0	1.000000
loisirs	0	1	1	0	0.999999
curation	0	1	4	0	1.000000
legislature	0	1	1	0	0.999999
stufffor	0	1	1	0	0.999999
catarina	0	1	2	0	1.000000
riley	0	1	2	0	1.000000
unity	0	0	1	0	0.999999
hilas	0	1	1	0	0.999999
sciences	0	0	2	0	1.000000
minor	0	0	5	0	1.000000
pgh	4	1	8	0	1.000000
fluids	0	1	1	0	0.999999
mpete	0	0	2	0	1.000000
praises	0	0	2	0	1.000000
mmo	0	1	1	0	0.999999
gos	4	1	1	0	0.999999
lex	0	1	1	0	0.999999
le	0	0	17	0	1.000000
procession	0	0	1	0	0.999999
eke	4	0	1	0	0.999999
wow	2	1	83	0	1.000000
fps	0	0	2	0	1.000000
sic	2	1	55	0	1.000000
newly	0	0	2	0	1.000000
tta	4	0	3	0	1.000000
intimidating	0	0	2	0	1.000000
thefloogle	0	1	1	0	0.999999
prep	0	1	1	0	0.999999
ngt	2	0	1	0	0.999999
simpson	0	1	1	0	0.999999
reader	0	1	1	0	0.999999
vaktydskrifte	0	1	1	0	0.999999
orchestra	0	1	1	0	0.999999
ypt	2	1	1	0	0.999999
trinidad	0	1	1	0	0.999999
bertangue	0	1	2	0	1.000000
att	2	0	2	0	1.000000
pa	0	1	5	0	1.000000
changes	0	0	23	0	1.000000
cd	2	0	6	0	1.000000
nidsan	0	0	1	0	0.999999
colon	0	0	1	0	0.999999
bed	0	0	9	0	1.000000
excel	0	0	1	0	0.999999
contractor	0	0	2	0	1.000000
engineering	0	1	28	0	1.000000
up	2	0	182	0	1.000000
croatia	0	1	1	0	0.999999
seemed	0	0	8	0	1.000000
repairing	0	0	2	0	1.000000
arl	2	1	6	0	1.000000
palaces	0	0	3	0	1.000000
texas	0	0	11	0	1.000000
attraction	0	0	2	0	1.000000
utt	2	1	1	0	0.999999
uz	3	1	2	0	1.000000
hul	4	0	3	0	1.000000
response	0	0	6	0	1.000000
you	4	0	1777	0	1.000000
fascinating	0	1	1	0	0.999999
parasailing	0	0	1	0	0.999999
dybuiding	0	0	1	0	0.999999
belgium	0	1	1	0	0.999999
wire	0	0	2	0	1.000000
eky	2	0	1	0	0.999999
disservice	0	0	5	0	1.000000
wth	2	0	3	0	1.000000
pet	4	1	28	0	1.000000
expansion	0	1	3	0	1.000000
rpg	0	0	1	0	0.999999
abr	4	1	4	0	1.000000
cag	4	1	1	0	0.999999
bales	0	0	1	0	0.999999
esg	2	0	12	0	1.000000
kee	4	1	6	0	1.000000
hub	4	0	4	0	1.000000
powrde	0	0	1	0	0.999999
consider	0	1	2	0	1.000000
moskva	0	1	2	0	1.000000
env	4	0	48	0	1.000000
tuscany	0	1	1	0	0.999999
catering	0	0	4	0	1.000000
neb	4	0	1	0	0.999999
lakisha	0	1	1	0	0.999999
spots	0	0	3	0	1.000000
mathematician	0	0	1	0	0.999999
ravenna	0	0	3	0	1.000000
lur	2	0	1	0	0.999999
replaceent	0	0	1	0	0.999999
pa	1	1	11	0	1.000000
douceur	0	0	2	0	1.000000
hre	4	0	15	0	1.000000
tudes	0	0	2	0	1.000000
percipio	0	0	1	0	0.999999
hacking	0	1	1	0	0.999999
character	0	0	10	0	1.000000
hin	4	0	4	0	1.000000
rre	2	0	4	0	1.000000
singular	0	0	2	0	1.000000
strongest	0	0	1	0	0.999999
lar	4	1	10	0	1.000000
rry	2	0	23	0	1.000000
hid	4	1	6	0	1.000000
stati	0	0	1	0	0.999999
niche	0	0	2	0	1.000000
bit	0	1	1	0	0.999999
tauren	0	1	1	0	0.999999
favorites	0	0	17	0	1.000000
source	0	1	4	0	1.000000
seedling	0	1	1	0	0.999999
by	0	1	55	0	1.000000
wired	0	1	1	0	0.999999
disciplines	0	0	2	0	1.000000
gave	0	0	13	0	1.000000
settlementthats	0	1	1	0	0.999999
mag	4	1	22	0	1.000000
worry	0	0	2	0	1.000000
ska	2	1	5	0	1.000000
rin	4	0	12	0	1.000000
newsmailings	0	1	1	0	0.999999
sim	2	1	1	0	0.999999
le	1	0	1182	0	1.000000
quality	0	0	16	0	1.000000
roosevelt	0	1	1	0	0.999999
probably	0	0	7	0	1.000000
ih	3	1	1	0	0.999999
nih	2	0	1	0	0.999999
fees	0	0	4	0	1.000000
borchardt	0	0	2	0	1.000000
rin	2	1	3	0	1.000000
resistant	0	0	1	0	0.999999
lit	2	0	1	0	0.999999
schedue	0	0	1	0	0.999999
convert	0	1	3	0	1.000000
distant	0	0	1	0	0.999999
ffering	0	0	4	0	1.000000
languages	0	1	5	0	1.000000
gizm	0	1	1	0	0.999999
climb	0	1	1	0	0.999999
repayment	0	0	1	0	0.999999
airlinetickets	0	0	1	0	0.999999
citizensexemptions	0	1	1	0	0.999999
embed	0	0	2	0	1.000000
jq	3	1	13	0	1.000000
poll	0	1	1	0	0.999999
authority	0	0	1	0	0.999999
schedule	0	1	2	0	1.000000
ghost	0	0	1	0	0.999999
debug	0	1	1	0	0.999999
ntg	4	0	1	0	0.999999
specifics	0	0	1	0	0.999999
gca	2	1	1	0	0.999999
ashland	0	0	1	0	0.999999
bowed	0	0	1	0	0.999999
jq	3	0	4	0	1.000000
shawnee	0	1	2	0	1.000000
words	0	0	45	0	1.000000
altair	0	1	1	0	0.999999
investors	0	0	10	0	1.000000
federation	0	1	1	0	0.999999
siteroot	0	0	1	0	0.999999
formaggio	0	0	2	0	1.000000
orderly	0	0	1	0	0.999999
ism	2	0	42	0	1.000000
priya	0	1	2	0	1.000000
sank	0	0	2	0	1.000000
gt	3	0	3	0	1.000000
sable	0	1	3	0	1.000000
sh	1	0	201	0	1.000000
traditional	0	1	1	0	0.999999
perf	0	0	3	0	1.000000
graphics	0	1	2	0	1.000000
punctuated	0	0	1	0	0.999999
bmp	0	1	6	0	1.000000
manatee	0	0	2	0	1.000000
rds	0	0	4	0	1.000000
md	3	1	2	0	1.000000
ourbilling	0	0	1	0	0.999999
extraordinarily	0	0	1	0	0.999999
wx	3	0	1	0	0.999999
rightincludes	0	1	3	0	1.000000
cape	0	1	2	0	1.000000
instantea	0	0	1	0	0.999999
denied	0	1	1	0	0.999999
camaro	0	1	2	0	1.000000
relate	0	0	1	0	0.999999
nm	3	0	1	0	0.999999
outland	0	1	1	0	0.999999
opportunities	0	0	23	0	1.000000
booby	0	0	3	0	1.000000
revetments	0	1	1	0	0.999999
kltv	0	1	1	0	0.999999
editor	0	1	1	0	0.999999
pty	2	0	9	0	1.000000
fnu	0	0	1	0	0.999999
gam	2	0	1	0	0.999999
emm	4	1	2	0	1.000000
mga	4	0	6	0	1.000000
support	0	0	48	0	1.000000
trails	0	1	1	0	0.999999
transvan	0	1	1	0	0.999999
motorcycle	0	0	1	0	0.999999
sauherad	0	1	2	0	1.000000
lvls	0	0	1	0	0.999999
wow	0	0	139	0	1.000000
eb	1	0	223	0	1.000000
pot	4	0	18	0	1.000000
quests	0	0	1	0	0.999999
sr	2	1	1	0	0.999999
gustavo	0	1	7	0	1.000000
wec	4	0	1	0	0.999999
feelings	0	0	6	0	1.000000
extraction	0	1	1	0	0.999999
fu	0	1	3	0	1.000000
blunt	0	1	2	0	1.000000
themaya	0	1	1	0	0.999999
aguirre	0	0	1	0	0.999999
nahhh	0	1	1	0	0.999999
fif	4	1	3	0	1.000000
xoops	0	1	1	0	0.999999
az	1	0	4	0	1.000000
ajakirjad	0	1	1	0	0.999999
functions	0	0	11	0	1.000000
centavinho	0	0	1	0	0.999999
healaona	0	0	1	0	0.999999
opens	0	0	4	0	1.000000
dev	4	0	127	0	1.000000
adrenaline	0	0	1	0	0.999999
fifteenth	0	0	1	0	0.999999
voters	0	0	2	0	1.000000
kalmans	0	1	1	0	0.999999
trading	0	0	8	0	1.000000
wealth	0	0	8	0	1.000000
citation	0	1	1	0	0.999999
todas	0	0	3	0	1.000000
terrible	0	0	2	0	1.000000
carve	0	0	1	0	0.999999
requirement	0	0	3	0	1.000000
yea	4	1	13	0	1.000000
forgot	0	0	5	0	1.000000
aey	0	1	1	0	0.999999
publish	0	0	10	0	1.000000
vru	0	1	1	0	0.999999
skip	0	1	1	0	0.999999
sailingnovember	0	1	1	0	0.999999
pps	2	0	3	0	1.000000
pet	2	1	4	0	1.000000
til	2	1	2	0	1.000000
groen	0	0	1	0	0.999999
inexorable	0	0	1	0	0.999999
cx	2	1	8	0	1.000000
maddening	0	0	1	0	0.999999
escrita	0	0	1	0	0.999999
drumsticks	0	0	1	0	0.999999
reconstructi	0	0	1	0	0.999999
rns	2	0	21	0	1.000000
rab	2	1	1	0	0.999999
arena	0	0	1	0	0.999999
sua	4	0	5	0	1.000000
symbols	0	1	1	0	0.999999
calabria	0	1	1	0	0.999999
onl	4	0	262	0	1.000000
yay	0	1	1	0	0.999999
acceder	0	0	1	0	0.999999
kee	2	0	1	0	0.999999
desert	0	0	3	0	1.000000
westinghouse	0	1	1	0	0.999999
sh	0	1	17	0	1.000000
beach	0	0	8	0	1.000000
