age	4	1	70	0	1.000000
pob	4	0	1	0	0.999999
common	0	1	11	0	1.000000
locatedon	0	0	1	0	0.999999
military	0	1	12	0	1.000000
han	2	1	14	0	1.000000
brugte	0	1	1	0	0.999999
altogether	0	1	1	0	0.999999
permitinternational	0	0	1	0	0.999999
trapping	0	1	1	0	0.999999
ultimas	0	0	1	0	0.999999
legislative	0	1	1	0	0.999999
unr	4	0	11	0	1.000000
ece	2	0	38	0	1.000000
extension	0	0	5	0	1.000000
tractor	0	1	3	0	1.000000
notary	0	0	1	0	0.999999
spdak	0	0	1	0	0.999999
gifts	0	0	6	0	1.000000
empresa	0	0	1	0	0.999999
shaver	0	0	1	0	0.999999
sei	2	1	1	0	0.999999
swelling	0	0	2	0	1.000000
shoe	0	0	2	0	1.000000
pcx	2	1	1	0	0.999999
wey	2	1	1	0	0.999999
aff	4	1	18	0	1.000000
ece	4	1	1	0	0.999999
current	0	1	6	0	1.000000
grands	0	1	1	0	0.999999
closing	0	1	1	0	0.999999
maximizing	0	0	1	0	0.999999
onresize	0	0	1	0	0.999999
processing	0	1	4	0	1.000000
sometime	0	0	1	0	0.999999
romantic	0	1	2	0	1.000000
smu	4	1	2	0	1.000000
dy	0	1	1	0	0.999999
xed	4	0	1	0	0.999999
scu	4	0	6	0	1.000000
itd	4	0	1	0	0.999999
tunnels	0	0	1	0	0.999999
nts	2	1	174	0	1.000000
wabaunsee	0	1	1	0	0.999999
umi	0	1	1	0	0.999999
faz	0	0	2	0	1.000000
mai	0	1	1	0	0.999999
noelle	0	0	1	0	0.999999
urn	4	0	1	0	0.999999
previlgio	0	0	1	0	0.999999
valves	0	0	1	0	0.999999
cf	0	1	1	0	0.999999
gmc	4	1	3	0	1.000000
pubicati	0	0	1	0	0.999999
ran	0	1	1	0	0.999999
gaidhlig	0	1	1	0	0.999999
tro	4	0	39	0	1.000000
pel	2	1	2	0	1.000000
woo	4	0	8	0	1.000000
agustin	0	1	1	0	0.999999
setup	0	0	3	0	1.000000
passages	0	0	1	0	0.999999
had	0	1	8	0	1.000000
azz	2	1	1	0	0.999999
eis	4	1	4	0	1.000000
aak	2	0	1	0	0.999999
similares	0	0	1	0	0.999999
xe	3	1	3	0	1.000000
skeleton	0	0	1	0	0.999999
keyboard	0	0	1	0	0.999999
collectedinformation	0	0	1	0	0.999999
jul	4	0	3	0	1.000000
pri	2	1	2	0	1.000000
manuals	0	1	3	0	1.000000
evenly	0	0	1	0	0.999999
parodies	0	1	1	0	0.999999
lof	2	0	1	0	0.999999
nutshell	0	0	1	0	0.999999
dy	3	0	14	0	1.000000
emo	2	1	1	0	0.999999
do	2	1	50	0	1.000000
questa	0	1	1	0	0.999999
tenser	0	0	1	0	0.999999
guard	0	0	1	0	0.999999
nst	4	1	1	0	0.999999
trouve	0	0	2	0	1.000000
ha	2	1	7	0	1.000000
dit	0	1	1	0	0.999999
meetingnew	0	1	1	0	0.999999
catherine	0	1	1	0	0.999999
traders	0	0	2	0	1.000000
pc	0	0	3	0	1.000000
ti	3	0	375	0	1.000000
droppers	0	1	1	0	0.999999
pm	0	1	91	0	1.000000
dru	4	0	23	0	1.000000
ur	3	0	23	0	1.000000
zm	1	0	1	0	0.999999
chief	0	0	3	0	1.000000
atl	4	1	10	0	1.000000
define	0	0	2	0	1.000000
freeno	0	0	1	0	0.999999
outlook	0	0	2	0	1.000000
dysentery	0	1	1	0	0.999999
bullets	0	0	1	0	0.999999
environmentally	0	0	4	0	1.000000
fold	0	0	1	0	0.999999
rkers	0	0	1	0	0.999999
england	0	0	1	0	0.999999
don	4	0	117	0	1.000000
fw	3	0	2	0	1.000000
kingston	0	0	1	0	0.999999
hip	4	0	5	0	1.000000
prizes	0	0	7	0	1.000000
benotto	0	0	1	0	0.999999
uws	2	1	4	0	1.000000
nikolai	0	1	3	0	1.000000
informationyou	0	1	1	0	0.999999
viv	4	0	1	0	0.999999
nex	4	0	24	0	1.000000
it	3	0	194	0	1.000000
membrane	0	1	3	0	1.000000
rte	2	1	2	0	1.000000
admin	0	1	1	0	0.999999
tamilnaduindiaphen	0	1	1	0	0.999999
resold	0	0	1	0	0.999999
helmet	0	1	1	0	0.999999
downloads	0	0	10	0	1.000000
bat	0	1	1	0	0.999999
thinks	0	0	7	0	1.000000
sys	4	0	74	0	1.000000
cost	0	0	24	0	1.000000
timo	0	0	1	0	0.999999
tags	0	0	2	0	1.000000
ess	4	0	13	0	1.000000
ugo	2	1	4	0	1.000000
elite	0	0	2	0	1.000000
premiers	0	0	2	0	1.000000
rightintervju	0	1	1	0	0.999999
cancerchicken	0	1	1	0	0.999999
xcelent	0	0	1	0	0.999999
hu	3	1	55	0	1.000000
didnt	0	0	9	0	1.000000
convertible	0	0	1	0	0.999999
cury	0	1	1	0	0.999999
validationfee	0	1	1	0	0.999999
que	0	1	9	0	1.000000
popups	0	1	2	0	1.000000
den	2	0	15	0	1.000000
nansemond	0	0	1	0	0.999999
michael	0	1	6	0	1.000000
sei	0	0	1	0	0.999999
ny	3	1	6	0	1.000000
gaiconsultants	0	0	1	0	0.999999
unitbelize	0	1	1	0	0.999999
sum	2	1	2	0	1.000000
tgp	4	0	1	0	0.999999
lut	2	0	2	0	1.000000
tough	0	0	2	0	1.000000
inregards	0	0	1	0	0.999999
thismagnificent	0	0	1	0	0.999999
jeff	0	1	1	0	0.999999
mp	3	0	20	0	1.000000
record	0	0	19	0	1.000000
mejor	0	0	4	0	1.000000
tlk	2	1	3	0	1.000000
ha	3	1	177	0	1.000000
ra	1	0	115	0	1.000000
interested	0	0	13	0	1.000000
ddy	2	1	19	0	1.000000
aka	4	0	1	0	0.999999
barrier	0	1	8	0	1.000000
race	0	0	6	0	1.000000
heavy	0	1	3	0	1.000000
hot	4	0	39	0	1.000000
funeral	0	1	1	0	0.999999
ndo	2	1	11	0	1.000000
berea	0	1	1	0	0.999999
but	2	0	233	0	1.000000
erie	0	0	4	0	1.000000
snt	2	0	10	0	1.000000
ah	3	1	3	0	1.000000
suppliers	0	0	6	0	1.000000
cas	4	0	98	0	1.000000
kossuth	0	1	1	0	0.999999
feb	4	0	1	0	0.999999
totally	0	0	10	0	1.000000
scu	4	1	3	0	1.000000
hablador	0	0	2	0	1.000000
itx	2	0	1	0	0.999999
ar	1	1	240	0	1.000000
ios	2	0	7	0	1.000000
shoe	0	1	1	0	0.999999
non	0	0	25	0	1.000000
coating	0	0	1	0	0.999999
qibs	0	1	1	0	0.999999
jeh	4	1	1	0	0.999999
visalia	0	0	1	0	0.999999
was	0	1	4	0	1.000000
walk	0	1	7	0	1.000000
gao	2	1	1	0	0.999999
carts	0	0	3	0	1.000000
nort	0	1	1	0	0.999999
dra	4	1	20	0	1.000000
od	3	0	5	0	1.000000
ill	4	1	15	0	1.000000
paste	0	1	3	0	1.000000
secada	0	1	1	0	0.999999
ult	4	1	6	0	1.000000
neapolitan	0	1	1	0	0.999999
brackish	0	0	2	0	1.000000
beauteous	0	0	3	0	1.000000
seneste	0	1	1	0	0.999999
freak	0	0	1	0	0.999999
singson	0	1	1	0	0.999999
weddings	0	0	5	0	1.000000
oth	4	0	201	0	1.000000
meo	4	1	3	0	1.000000
ill	0	0	5	0	1.000000
wacam	0	1	1	0	0.999999
patio	0	0	1	0	0.999999
eme	2	1	4	0	1.000000
define	0	1	2	0	1.000000
breakfast	0	1	2	0	1.000000
sale	0	1	19	0	1.000000
dit	2	1	10	0	1.000000
de	2	1	7	0	1.000000
rda	2	0	5	0	1.000000
spread	0	0	9	0	1.000000
relations	0	0	4	0	1.000000
osi	2	1	1	0	0.999999
nql	2	0	1	0	0.999999
city	0	0	47	0	1.000000
uim	2	0	1	0	0.999999
annual	0	0	9	0	1.000000
benzene	0	0	1	0	0.999999
rk	3	0	1	0	0.999999
irp	2	0	2	0	1.000000
wye	4	0	1	0	0.999999
ar	3	0	1116	0	1.000000
avocado	0	0	1	0	0.999999
ill	2	1	56	0	1.000000
geologic	0	1	1	0	0.999999
nit	4	1	2	0	1.000000
side	0	1	2	0	1.000000
sprinklers	0	1	2	0	1.000000
incidents	0	0	2	0	1.000000
fallout	0	1	2	0	1.000000
each	0	1	20	0	1.000000
assignment	0	0	1	0	0.999999
usc	4	0	2	0	1.000000
app	0	1	1	0	0.999999
realtime	0	1	1	0	0.999999
itres	0	1	1	0	0.999999
townsmen	0	0	1	0	0.999999
adh	4	0	2	0	1.000000
armed	0	1	1	0	0.999999
burgess	0	1	1	0	0.999999
bli	4	0	12	0	1.000000
ded	2	0	189	0	1.000000
reefsouth	0	1	1	0	0.999999
trustworthy	0	0	2	0	1.000000
confounded	0	0	1	0	0.999999
navigable	0	0	1	0	0.999999
lift	0	0	3	0	1.000000
kr	1	1	2	0	1.000000
sunbathers	0	0	1	0	0.999999
rad	4	0	25	0	1.000000
consist	0	0	1	0	0.999999
baj	4	0	2	0	1.000000
code	0	0	38	0	1.000000
customized	0	0	3	0	1.000000
triumph	0	0	2	0	1.000000
cia	4	1	4	0	1.000000
zza	2	1	2	0	1.000000
victoria	0	0	1	0	0.999999
politicians	0	1	2	0	1.000000
xy	2	1	2	0	1.000000
theme	0	0	1	0	0.999999
dream	0	0	7	0	1.000000
adiscussion	0	0	1	0	0.999999
trainer	0	0	1	0	0.999999
naive	0	0	2	0	1.000000
gou	4	0	1	0	0.999999
shear	0	0	1	0	0.999999
bil	4	1	10	0	1.000000
the	0	1	964	0	1.000000
de	1	1	189	0	1.000000
meter	0	1	2	0	1.000000
planning	0	0	22	0	1.000000
fouur	0	0	1	0	0.999999
eco	0	0	2	0	1.000000
oth	2	0	50	0	1.000000
converting	0	0	1	0	0.999999
rudklint	0	1	1	0	0.999999
aim	4	1	1	0	0.999999
ndo	2	0	25	0	1.000000
bef	4	1	11	0	1.000000
hilary	0	1	2	0	1.000000
intended	0	0	2	0	1.000000
rendezvous	0	1	1	0	0.999999
sensing	0	1	1	0	0.999999
han	4	1	42	0	1.000000
periodically	0	0	1	0	0.999999
mia	0	0	1	0	0.999999
mye	4	1	2	0	1.000000
fly	4	0	21	0	1.000000
pinhole	0	0	1	0	0.999999
buck	0	1	9	0	1.000000
become	0	0	26	0	1.000000
ghana	0	0	1	0	0.999999
but	4	1	51	0	1.000000
rip	0	0	1	0	0.999999
meami	0	1	1	0	0.999999
gl	3	0	55	0	1.000000
tal	2	1	74	0	1.000000
wye	4	1	1	0	0.999999
pubic	0	0	3	0	1.000000
ts	1	1	679	0	1.000000
tools	0	1	15	0	1.000000
liv	4	1	25	0	1.000000
dams	0	1	7	0	1.000000
supporting	0	0	2	0	1.000000
ffa	4	1	1	0	0.999999
ru	3	1	73	0	1.000000
careerfargo	0	1	1	0	0.999999
nation	0	0	35	0	1.000000
hoj	4	0	1	0	0.999999
ert	2	1	27	0	1.000000
bib	0	0	1	0	0.999999
another	0	0	58	0	1.000000
ffa	2	1	2	0	1.000000
thick	0	0	1	0	0.999999
ra	0	0	1	0	0.999999
ed	2	0	2	0	1.000000
no	2	0	173	0	1.000000
sconfitta	0	1	1	0	0.999999
uff	2	0	17	0	1.000000
wik	4	1	27	0	1.000000
nox	2	1	1	0	0.999999
mirage	0	1	2	0	1.000000
most	0	1	33	0	1.000000
adr	4	1	27	0	1.000000
mustdownload	0	0	1	0	0.999999
otr	4	0	2	0	1.000000
ndy	2	1	8	0	1.000000
ny	1	0	426	0	1.000000
ses	2	0	206	0	1.000000
sma	4	0	60	0	1.000000
leavin	0	1	1	0	0.999999
rgh	2	1	10	0	1.000000
muscle	0	1	1	0	0.999999
heck	0	0	2	0	1.000000
macquarts	0	1	1	0	0.999999
smell	0	1	1	0	0.999999
daily	0	0	15	0	1.000000
benefit	0	0	10	0	1.000000
forcommunication	0	0	1	0	0.999999
entour	0	0	1	0	0.999999
military	0	0	7	0	1.000000
gordon	0	1	1	0	0.999999
altogether	0	0	1	0	0.999999
mutton	0	1	1	0	0.999999
viv	2	1	1	0	0.999999
ts	3	0	1	0	0.999999
theories	0	0	1	0	0.999999
upp	4	0	4	0	1.000000
ece	2	1	28	0	1.000000
mz	1	1	1	0	0.999999
overlapping	0	0	1	0	0.999999
tgp	0	0	1	0	0.999999
de	3	0	922	0	1.000000
rightmacedonian	0	1	1	0	0.999999
during	0	0	54	0	1.000000
mf	3	0	4	0	1.000000
victoria	0	1	3	0	1.000000
vending	0	1	3	0	1.000000
finalists	0	0	6	0	1.000000
oireachtas	0	1	1	0	0.999999
magnifying	0	0	1	0	0.999999
overlap	0	0	1	0	0.999999
joseph	0	1	3	0	1.000000
ess	2	1	97	0	1.000000
ooc	0	0	2	0	1.000000
association	0	0	6	0	1.000000
dreaming	0	0	2	0	1.000000
flexible	0	1	1	0	0.999999
bbs	2	0	2	0	1.000000
gb	1	1	12	0	1.000000
romantic	0	0	1	0	0.999999
ha	3	0	1184	0	1.000000
tav	2	1	1	0	0.999999
laminated	0	0	1	0	0.999999
dox	4	1	1	0	0.999999
referrer	0	1	1	0	0.999999
chicks	0	0	3	0	1.000000
urheberrechtshinweisauthors	0	1	2	0	1.000000
reveal	0	0	1	0	0.999999
structural	0	0	2	0	1.000000
nlg	2	0	1	0	0.999999
tho	4	1	21	0	1.000000
passp	0	1	1	0	0.999999
armenia	0	1	1	0	0.999999
laboratory	0	1	5	0	1.000000
feb	0	1	15	0	1.000000
fellow	0	0	4	0	1.000000
statutes	0	0	1	0	0.999999
vaca	0	1	1	0	0.999999
svetilke	0	0	1	0	0.999999
unh	4	1	1	0	0.999999
bbs	0	1	6	0	1.000000
contenido	0	0	1	0	0.999999
client	0	1	3	0	1.000000
spr	0	1	1	0	0.999999
equatorial	0	1	2	0	1.000000
jacob	0	1	2	0	1.000000
broke	0	0	3	0	1.000000
waaay	0	0	1	0	0.999999
kiw	4	0	2	0	1.000000
zaz	2	0	1	0	0.999999
gmc	4	0	1	0	0.999999
suc	4	0	111	0	1.000000
ts	2	0	2	0	1.000000
ppton	0	0	2	0	1.000000
mai	4	1	49	0	1.000000
ache	0	0	1	0	0.999999
zifas	0	1	1	0	0.999999
sse	4	0	1	0	0.999999
try	4	1	7	0	1.000000
rath	0	1	1	0	0.999999
leia	0	0	1	0	0.999999
headquarters	0	1	3	0	1.000000
popgadget	0	1	7	0	1.000000
fm	2	1	1	0	0.999999
caused	0	0	12	0	1.000000
eag	4	0	6	0	1.000000
wood	0	0	4	0	1.000000
tenders	0	0	1	0	0.999999
demo	0	1	1	0	0.999999
ideal	0	0	12	0	1.000000
cdp	0	1	1	0	0.999999
ru	3	0	121	0	1.000000
digg	0	0	1	0	0.999999
libraries	0	1	7	0	1.000000
do	2	0	156	0	1.000000
xy	1	1	18	0	1.000000
dresden	0	1	2	0	1.000000
ministry	0	0	2	0	1.000000
tolos	0	0	1	0	0.999999
gulls	0	0	3	0	1.000000
normal	0	0	3	0	1.000000
ti	3	1	87	0	1.000000
layouts	0	0	5	0	1.000000
ts	0	0	2	0	1.000000
anymore	0	0	2	0	1.000000
smart	0	1	1	0	0.999999
realizing	0	0	2	0	1.000000
onorevole	0	1	1	0	0.999999
belmont	0	1	1	0	0.999999
restoring	0	0	2	0	1.000000
roma	0	0	1	0	0.999999
dit	0	0	1	0	0.999999
philliptorrone	0	0	4	0	1.000000
pel	4	0	6	0	1.000000
deeper	0	0	7	0	1.000000
paradehouse	0	1	1	0	0.999999
asm	2	1	1	0	0.999999
rebuilt	0	0	1	0	0.999999
eegeospatial	0	1	1	0	0.999999
don	2	1	34	0	1.000000
bullets	0	1	1	0	0.999999
qln	2	0	4	0	1.000000
once	0	0	39	0	1.000000
paste	0	0	14	0	1.000000
rdwide	0	0	1	0	0.999999
collaboratifs	0	0	1	0	0.999999
tayler	0	0	1	0	0.999999
palette	0	0	2	0	1.000000
metal	0	0	6	0	1.000000
stata	0	0	1	0	0.999999
don	4	1	34	0	1.000000
opiniao	0	0	1	0	0.999999
ami	4	1	2	0	1.000000
sj	1	1	3	0	1.000000
ringrazio	0	0	1	0	0.999999
rmati	0	0	7	0	1.000000
minicooper	0	0	1	0	0.999999
membrane	0	0	2	0	1.000000
communications	0	0	10	0	1.000000
john	0	0	2	0	1.000000
kugelblitz	0	0	1	0	0.999999
competitors	0	1	1	0	0.999999
pel	2	0	2	0	1.000000
downloads	0	1	5	0	1.000000
caribou	0	0	1	0	0.999999
disparate	0	0	1	0	0.999999
germans	0	1	1	0	0.999999
zyl	2	1	9	0	1.000000
elp	2	0	56	0	1.000000
fullerton	0	1	1	0	0.999999
highabove	0	0	1	0	0.999999
ret	4	1	10	0	1.000000
bat	0	0	1	0	0.999999
jamais	0	0	1	0	0.999999
ple	2	0	202	0	1.000000
ami	2	0	3	0	1.000000
ess	4	1	22	0	1.000000
avery	0	0	1	0	0.999999
umi	4	1	1	0	0.999999
ar	0	1	3	0	1.000000
coilover	0	1	1	0	0.999999
bbs	4	0	2	0	1.000000
follow	0	0	15	0	1.000000
ies	0	0	2	0	1.000000
gameboxes	0	0	1	0	0.999999
activity	0	0	11	0	1.000000
dgzmk	0	1	1	0	0.999999
ima	2	0	11	0	1.000000
against	0	1	2	0	1.000000
drumshhh	0	1	1	0	0.999999
auto	0	0	10	0	1.000000
ex	1	0	45	0	1.000000
nod	4	0	1	0	0.999999
bat	2	1	4	0	1.000000
kong	0	1	1	0	0.999999
chlorinated	0	1	1	0	0.999999
provide	0	0	57	0	1.000000
hears	0	0	1	0	0.999999
on	0	1	61	0	1.000000
financial	0	0	10	0	1.000000
wf	1	1	8	0	1.000000
professional	0	1	3	0	1.000000
sse	2	0	19	0	1.000000
backgrounds	0	0	1	0	0.999999
roll	0	0	3	0	1.000000
tho	4	0	125	0	1.000000
minorities	0	0	1	0	0.999999
ny	3	0	6	0	1.000000
piada	0	0	2	0	1.000000
busy	0	0	2	0	1.000000
que	0	0	100	0	1.000000
tremble	0	0	1	0	0.999999
thisnext	0	1	1	0	0.999999
weekly	0	0	1	0	0.999999
vegetable	0	0	2	0	1.000000
oce	4	1	9	0	1.000000
kiel	0	1	1	0	0.999999
motor	0	0	1	0	0.999999
choice	0	0	16	0	1.000000
receive	0	1	1	0	0.999999
autism	0	0	1	0	0.999999
rip	2	0	28	0	1.000000
craigalist	0	0	1	0	0.999999
sca	2	1	4	0	1.000000
tangentally	0	0	1	0	0.999999
sie	2	0	1	0	0.999999
ballets	0	1	1	0	0.999999
remax	0	0	1	0	0.999999
osborn	0	1	1	0	0.999999
accident	0	1	2	0	1.000000
defender	0	0	1	0	0.999999
mee	2	0	1	0	0.999999
pap	4	1	5	0	1.000000
tor	4	1	10	0	1.000000
parental	0	0	1	0	0.999999
mesma	0	0	1	0	0.999999
beans	0	1	2	0	1.000000
format	0	1	9	0	1.000000
hot	0	0	10	0	1.000000
nar	4	1	1	0	0.999999
ran	2	0	7	0	1.000000
steadily	0	0	3	0	1.000000
also	0	0	129	0	1.000000
ick	2	0	58	0	1.000000
glove	0	1	1	0	0.999999
lil	0	1	1	0	0.999999
aws	2	1	1	0	0.999999
rna	2	0	1	0	0.999999
kh	3	1	7	0	1.000000
rowfant	0	1	1	0	0.999999
evergreen	0	1	2	0	1.000000
no	0	1	84	0	1.000000
commit	0	0	1	0	0.999999
starten	0	0	1	0	0.999999
analysts	0	1	1	0	0.999999
japanese	0	0	8	0	1.000000
half	0	0	13	0	1.000000
strong	0	0	18	0	1.000000
swa	4	1	5	0	1.000000
ware	0	1	1	0	0.999999
oth	4	1	74	0	1.000000
igg	2	1	5	0	1.000000
storageareas	0	1	1	0	0.999999
excluding	0	0	1	0	0.999999
wear	0	1	2	0	1.000000
ed	1	0	3109	0	1.000000
quod	0	0	1	0	0.999999
rda	2	1	12	0	1.000000
divide	0	0	1	0	0.999999
saved	0	0	2	0	1.000000
ooc	4	0	2	0	1.000000
breakfast	0	0	1	0	0.999999
waiting	0	1	5	0	1.000000
hurt	0	0	2	0	1.000000
spillway	0	1	1	0	0.999999
morje	0	0	1	0	0.999999
irp	2	1	2	0	1.000000
city	0	1	76	0	1.000000
inj	4	0	11	0	1.000000
pregnancy	0	0	5	0	1.000000
alabama	0	1	1	0	0.999999
viv	4	1	1	0	0.999999
commpose	0	1	3	0	1.000000
nacional	0	0	1	0	0.999999
ill	2	0	549	0	1.000000
side	0	0	24	0	1.000000
bonus	0	0	11	0	1.000000
anglican	0	0	1	0	0.999999
referral	0	0	1	0	0.999999
roomate	0	0	2	0	1.000000
rif	4	0	4	0	1.000000
chlorophenol	0	1	6	0	1.000000
tub	0	1	1	0	0.999999
withthe	0	0	5	0	1.000000
reconstructed	0	0	1	0	0.999999
urd	4	1	1	0	0.999999
rtunity	0	0	1	0	0.999999
mesos	0	0	1	0	0.999999
ftware	0	0	3	0	1.000000
spoonbills	0	0	3	0	1.000000
judgments	0	0	1	0	0.999999
circles	0	0	1	0	0.999999
emy	2	1	2	0	1.000000
twitches	0	0	1	0	0.999999
cosmetique	0	1	1	0	0.999999
gotha	0	1	6	0	1.000000
save	0	0	9	0	1.000000
votes	0	0	6	0	1.000000
abandoning	0	0	1	0	0.999999
od	0	1	1	0	0.999999
st	0	0	30	0	1.000000
borders	0	0	5	0	1.000000
promotion	0	1	2	0	1.000000
mary	0	0	1	0	0.999999
ded	4	1	1	0	0.999999
sam	4	0	65	0	1.000000
temple	0	1	2	0	1.000000
deem	0	0	1	0	0.999999
elaborate	0	0	1	0	0.999999
stow	0	0	1	0	0.999999
mode	0	1	5	0	1.000000
production	0	0	14	0	1.000000
nasceu	0	0	1	0	0.999999
inspected	0	0	1	0	0.999999
amazing	0	0	14	0	1.000000
gou	4	1	3	0	1.000000
jin	2	1	2	0	1.000000
cameron	0	1	1	0	0.999999
quo	0	0	1	0	0.999999
looking	0	1	11	0	1.000000
seems	0	0	9	0	1.000000
ubt	2	0	4	0	1.000000
gether	0	0	2	0	1.000000
oii	4	1	1	0	0.999999
genaric	0	0	1	0	0.999999
planning	0	1	4	0	1.000000
fri	0	1	46	0	1.000000
care	0	0	21	0	1.000000
except	0	0	8	0	1.000000
pri	0	1	1	0	0.999999
meo	2	1	5	0	1.000000
enjoyable	0	0	2	0	1.000000
fly	4	1	6	0	1.000000
woe	2	0	2	0	1.000000
pw	1	1	30	0	1.000000
exhilarated	0	0	1	0	0.999999
clr	4	0	1	0	0.999999
it	0	0	512	0	1.000000
trucs	0	0	1	0	0.999999
jav	4	1	35	0	1.000000
que	4	0	174	0	1.000000
dams	0	0	1	0	0.999999
studies	0	0	4	0	1.000000
int	0	0	1	0	0.999999
elf	2	0	66	0	1.000000
omy	2	1	2	0	1.000000
sloan	0	1	1	0	0.999999
sys	4	1	31	0	1.000000
alien	0	0	1	0	0.999999
heywood	0	1	1	0	0.999999
ult	2	0	50	0	1.000000
lbs	0	0	3	0	1.000000
yem	4	1	4	0	1.000000
ert	2	0	34	0	1.000000
cz	3	0	1	0	0.999999
hty	2	1	4	0	1.000000
artform	0	0	1	0	0.999999
hydrology	0	0	1	0	0.999999
jianhu	0	1	1	0	0.999999
longview	0	1	1	0	0.999999
targeting	0	0	1	0	0.999999
fri	4	1	78	0	1.000000
tor	4	0	18	0	1.000000
maryborough	0	1	1	0	0.999999
offered	0	0	8	0	1.000000
fol	4	0	97	0	1.000000
horizon	0	1	1	0	0.999999
powerleveling	0	0	2	0	1.000000
most	0	0	126	0	1.000000
ed	2	1	20	0	1.000000
travelbelize	0	1	5	0	1.000000
phi	4	0	12	0	1.000000
wik	4	0	3	0	1.000000
vg	3	1	1	0	0.999999
season	0	1	2	0	1.000000
ny	1	1	133	0	1.000000
adr	4	0	3	0	1.000000
zimthe	0	1	1	0	0.999999
ndy	2	0	13	0	1.000000
was	4	0	436	0	1.000000
jemal	0	1	2	0	1.000000
occupy	0	0	1	0	0.999999
stipulated	0	0	1	0	0.999999
xon	2	1	1	0	0.999999
geographically	0	1	1	0	0.999999
vividly	0	0	1	0	0.999999
authoritative	0	0	1	0	0.999999
hip	0	1	1	0	0.999999
heck	0	1	1	0	0.999999
quill	0	1	1	0	0.999999
code	0	1	6	0	1.000000
mp	0	1	5	0	1.000000
brilliance	0	0	1	0	0.999999
kim	4	0	2	0	1.000000
settingsversion	0	1	1	0	0.999999
maintenance	0	0	7	0	1.000000
rif	2	1	1	0	0.999999
aim	0	0	2	0	1.000000
ned	2	0	248	0	1.000000
duringtheir	0	0	1	0	0.999999
de	3	1	667	0	1.000000
indie	0	0	1	0	0.999999
lesbiancheap	0	1	1	0	0.999999
ny	2	0	4	0	1.000000
subscription	0	0	4	0	1.000000
hopping	0	0	2	0	1.000000
occupation	0	0	5	0	1.000000
backyard	0	0	3	0	1.000000
klt	4	1	1	0	0.999999
ox	3	0	3	0	1.000000
sam	2	0	1	0	0.999999
tactics	0	0	1	0	0.999999
default	0	0	19	0	1.000000
privatorum	0	0	1	0	0.999999
attracting	0	0	2	0	1.000000
flexible	0	0	3	0	1.000000
roll	0	1	1	0	0.999999
stocke	0	0	1	0	0.999999
placenciawhite	0	1	1	0	0.999999
coe	4	0	6	0	1.000000
regions	0	1	5	0	1.000000
rk	2	0	6	0	1.000000
buttons	0	0	14	0	1.000000
mood	0	0	1	0	0.999999
inspiratrix	0	0	1	0	0.999999
revolutionary	0	1	5	0	1.000000
xy	0	1	2	0	1.000000
vib	4	0	1	0	0.999999
insulting	0	0	1	0	0.999999
froyskan	0	0	1	0	0.999999
dts	0	0	1	0	0.999999
unparalleled	0	0	2	0	1.000000
ru	2	0	1	0	0.999999
teasing	0	0	1	0	0.999999
argonaut	0	1	1	0	0.999999
camels	0	0	1	0	0.999999
eme	4	1	12	0	1.000000
wray	0	1	1	0	0.999999
ratification	0	0	1	0	0.999999
race	0	1	7	0	1.000000
ago	4	0	33	0	1.000000
st	1	1	571	0	1.000000
fathers	0	0	1	0	0.999999
balancing	0	0	2	0	1.000000
jacob	0	0	1	0	0.999999
vista	0	0	2	0	1.000000
ica	2	1	190	0	1.000000
sos	2	0	1	0	0.999999
photographer	0	0	5	0	1.000000
ard	2	0	163	0	1.000000
inspirado	0	0	1	0	0.999999
sidled	0	0	1	0	0.999999
en	2	1	4	0	1.000000
notebook	0	1	3	0	1.000000
signore	0	1	1	0	0.999999
ensler	0	1	2	0	1.000000
had	2	0	140	0	1.000000
mai	4	0	165	0	1.000000
howto	0	1	1	0	0.999999
mailfire	0	1	1	0	0.999999
spr	2	1	1	0	0.999999
rfs	2	0	1	0	0.999999
unstoppable	0	0	15	0	1.000000
demo	0	0	3	0	1.000000
beaming	0	0	1	0	0.999999
lhc	0	0	1	0	0.999999
ecti	0	0	1	0	0.999999
roman	0	0	4	0	1.000000
secretly	0	0	2	0	1.000000
wikd	0	0	1	0	0.999999
inj	4	1	1	0	0.999999
ah	2	1	2	0	1.000000
themto	0	0	1	0	0.999999
guy	0	0	16	0	1.000000
aci	2	0	4	0	1.000000
extirpe	0	0	1	0	0.999999
entr	0	1	1	0	0.999999
conditioninghuntsville	0	1	1	0	0.999999
pc	1	0	4	0	1.000000
resulting	0	0	3	0	1.000000
on	1	1	1233	0	1.000000
cody	0	1	2	0	1.000000
ashamed	0	0	3	0	1.000000
another	0	1	13	0	1.000000
xit	2	0	5	0	1.000000
hardest	0	1	1	0	0.999999
complete	0	1	8	0	1.000000
hydaulic	0	1	1	0	0.999999
asm	2	0	9	0	1.000000
js	2	0	1	0	0.999999
buyer	0	1	3	0	1.000000
rad	0	0	1	0	0.999999
metal	0	1	4	0	1.000000
zm	1	1	1	0	0.999999
kiwis	0	1	1	0	0.999999
minister	0	0	1	0	0.999999
oce	2	1	1	0	0.999999
non	2	1	19	0	1.000000
gambia	0	1	2	0	1.000000
kouwenhoven	0	1	2	0	1.000000
pottery	0	0	2	0	1.000000
yempire	0	1	4	0	1.000000
skanser	0	1	1	0	0.999999
hun	4	0	34	0	1.000000
ladie	0	0	1	0	0.999999
unreasonably	0	0	1	0	0.999999
communications	0	1	3	0	1.000000
alt	0	0	1	0	0.999999
thissite	0	0	1	0	0.999999
quit	0	0	5	0	1.000000
dij	4	0	2	0	1.000000
cus	2	1	7	0	1.000000
ded	0	0	1	0	0.999999
elp	2	1	121	0	1.000000
regret	0	1	1	0	0.999999
mey	4	0	1	0	0.999999
ple	2	1	25	0	1.000000
saw	4	0	19	0	1.000000
fairings	0	0	1	0	0.999999
tab	4	0	27	0	1.000000
polluted	0	0	2	0	1.000000
newsletter	0	1	1	0	0.999999
ar	0	0	9	0	1.000000
rappelle	0	0	2	0	1.000000
presidents	0	1	1	0	0.999999
end	4	0	62	0	1.000000
bbs	4	1	6	0	1.000000
tyr	4	1	1	0	0.999999
recipient	0	0	13	0	1.000000
umi	4	0	1	0	0.999999
chops	0	0	1	0	0.999999
ter	2	0	543	0	1.000000
follow	0	1	15	0	1.000000
pictures	0	0	28	0	1.000000
ort	2	1	75	0	1.000000
activity	0	1	2	0	1.000000
entity	0	0	2	0	1.000000
dies	0	0	1	0	0.999999
points	0	0	10	0	1.000000
verstelbaar	0	0	1	0	0.999999
against	0	0	15	0	1.000000
giovanni	0	1	1	0	0.999999
bat	2	0	5	0	1.000000
ple	4	0	82	0	1.000000
pleasure	0	0	7	0	1.000000
gently	0	0	2	0	1.000000
en	3	0	494	0	1.000000
dreamweaver	0	1	1	0	0.999999
mentanina	0	0	1	0	0.999999
try	0	1	5	0	1.000000
educate	0	0	4	0	1.000000
fusa	0	1	1	0	0.999999
sends	0	0	2	0	1.000000
battery	0	0	4	0	1.000000
urce	0	0	2	0	1.000000
monde	0	0	2	0	1.000000
ddo	0	1	1	0	0.999999
ships	0	1	1	0	0.999999
motor	0	1	3	0	1.000000
unhide	0	1	1	0	0.999999
en	0	1	4	0	1.000000
non	4	1	11	0	1.000000
etlubricant	0	1	1	0	0.999999
opener	0	0	1	0	0.999999
dji	4	1	2	0	1.000000
dyn	2	1	1	0	0.999999
southwestern	0	0	1	0	0.999999
st	3	1	504	0	1.000000
greece	0	1	2	0	1.000000
spyware	0	1	2	0	1.000000
ministries	0	1	1	0	0.999999
gay	4	1	1	0	0.999999
missions	0	1	1	0	0.999999
format	0	0	10	0	1.000000
mcq	4	1	1	0	0.999999
teh	4	0	1	0	0.999999
olz	2	1	1	0	0.999999
ran	2	1	3	0	1.000000
literature	0	0	2	0	1.000000
mono	0	0	1	0	0.999999
rna	2	1	1	0	0.999999
dar	0	0	3	0	1.000000
ethiopia	0	1	1	0	0.999999
advances	0	0	2	0	1.000000
fillion	0	1	1	0	0.999999
author	0	0	10	0	1.000000
bg	1	0	2	0	1.000000
aws	2	0	5	0	1.000000
suitabe	0	0	1	0	0.999999
website	0	0	26	0	1.000000
do	1	0	223	0	1.000000
presenters	0	1	1	0	0.999999
ixt	2	1	2	0	1.000000
explored	0	0	2	0	1.000000
unpropitious	0	0	1	0	0.999999
exemplos	0	0	1	0	0.999999
etr	2	0	1	0	0.999999
saw	0	0	17	0	1.000000
bliss	0	1	2	0	1.000000
igg	2	0	1	0	0.999999
do	0	1	50	0	1.000000
magnificence	0	0	1	0	0.999999
various	0	0	28	0	1.000000
oss	2	1	13	0	1.000000
maskinbladet	0	1	1	0	0.999999
yd	1	1	3	0	1.000000
pov	4	0	1	0	0.999999
waiting	0	0	8	0	1.000000
retravailler	0	0	1	0	0.999999
telecommunications	0	1	2	0	1.000000
zaz	0	1	9	0	1.000000
desires	0	0	1	0	0.999999
swa	2	1	1	0	0.999999
traier	0	0	1	0	0.999999
fel	4	0	23	0	1.000000
silverado	0	1	1	0	0.999999
quanity	0	0	3	0	1.000000
gue	2	0	11	0	1.000000
ise	2	1	32	0	1.000000
ugo	2	0	1	0	0.999999
jab	4	1	3	0	1.000000
lodgings	0	0	1	0	0.999999
prime	0	0	5	0	1.000000
rk	0	0	6	0	1.000000
friday	0	1	9	0	1.000000
terrain	0	1	1	0	0.999999
dresses	0	0	1	0	0.999999
cazafantasmas	0	1	1	0	0.999999
blackfive	0	1	1	0	0.999999
ceo	4	1	3	0	1.000000
externa	0	0	1	0	0.999999
pyzam	0	0	1	0	0.999999
rock	0	0	9	0	1.000000
mp	2	0	1	0	0.999999
based	0	0	28	0	1.000000
cey	2	0	1	0	0.999999
exclusiveinterview	0	0	1	0	0.999999
xar	2	0	1	0	0.999999
ill	4	0	21	0	1.000000
grolli	0	0	6	0	1.000000
dod	4	1	4	0	1.000000
envoy	0	0	1	0	0.999999
eco	4	1	25	0	1.000000
temple	0	0	3	0	1.000000
pictures	0	1	8	0	1.000000
overlooking	0	1	1	0	0.999999
mary	0	1	4	0	1.000000
dod	2	1	2	0	1.000000
rendered	0	0	1	0	0.999999
culturally	0	1	1	0	0.999999
nick	0	1	1	0	0.999999
agitated	0	0	1	0	0.999999
interpretado	0	0	1	0	0.999999
afterwards	0	0	1	0	0.999999
fashioned	0	0	1	0	0.999999
rdan	0	0	2	0	1.000000
mastery	0	1	1	0	0.999999
ichat	0	1	1	0	0.999999
e	0	0	122	0	1.000000
zedong	0	1	1	0	0.999999
traced	0	0	1	0	0.999999
authorized	0	0	4	0	1.000000
faf	4	0	1	0	0.999999
iso	4	1	7	0	1.000000
cest	0	1	3	0	1.000000
popular	0	0	16	0	1.000000
no	0	0	173	0	1.000000
epiphome	0	0	1	0	0.999999
righta	0	1	1	0	0.999999
riz	2	1	1	0	0.999999
ex	0	0	6	0	1.000000
assurance	0	1	2	0	1.000000
careers	0	0	1	0	0.999999
lahf	0	0	1	0	0.999999
torn	0	0	4	0	1.000000
steve	0	1	2	0	1.000000
usc	4	1	1	0	0.999999
checked	0	1	1	0	0.999999
st	3	0	923	0	1.000000
wai	4	1	6	0	1.000000
ess	0	0	1	0	0.999999
zol	4	1	5	0	1.000000
guy	2	1	1	0	0.999999
cks	2	0	56	0	1.000000
viejo	0	1	2	0	1.000000
errors	0	0	2	0	1.000000
sie	0	1	2	0	1.000000
it	0	1	171	0	1.000000
mus	4	1	45	0	1.000000
hallways	0	0	1	0	0.999999
elf	2	1	6	0	1.000000
jav	4	0	5	0	1.000000
ter	4	0	70	0	1.000000
optimized	0	0	2	0	1.000000
jal	4	0	2	0	1.000000
oom	2	1	11	0	1.000000
ult	2	1	33	0	1.000000
pariah	0	1	2	0	1.000000
js	1	0	3	0	1.000000
omnivorous	0	0	3	0	1.000000
extrait	0	0	1	0	0.999999
ru	1	1	11	0	1.000000
cz	3	1	1	0	0.999999
tipsvisitors	0	1	1	0	0.999999
fanboy	0	1	2	0	1.000000
rud	4	0	4	0	1.000000
octopus	0	1	1	0	0.999999
shaped	0	0	2	0	1.000000
ah	0	1	2	0	1.000000
rowland	0	0	1	0	0.999999
fol	4	1	24	0	1.000000
ran	4	0	49	0	1.000000
ismp	0	1	1	0	0.999999
childcare	0	0	2	0	1.000000
gasket	0	0	1	0	0.999999
nti	4	0	1	0	0.999999
tub	4	1	4	0	1.000000
gig	0	0	2	0	1.000000
aka	0	0	1	0	0.999999
mots	0	0	1	0	0.999999
ofb	4	0	6	0	1.000000
markus	0	1	1	0	0.999999
was	4	1	21	0	1.000000
polices	0	0	1	0	0.999999
lbs	2	0	3	0	1.000000
materiel	0	1	3	0	1.000000
abundance	0	0	2	0	1.000000
hansi	0	1	1	0	0.999999
rty	2	1	12	0	1.000000
subsided	0	0	1	0	0.999999
flo	4	0	50	0	1.000000
advertisingthe	0	1	1	0	0.999999
rock	0	1	21	0	1.000000
jpg	4	0	3	0	1.000000
omo	2	1	1	0	0.999999
meses	0	0	1	0	0.999999
army	0	0	5	0	1.000000
ses	4	0	14	0	1.000000
princess	0	1	3	0	1.000000
mp	0	0	1	0	0.999999
dhanamh	0	0	1	0	0.999999
vil	2	1	13	0	1.000000
kim	4	1	7	0	1.000000
suppliers	0	1	42	0	1.000000
rent	0	0	11	0	1.000000
bpaints	0	0	1	0	0.999999
plates	0	0	3	0	1.000000
informing	0	0	2	0	1.000000
indie	0	1	1	0	0.999999
mille	0	0	1	0	0.999999
firmly	0	0	2	0	1.000000
blaeu	0	1	1	0	0.999999
hot	0	1	3	0	1.000000
pup	2	1	107	0	1.000000
vls	2	0	1	0	0.999999
carbon	0	1	6	0	1.000000
lesbianready	0	1	1	0	0.999999
soul	0	1	1	0	0.999999
xy	3	1	2	0	1.000000
academic	0	1	2	0	1.000000
arn	2	1	14	0	1.000000
grille	0	1	1	0	0.999999
thy	0	0	8	0	1.000000
ti	2	0	3	0	1.000000
buttons	0	1	3	0	1.000000
acid	0	0	1	0	0.999999
no	2	1	84	0	1.000000
vrtg	0	0	1	0	0.999999
regions	0	0	4	0	1.000000
started	0	1	3	0	1.000000
pfu	2	0	1	0	0.999999
vaccination	0	0	1	0	0.999999
han	0	0	2	0	1.000000
insights	0	0	2	0	1.000000
popular	0	1	3	0	1.000000
appealing	0	0	1	0	0.999999
weapons	0	0	1	0	0.999999
acer	0	1	1	0	0.999999
nst	2	0	17	0	1.000000
fc	3	1	6	0	1.000000
dah	2	1	1	0	0.999999
neym	0	0	2	0	1.000000
tyr	2	0	2	0	1.000000
ghana	0	1	1	0	0.999999
dex	4	0	1	0	0.999999
ur	1	1	181	0	1.000000
explosive	0	0	1	0	0.999999
mee	0	0	1	0	0.999999
amor	0	0	1	0	0.999999
emo	4	0	2	0	1.000000
nxe	0	1	1	0	0.999999
cialis	0	0	1	0	0.999999
uaa	2	1	1	0	0.999999
moxon	0	1	1	0	0.999999
onlyemployees	0	1	1	0	0.999999
msnbc	0	0	1	0	0.999999
weigoldt	0	1	1	0	0.999999
superintend	0	0	1	0	0.999999
hif	2	1	1	0	0.999999
flex	0	1	1	0	0.999999
lagoons	0	0	8	0	1.000000
latched	0	0	1	0	0.999999
fly	2	1	7	0	1.000000
forge	0	0	1	0	0.999999
conversation	0	0	7	0	1.000000
jul	4	1	41	0	1.000000
lunaticmamas	0	1	1	0	0.999999
internet	0	1	31	0	1.000000
indigenous	0	0	1	0	0.999999
liek	0	0	1	0	0.999999
ur	2	0	46	0	1.000000
guy	4	0	23	0	1.000000
sma	0	1	1	0	0.999999
drinker	0	1	1	0	0.999999
price	0	0	18	0	1.000000
yme	4	0	4	0	1.000000
mia	2	0	1	0	0.999999
discussions	0	0	3	0	1.000000
environment	0	0	20	0	1.000000
ucs	2	0	1	0	0.999999
economic	0	0	5	0	1.000000
trapping	0	0	1	0	0.999999
run	4	0	56	0	1.000000
fmss	0	1	1	0	0.999999
xts	2	0	1	0	0.999999
capuccino	0	0	2	0	1.000000
juv	4	1	1	0	0.999999
gamebox	0	0	1	0	0.999999
gig	4	1	2	0	1.000000
iph	4	0	1	0	0.999999
ret	2	0	10	0	1.000000
dru	4	1	9	0	1.000000
xit	2	1	7	0	1.000000
somewhere	0	0	5	0	1.000000
bib	2	0	1	0	0.999999
multimedia	0	0	1	0	0.999999
eis	2	0	6	0	1.000000
guru	0	1	2	0	1.000000
ffa	0	1	1	0	0.999999
consented	0	0	1	0	0.999999
lmsw	0	1	1	0	0.999999
inspiring	0	1	1	0	0.999999
orlando	0	1	1	0	0.999999
russ	0	1	1	0	0.999999
trick	0	1	2	0	1.000000
england	0	1	11	0	1.000000
nno	2	0	4	0	1.000000
sma	2	1	2	0	1.000000
ji	1	0	2	0	1.000000
fw	3	1	2	0	1.000000
straw	0	0	1	0	0.999999
rance	0	1	2	0	1.000000
eym	2	0	2	0	1.000000
non	2	0	36	0	1.000000
progression	0	0	1	0	0.999999
really	0	0	48	0	1.000000
intoxication	0	0	1	0	0.999999
heaviest	0	1	1	0	0.999999
outlet	0	1	2	0	1.000000
gamesavor	0	1	1	0	0.999999
pregamelobby	0	1	1	0	0.999999
tub	4	0	10	0	1.000000
pilgrimage	0	0	1	0	0.999999
photograhper	0	0	1	0	0.999999
pwd	2	1	1	0	0.999999
fundamental	0	1	5	0	1.000000
contributor	0	0	4	0	1.000000
occhio	0	0	1	0	0.999999
rebecca	0	1	2	0	1.000000
mardakan	0	1	1	0	0.999999
legacy	0	1	1	0	0.999999
tyr	4	0	2	0	1.000000
sale	0	0	31	0	1.000000
lls	2	0	74	0	1.000000
fruits	0	0	3	0	1.000000
hot	2	0	16	0	1.000000
het	2	0	27	0	1.000000
towns	0	0	13	0	1.000000
updater	0	1	4	0	1.000000
vorstellung	0	1	1	0	0.999999
ple	4	1	54	0	1.000000
washers	0	1	1	0	0.999999
greeley	0	1	2	0	1.000000
doyle	0	1	1	0	0.999999
en	3	1	252	0	1.000000
gentle	0	0	2	0	1.000000
style	0	0	15	0	1.000000
repito	0	0	1	0	0.999999
od	2	1	1	0	0.999999
duff	0	1	1	0	0.999999
scryers	0	0	1	0	0.999999
circulation	0	1	1	0	0.999999
heartbreaking	0	0	3	0	1.000000
eth	2	0	17	0	1.000000
gender	0	0	2	0	1.000000
hemet	0	1	1	0	0.999999
xo	3	1	1	0	0.999999
preeminent	0	0	1	0	0.999999
garifuna	0	1	2	0	1.000000
behave	0	0	1	0	0.999999
novella	0	0	1	0	0.999999
tor	2	1	159	0	1.000000
the	2	0	5590	0	1.000000
fir	4	1	43	0	1.000000
sso	2	0	6	0	1.000000
run	0	1	8	0	1.000000
shampoo	0	0	1	0	0.999999
feb	4	1	57	0	1.000000
efforts	0	0	7	0	1.000000
target	0	1	2	0	1.000000
barracuda	0	1	2	0	1.000000
cai	4	1	2	0	1.000000
upp	2	0	1	0	0.999999
ence	0	0	1	0	0.999999
half	0	1	5	0	1.000000
xnox	0	0	1	0	0.999999
williamson	0	0	1	0	0.999999
kyler	0	1	1	0	0.999999
minimal	0	0	2	0	1.000000
dar	0	1	1	0	0.999999
danity	0	1	1	0	0.999999
everything	0	0	20	0	1.000000
furnishes	0	0	1	0	0.999999
boosters	0	0	1	0	0.999999
killed	0	0	3	0	1.000000
annina	0	1	1	0	0.999999
strived	0	0	1	0	0.999999
resizable	0	0	2	0	1.000000
ordered	0	0	1	0	0.999999
ebony	0	1	3	0	1.000000
fc	2	0	8	0	1.000000
lovekeiiy	0	0	1	0	0.999999
moses	0	1	1	0	0.999999
ess	0	1	1	0	0.999999
nah	2	1	3	0	1.000000
oco	2	0	1	0	0.999999
keep	0	1	5	0	1.000000
ixt	2	0	1	0	0.999999
do	0	0	156	0	1.000000
lasts	0	0	1	0	0.999999
woe	4	0	2	0	1.000000
jobcard	0	0	5	0	1.000000
hungry	0	0	1	0	0.999999
simplest	0	0	1	0	0.999999
wrapped	0	0	1	0	0.999999
rightnews	0	1	9	0	1.000000
tor	2	0	159	0	1.000000
timeline	0	0	1	0	0.999999
ed	0	0	2	0	1.000000
quo	2	0	44	0	1.000000
uim	2	1	1	0	0.999999
oss	2	0	27	0	1.000000
uh	2	1	1	0	0.999999
sarbanes	0	1	11	0	1.000000
pavements	0	1	3	0	1.000000
it	2	1	171	0	1.000000
ql	1	0	1	0	0.999999
take	0	1	11	0	1.000000
yn	1	1	7	0	1.000000
smu	4	0	1	0	0.999999
dainty	0	0	1	0	0.999999
gue	2	1	4	0	1.000000
isit	0	1	1	0	0.999999
coffin	0	0	1	0	0.999999
riz	4	0	1	0	0.999999
ise	2	0	80	0	1.000000
naturalbeauty	0	0	1	0	0.999999
int	2	1	24	0	1.000000
dha	2	1	1	0	0.999999
setteth	0	0	1	0	0.999999
mas	0	1	5	0	1.000000
consequence	0	0	2	0	1.000000
eleven	0	0	1	0	0.999999
terrain	0	0	1	0	0.999999
based	0	1	1	0	0.999999
fol	2	1	4	0	1.000000
ceo	4	0	2	0	1.000000
tiskana	0	1	1	0	0.999999
bez	4	0	2	0	1.000000
isy	2	0	2	0	1.000000
aci	4	1	1	0	0.999999
oem	0	0	1	0	0.999999
bli	4	1	6	0	1.000000
liked	0	0	5	0	1.000000
birgir	0	1	1	0	0.999999
exercises	0	0	1	0	0.999999
yearning	0	0	1	0	0.999999
blibrary	0	0	1	0	0.999999
back	0	1	33	0	1.000000
bja	4	1	1	0	0.999999
ti	1	1	45	0	1.000000
pir	4	0	7	0	1.000000
ium	2	1	24	0	1.000000
nowyou	0	1	1	0	0.999999
bestir	0	1	2	0	1.000000
age	0	0	15	0	1.000000
eco	2	0	5	0	1.000000
liveaboard	0	0	2	0	1.000000
hours	0	1	2	0	1.000000
envision	0	0	1	0	0.999999
urd	2	0	1	0	0.999999
aetiology	0	0	1	0	0.999999
overcomes	0	0	1	0	0.999999
lg	0	0	1	0	0.999999
cloisint	0	0	1	0	0.999999
dyestuffs	0	1	16	0	1.000000
shakira	0	1	3	0	1.000000
sum	4	1	10	0	1.000000
work	0	1	6	0	1.000000
csa	0	1	1	0	0.999999
iso	4	0	4	0	1.000000
yeager	0	0	1	0	0.999999
olypics	0	1	1	0	0.999999
prepaid	0	1	1	0	0.999999
like	0	1	10	0	1.000000
owned	0	0	6	0	1.000000
librarymonday	0	1	3	0	1.000000
enquete	0	0	2	0	1.000000
advertiser	0	1	1	0	0.999999
ex	0	1	1	0	0.999999
roam	0	0	1	0	0.999999
instance	0	0	4	0	1.000000
lop	2	0	14	0	1.000000
around	0	0	74	0	1.000000
minutes	0	0	17	0	1.000000
nuachtn	0	0	1	0	0.999999
ult	4	0	3	0	1.000000
moo	4	0	15	0	1.000000
cks	2	1	21	0	1.000000
pol	4	0	43	0	1.000000
kettle	0	0	1	0	0.999999
easilyaccessible	0	0	1	0	0.999999
lanfranc	0	1	1	0	0.999999
pm	0	0	15	0	1.000000
northwestern	0	1	1	0	0.999999
cinnamon	0	1	1	0	0.999999
pup	4	0	1	0	0.999999
dar	4	0	22	0	1.000000
ter	4	1	16	0	1.000000
nar	2	1	9	0	1.000000
clr	2	0	1	0	0.999999
chaucer	0	1	1	0	0.999999
ra	2	0	1	0	0.999999
acquisition	0	0	4	0	1.000000
etr	2	1	1	0	0.999999
lack	0	0	3	0	1.000000
rud	4	1	4	0	1.000000
showers	0	0	1	0	0.999999
dra	2	1	2	0	1.000000
elf	4	0	1	0	0.999999
ah	0	0	1	0	0.999999
concentration	0	0	4	0	1.000000
don	0	0	52	0	1.000000
closes	0	0	2	0	1.000000
performing	0	0	1	0	0.999999
incudes	0	0	2	0	1.000000
coo	4	0	44	0	1.000000
theseservices	0	0	1	0	0.999999
encounter	0	0	5	0	1.000000
was	2	0	407	0	1.000000
ocelots	0	1	1	0	0.999999
lat	2	1	3	0	1.000000
rad	2	1	6	0	1.000000
nit	2	0	18	0	1.000000
pbe	2	1	1	0	0.999999
intellicad	0	1	2	0	1.000000
migrated	0	0	1	0	0.999999
nde	2	0	13	0	1.000000
flo	4	1	18	0	1.000000
ne	0	0	23	0	1.000000
pending	0	0	1	0	0.999999
rty	2	0	54	0	1.000000
share	0	0	38	0	1.000000
inglise	0	0	1	0	0.999999
daily	0	1	21	0	1.000000
mp	1	0	117	0	1.000000
determined	0	0	5	0	1.000000
aroostook	0	0	1	0	0.999999
movies	0	0	4	0	1.000000
army	0	1	29	0	1.000000
purchase	0	1	2	0	1.000000
seventeen	0	0	3	0	1.000000
invisible	0	0	1	0	0.999999
graa	0	0	2	0	1.000000
cf	3	0	1	0	0.999999
tho	2	1	1	0	0.999999
acho	0	0	2	0	1.000000
gebauten	0	0	1	0	0.999999
cemp	0	1	19	0	1.000000
purchased	0	0	4	0	1.000000
odd	0	0	1	0	0.999999
hu	1	1	26	0	1.000000
apartments	0	1	1	0	0.999999
mf	3	1	2	0	1.000000
carbon	0	0	1	0	0.999999
potentially	0	0	2	0	1.000000
screwed	0	0	1	0	0.999999
gifts	0	1	8	0	1.000000
ois	2	0	8	0	1.000000
on	2	0	996	0	1.000000
pescovitz	0	1	1	0	0.999999
plessis	0	1	1	0	0.999999
ega	4	1	1	0	0.999999
noncommissioned	0	0	1	0	0.999999
xe	1	1	3	0	1.000000
bep	4	0	2	0	1.000000
pm	3	1	1	0	0.999999
eslovac	0	0	1	0	0.999999
bbs	2	1	7	0	1.000000
jer	4	1	7	0	1.000000
virtua	0	0	1	0	0.999999
ur	3	1	31	0	1.000000
mas	2	0	22	0	1.000000
faf	0	0	1	0	0.999999
mui	4	0	5	0	1.000000
acer	0	0	1	0	0.999999
medusa	0	1	1	0	0.999999
dynamic	0	0	5	0	1.000000
snt	4	0	1	0	0.999999
cleggs	0	1	1	0	0.999999
js	3	0	1	0	0.999999
client	0	0	5	0	1.000000
fc	3	0	6	0	1.000000
quivira	0	1	1	0	0.999999
omar	0	1	4	0	1.000000
ur	1	0	1080	0	1.000000
bef	0	1	1	0	0.999999
association	0	1	8	0	1.000000
kiw	4	1	3	0	1.000000
domen	0	0	1	0	0.999999
chaotic	0	1	1	0	0.999999
csa	2	1	2	0	1.000000
ies	2	0	536	0	1.000000
ovest	0	1	1	0	0.999999
pics	0	1	5	0	1.000000
base	0	1	1	0	0.999999
xo	1	1	1	0	0.999999
pavements	0	0	2	0	1.000000
zaz	0	0	1	0	0.999999
forr	0	0	1	0	0.999999
internet	0	0	16	0	1.000000
taken	0	0	14	0	1.000000
uku	4	1	1	0	0.999999
fly	2	0	10	0	1.000000
prepared	0	0	5	0	1.000000
ideal	0	1	2	0	1.000000
carfax	0	1	1	0	0.999999
pol	4	1	52	0	1.000000
creaiamo	0	1	2	0	1.000000
price	0	1	11	0	1.000000
feb	0	0	1	0	0.999999
bleak	0	1	1	0	0.999999
negotiation	0	0	1	0	0.999999
cautious	0	0	1	0	0.999999
oem	2	0	7	0	1.000000
cee	4	1	11	0	1.000000
environment	0	1	1	0	0.999999
nominations	0	0	3	0	1.000000
urn	2	0	52	0	1.000000
ouvrage	0	1	1	0	0.999999
coo	2	0	1	0	0.999999
fly	0	1	4	0	1.000000
abash	0	0	1	0	0.999999
avoid	0	1	2	0	1.000000
cavern	0	0	1	0	0.999999
fissure	0	0	1	0	0.999999
iph	4	1	4	0	1.000000
aiakidai	0	1	1	0	0.999999
ceiling	0	0	2	0	1.000000
obrigado	0	0	2	0	1.000000
gig	4	0	6	0	1.000000
automotive	0	0	1	0	0.999999
loads	0	0	2	0	1.000000
recreational	0	0	3	0	1.000000
cas	2	1	2	0	1.000000
arrival	0	0	14	0	1.000000
promotion	0	0	3	0	1.000000
multimedia	0	1	1	0	0.999999
ox	1	1	131	0	1.000000
improving	0	0	2	0	1.000000
trick	0	0	1	0	0.999999
elp	0	0	2	0	1.000000
rto	2	1	2	0	1.000000
kka	2	1	1	0	0.999999
movies	0	1	2	0	1.000000
acre	0	0	2	0	1.000000
agfc	0	1	1	0	0.999999
eth	4	1	4	0	1.000000
creekthe	0	1	1	0	0.999999
grandisimo	0	0	1	0	0.999999
xe	3	0	3	0	1.000000
ohio	0	1	38	0	1.000000
spring	0	1	1	0	0.999999
prepare	0	0	3	0	1.000000
ruins	0	0	3	0	1.000000
raising	0	1	3	0	1.000000
end	2	0	128	0	1.000000
xtravision	0	0	1	0	0.999999
once	0	1	12	0	1.000000
ami	2	1	8	0	1.000000
wyeth	0	0	1	0	0.999999
schrdinger	0	1	3	0	1.000000
moo	2	1	1	0	0.999999
sph	4	0	1	0	0.999999
pri	4	0	238	0	1.000000
characteristic	0	0	1	0	0.999999
dha	4	0	4	0	1.000000
emo	2	0	5	0	1.000000
artistas	0	0	1	0	0.999999
ed	3	0	200	0	1.000000
brightly	0	0	1	0	0.999999
teh	2	0	1	0	0.999999
yis	2	1	5	0	1.000000
permission	0	1	1	0	0.999999
elemento	0	0	1	0	0.999999
nny	2	0	11	0	1.000000
lebanon	0	1	1	0	0.999999
dne	2	1	1	0	0.999999
kuskoquim	0	1	1	0	0.999999
towns	0	1	1	0	0.999999
positive	0	0	6	0	1.000000
pc	0	1	19	0	1.000000
provide	0	1	3	0	1.000000
lib	4	1	125	0	1.000000
pm	1	0	16	0	1.000000
y	0	0	68	0	1.000000
sam	4	1	8	0	1.000000
transfer	0	1	5	0	1.000000
aka	2	1	2	0	1.000000
mas	2	1	33	0	1.000000
atl	4	0	5	0	1.000000
diam	0	1	2	0	1.000000
mite	0	0	1	0	0.999999
positioning	0	0	1	0	0.999999
jul	0	1	14	0	1.000000
cpx	0	0	2	0	1.000000
esi	2	1	1	0	0.999999
jub	4	1	3	0	1.000000
played	0	0	17	0	1.000000
fhi	4	0	3	0	1.000000
urgings	0	0	1	0	0.999999
openid	0	1	1	0	0.999999
circus	0	1	1	0	0.999999
ntainer	0	0	1	0	0.999999
blgylyr	0	1	1	0	0.999999
ti	1	0	99	0	1.000000
mas	4	1	25	0	1.000000
oug	2	1	2	0	1.000000
app	2	0	2	0	1.000000
ru	0	0	1	0	0.999999
khalil	0	1	1	0	0.999999
ply	2	1	8	0	1.000000
xno	4	0	1	0	0.999999
scuttebutt	0	1	1	0	0.999999
synthetic	0	0	3	0	1.000000
efficiency	0	0	1	0	0.999999
patriot	0	0	1	0	0.999999
perpetually	0	0	2	0	1.000000
target	0	0	6	0	1.000000
employer	0	0	1	0	0.999999
photos	0	1	1	0	0.999999
idt	2	0	2	0	1.000000
lof	4	0	1	0	0.999999
cost	0	1	2	0	1.000000
vil	2	0	9	0	1.000000
barracuda	0	0	6	0	1.000000
ra	3	1	150	0	1.000000
minister	0	1	2	0	1.000000
oss	4	1	1	0	0.999999
ick	2	1	90	0	1.000000
williamson	0	1	1	0	0.999999
no	1	0	248	0	1.000000
everything	0	1	9	0	1.000000
yfriend	0	1	1	0	0.999999
benytte	0	0	1	0	0.999999
ecy	2	0	3	0	1.000000
hud	0	1	1	0	0.999999
dyn	4	0	8	0	1.000000
flying	0	0	6	0	1.000000
royal	0	0	3	0	1.000000
floodwalls	0	1	1	0	0.999999
lhc	2	0	1	0	0.999999
dts	4	0	1	0	0.999999
which	0	1	3	0	1.000000
puz	4	0	3	0	1.000000
ware	0	0	1	0	0.999999
rip	2	1	6	0	1.000000
try	4	0	43	0	1.000000
amused	0	0	1	0	0.999999
travelled	0	0	1	0	0.999999
nah	2	0	2	0	1.000000
cite	0	0	3	0	1.000000
ed	1	1	773	0	1.000000
shityou	0	1	2	0	1.000000
woe	0	0	2	0	1.000000
rallye	0	1	1	0	0.999999
bike	0	0	6	0	1.000000
studies	0	1	2	0	1.000000
zel	2	0	2	0	1.000000
it	2	0	512	0	1.000000
sequential	0	0	2	0	1.000000
trample	0	0	1	0	0.999999
adr	2	1	23	0	1.000000
ddy	2	0	9	0	1.000000
take	0	0	69	0	1.000000
provided	0	1	4	0	1.000000
uptemp	0	0	1	0	0.999999
funeral	0	0	1	0	0.999999
experts	0	0	4	0	1.000000
the	4	1	1144	0	1.000000
yn	1	0	5	0	1.000000
moon	0	0	2	0	1.000000
bonus	0	1	10	0	1.000000
roadside	0	0	3	0	1.000000
cure	0	0	1	0	0.999999
ah	3	0	9	0	1.000000
districtbelize	0	1	1	0	0.999999
st	2	0	30	0	1.000000
deuses	0	0	1	0	0.999999
moo	4	1	13	0	1.000000
aff	0	0	1	0	0.999999
tin	0	1	1	0	0.999999
wowwiki	0	1	1	0	0.999999
ciu	4	0	1	0	0.999999
pap	4	0	17	0	1.000000
tailed	0	0	4	0	1.000000
recomendamos	0	0	1	0	0.999999
hollywood	0	0	2	0	1.000000
cf	1	1	1	0	0.999999
nome	0	0	1	0	0.999999
ranked	0	0	3	0	1.000000
gb	3	1	2	0	1.000000
neoptolemos	0	1	1	0	0.999999
bull	0	0	15	0	1.000000
sutter	0	1	1	0	0.999999
theyre	0	0	3	0	1.000000
museums	0	0	1	0	0.999999
catalog	0	1	8	0	1.000000
nne	2	1	18	0	1.000000
armed	0	0	1	0	0.999999
eco	2	1	1	0	0.999999
vju	2	1	1	0	0.999999
mey	2	1	1	0	0.999999
plo	4	0	6	0	1.000000
urd	2	1	3	0	1.000000
tetris	0	1	1	0	0.999999
starchoice	0	1	1	0	0.999999
but	4	0	261	0	1.000000
amazing	0	1	2	0	1.000000
rto	2	0	5	0	1.000000
manor	0	1	1	0	0.999999
spread	0	1	2	0	1.000000
accomplishment	0	0	1	0	0.999999
guestbook	0	1	2	0	1.000000
blind	0	0	3	0	1.000000
accurately	0	0	1	0	0.999999
worldchanging	0	1	7	0	1.000000
myrtle	0	0	1	0	0.999999
fcfb	0	0	4	0	1.000000
nowdays	0	0	1	0	0.999999
yeager	0	1	1	0	0.999999
mf	1	1	2	0	1.000000
mas	4	0	45	0	1.000000
enn	2	1	1	0	0.999999
satellite	0	1	3	0	1.000000
lop	2	1	2	0	1.000000
sunseed	0	1	1	0	0.999999
lonely	0	1	1	0	0.999999
craigsliat	0	0	1	0	0.999999
gou	2	1	1	0	0.999999
gmc	0	1	3	0	1.000000
around	0	1	2	0	1.000000
shafts	0	1	1	0	0.999999
ome	2	0	318	0	1.000000
wizard	0	0	2	0	1.000000
cips	0	1	2	0	1.000000
ddo	4	1	1	0	0.999999
intrepid	0	0	1	0	0.999999
lli	2	1	3	0	1.000000
odd	4	0	2	0	1.000000
adelines	0	0	1	0	0.999999
guess	0	0	11	0	1.000000
xiwa	0	0	2	0	1.000000
additional	0	0	46	0	1.000000
studded	0	0	1	0	0.999999
fc	0	0	8	0	1.000000
dst	2	0	2	0	1.000000
slling	0	0	1	0	0.999999
ranger	0	1	1	0	0.999999
agami	0	0	3	0	1.000000
ssy	2	1	1	0	0.999999
nar	2	0	6	0	1.000000
ah	1	1	26	0	1.000000
on	3	0	595	0	1.000000
malice	0	0	1	0	0.999999
assure	0	0	3	0	1.000000
arerequired	0	0	1	0	0.999999
ago	2	0	37	0	1.000000
douglas	0	1	2	0	1.000000
tro	4	1	4	0	1.000000
roofed	0	0	1	0	0.999999
welcoming	0	0	1	0	0.999999
js	0	1	1	0	0.999999
uninteresting	0	0	1	0	0.999999
tid	4	1	1	0	0.999999
tattoo	0	1	1	0	0.999999
radiation	0	1	1	0	0.999999
phi	4	1	15	0	1.000000
bil	4	0	19	0	1.000000
forms	0	0	10	0	1.000000
consultant	0	0	1	0	0.999999
korbel	0	1	4	0	1.000000
dru	2	1	1	0	0.999999
representantene	0	1	1	0	0.999999
lat	2	0	10	0	1.000000
clinics	0	0	2	0	1.000000
usm	4	1	4	0	1.000000
taylor	0	1	1	0	0.999999
gue	4	0	47	0	1.000000
flickers	0	1	1	0	0.999999
iam	2	1	4	0	1.000000
firing	0	0	1	0	0.999999
geographically	0	0	1	0	0.999999
painful	0	0	6	0	1.000000
mp	1	1	48	0	1.000000
end	0	1	3	0	1.000000
bef	4	0	79	0	1.000000
condo	0	0	1	0	0.999999
wallpaperto	0	1	1	0	0.999999
dur	4	0	64	0	1.000000
americana	0	1	1	0	0.999999
purchase	0	0	12	0	1.000000
rideshare	0	0	12	0	1.000000
indicate	0	0	8	0	1.000000
common	0	0	14	0	1.000000
hyj	4	1	1	0	0.999999
gaspee	0	1	1	0	0.999999
ppa	4	0	2	0	1.000000
owy	2	1	1	0	0.999999
ned	2	1	27	0	1.000000
system	0	1	15	0	1.000000
pyyhon	0	0	1	0	0.999999
doth	0	1	1	0	0.999999
sons	0	0	2	0	1.000000
pm	1	1	91	0	1.000000
odd	0	1	2	0	1.000000
ne	2	0	23	0	1.000000
adh	2	0	1	0	0.999999
vous	0	0	7	0	1.000000
giovani	0	1	1	0	0.999999
ois	2	1	2	0	1.000000
emacs	0	0	1	0	0.999999
sam	2	1	1	0	0.999999
venture	0	1	1	0	0.999999
xed	2	1	42	0	1.000000
on	2	1	61	0	1.000000
sca	4	1	7	0	1.000000
js	1	1	1	0	0.999999
it	1	1	263	0	1.000000
dredge	0	1	1	0	0.999999
ar	2	0	9	0	1.000000
inevitable	0	0	1	0	0.999999
prinzessin	0	1	2	0	1.000000
repr	0	0	1	0	0.999999
semana	0	0	1	0	0.999999
endymion	0	1	2	0	1.000000
ibb	2	1	1	0	0.999999
sam	0	1	1	0	0.999999
ceo	0	1	2	0	1.000000
nox	2	0	1	0	0.999999
strokes	0	0	1	0	0.999999
lef	4	0	69	0	1.000000
expect	0	0	12	0	1.000000
runing	0	0	1	0	0.999999
que	4	1	28	0	1.000000
lib	4	0	88	0	1.000000
hose	0	0	1	0	0.999999
alt	2	0	2	0	1.000000
jal	2	1	1	0	0.999999
tin	2	0	8	0	1.000000
boost	0	0	1	0	0.999999
dod	0	1	2	0	1.000000
bat	4	1	27	0	1.000000
phanes	0	1	1	0	0.999999
ago	4	1	1	0	0.999999
rgh	2	0	1	0	0.999999
typeconvert	0	1	1	0	0.999999
cki	2	1	2	0	1.000000
quaity	0	1	2	0	1.000000
ny	0	0	4	0	1.000000
rte	2	0	12	0	1.000000
vista	0	1	1	0	0.999999
avere	0	0	1	0	0.999999
passengers	0	1	4	0	1.000000
uff	4	1	1	0	0.999999
giant	0	0	1	0	0.999999
ard	2	1	182	0	1.000000
served	0	0	5	0	1.000000
ies	2	1	131	0	1.000000
disgust	0	0	2	0	1.000000
sinkhole	0	0	1	0	0.999999
en	2	0	25	0	1.000000
viv	2	0	2	0	1.000000
base	0	0	13	0	1.000000
woo	4	1	14	0	1.000000
appendix	0	1	2	0	1.000000
mourning	0	0	1	0	0.999999
taken	0	1	1	0	0.999999
work	0	0	121	0	1.000000
had	4	0	142	0	1.000000
factor	0	0	1	0	0.999999
fc	1	0	11	0	1.000000
flies	0	0	2	0	1.000000
jiang	0	1	1	0	0.999999
sse	2	1	1	0	0.999999
hundimient	0	0	1	0	0.999999
gostosas	0	0	1	0	0.999999
jealous	0	0	1	0	0.999999
kate	0	1	1	0	0.999999
int	4	0	384	0	1.000000
gmc	2	1	3	0	1.000000
pastel	0	1	1	0	0.999999
ess	2	0	325	0	1.000000
ah	2	0	1	0	0.999999
oth	2	1	4	0	1.000000
teixeira	0	1	4	0	1.000000
probleems	0	0	1	0	0.999999
oug	4	0	3	0	1.000000
pm	2	1	91	0	1.000000
strategy	0	1	2	0	1.000000
pc	1	1	20	0	1.000000
errata	0	1	2	0	1.000000
rif	4	1	1	0	0.999999
eem	2	0	14	0	1.000000
fly	0	0	9	0	1.000000
expectations	0	0	1	0	0.999999
structural	0	1	5	0	1.000000
consistently	0	0	1	0	0.999999
den	4	0	46	0	1.000000
complete	0	0	36	0	1.000000
nen	4	0	2	0	1.000000
clarence	0	1	1	0	0.999999
ange	0	0	2	0	1.000000
mks	4	0	1	0	0.999999
awesome	0	0	6	0	1.000000
ne	3	1	537	0	1.000000
number	0	1	15	0	1.000000
psychology	0	0	1	0	0.999999
fastback	0	1	1	0	0.999999
bib	4	0	6	0	1.000000
evenlywithout	0	0	1	0	0.999999
endeavour	0	0	1	0	0.999999
hip	4	1	3	0	1.000000
gb	2	1	11	0	1.000000
uservars	0	1	2	0	1.000000
lez	2	1	1	0	0.999999
gig	2	0	2	0	1.000000
nex	4	1	11	0	1.000000
external	0	1	1	0	0.999999
removes	0	1	2	0	1.000000
weblogging	0	1	1	0	0.999999
faintly	0	0	1	0	0.999999
acre	0	1	1	0	0.999999
reated	0	1	1	0	0.999999
ter	0	0	4	0	1.000000
gue	4	1	7	0	1.000000
ams	2	1	17	0	1.000000
ruins	0	1	2	0	1.000000
handlers	0	0	1	0	0.999999
wood	0	1	2	0	1.000000
end	2	1	55	0	1.000000
teh	0	0	1	0	0.999999
realised	0	0	3	0	1.000000
cz	2	1	2	0	1.000000
tampa	0	0	1	0	0.999999
esqueceram	0	0	1	0	0.999999
pri	4	1	123	0	1.000000
fw	1	0	1	0	0.999999
hip	2	0	188	0	1.000000
ed	3	1	57	0	1.000000
age	2	0	289	0	1.000000
elite	0	1	1	0	0.999999
permission	0	0	12	0	1.000000
tivati	0	0	1	0	0.999999
stalls	0	1	6	0	1.000000
irony	0	1	1	0	0.999999
loans	0	0	3	0	1.000000
ter	2	1	242	0	1.000000
rapist	0	0	1	0	0.999999
wai	4	0	27	0	1.000000
fm	1	1	1	0	0.999999
ought	0	0	2	0	1.000000
kim	0	1	4	0	1.000000
attach	0	0	1	0	0.999999
lg	2	0	1	0	0.999999
lebanon	0	0	1	0	0.999999
adr	0	1	23	0	1.000000
etr	4	0	3	0	1.000000
the	2	1	997	0	1.000000
evaluated	0	0	3	0	1.000000
popups	0	0	43	0	1.000000
efficient	0	0	7	0	1.000000
combinaci	0	0	1	0	0.999999
sys	2	0	1	0	0.999999
sei	0	1	1	0	0.999999
output	0	0	5	0	1.000000
amhrnaocht	0	0	2	0	1.000000
animations	0	0	1	0	0.999999
statistics	0	1	3	0	1.000000
quaker	0	1	2	0	1.000000
fri	2	1	46	0	1.000000
suburbia	0	1	1	0	0.999999
shrimp	0	0	2	0	1.000000
mus	2	0	1	0	0.999999
andsecondary	0	0	1	0	0.999999
nnon	0	0	1	0	0.999999
ami	4	0	8	0	1.000000
ahool	0	0	1	0	0.999999
ceo	2	1	2	0	1.000000
then	0	1	25	0	1.000000
pioneers	0	0	1	0	0.999999
en	0	0	25	0	1.000000
dominated	0	0	1	0	0.999999
dex	2	1	59	0	1.000000
zaz	4	0	2	0	1.000000
ministries	0	0	1	0	0.999999
financia	0	1	2	0	1.000000
sido	0	0	1	0	0.999999
regret	0	0	1	0	0.999999
myra	0	1	1	0	0.999999
tul	4	0	1	0	0.999999
stadium	0	1	1	0	0.999999
john	0	1	10	0	1.000000
thy	4	1	2	0	1.000000
owe	4	0	1	0	0.999999
responding	0	1	2	0	1.000000
output	0	1	1	0	0.999999
transactions	0	0	1	0	0.999999
asw	4	0	1	0	0.999999
candice	0	1	1	0	0.999999
college	0	0	18	0	1.000000
snt	2	1	1	0	0.999999
germans	0	0	1	0	0.999999
greece	0	0	1	0	0.999999
ply	2	0	58	0	1.000000
missions	0	0	3	0	1.000000
acs	2	1	1	0	0.999999
mono	0	1	1	0	0.999999
tre	2	0	26	0	1.000000
aim	2	0	14	0	1.000000
collects	0	0	2	0	1.000000
sum	0	0	3	0	1.000000
uh	0	1	1	0	0.999999
ra	3	0	313	0	1.000000
moreover	0	1	2	0	1.000000
tires	0	1	1	0	0.999999
rnad	0	0	2	0	1.000000
northwestcorner	0	0	1	0	0.999999
risk	0	0	5	0	1.000000
walk	0	0	9	0	1.000000
brought	0	0	5	0	1.000000
wks	2	1	1	0	0.999999
eco	4	0	36	0	1.000000
auto	0	1	7	0	1.000000
anatomiques	0	0	1	0	0.999999
fm	0	1	1	0	0.999999
articles	0	1	15	0	1.000000
ox	1	0	93	0	1.000000
globe	0	0	3	0	1.000000
faure	0	1	1	0	0.999999
guatemalaborder	0	1	1	0	0.999999
tal	2	0	138	0	1.000000
grahams	0	1	1	0	0.999999
faithful	0	0	3	0	1.000000
which	0	0	251	0	1.000000
sorts	0	0	2	0	1.000000
monkey	0	1	1	0	0.999999
scan	0	0	3	0	1.000000
certo	0	0	1	0	0.999999
thar	0	0	1	0	0.999999
tin	4	0	13	0	1.000000
fle	4	0	20	0	1.000000
kic	4	0	4	0	1.000000
futurism	0	0	7	0	1.000000
engineer	0	1	17	0	1.000000
internationalism	0	0	1	0	0.999999
oce	4	0	4	0	1.000000
avt	4	0	1	0	0.999999
choice	0	1	3	0	1.000000
provided	0	0	20	0	1.000000
footsteps	0	0	1	0	0.999999
worlds	0	1	1	0	0.999999
informationof	0	0	1	0	0.999999
vitas	0	0	1	0	0.999999
kr	3	0	6	0	1.000000
sll	4	0	2	0	1.000000
href	0	0	15	0	1.000000
whife	0	0	1	0	0.999999
communicated	0	0	1	0	0.999999
tywydd	0	0	1	0	0.999999
ox	3	1	12	0	1.000000
prime	0	1	3	0	1.000000
aff	0	1	1	0	0.999999
website	0	1	55	0	1.000000
shirts	0	0	2	0	1.000000
sucked	0	0	2	0	1.000000
overpass	0	1	1	0	0.999999
movernos	0	0	1	0	0.999999
dfw	0	0	1	0	0.999999
thoughtlessness	0	0	1	0	0.999999
surroundings	0	0	5	0	1.000000
zaz	4	1	10	0	1.000000
temperatures	0	0	3	0	1.000000
mks	2	0	1	0	0.999999
ntinue	0	0	1	0	0.999999
rk	1	0	207	0	1.000000
thailand	0	1	2	0	1.000000
files	0	1	3	0	1.000000
nti	2	0	10	0	1.000000
adh	4	1	16	0	1.000000
drugstoreherbal	0	1	1	0	0.999999
nome	0	1	1	0	0.999999
oem	4	0	1	0	0.999999
cp	3	0	4	0	1.000000
lib	2	0	1	0	0.999999
strong	0	1	1	0	0.999999
screenshots	0	1	2	0	1.000000
painted	0	0	1	0	0.999999
inio	0	1	1	0	0.999999
catalog	0	0	6	0	1.000000
fallenangel	0	1	1	0	0.999999
public	0	1	19	0	1.000000
calcio	0	0	1	0	0.999999
ort	4	1	1	0	0.999999
positionning	0	0	1	0	0.999999
permitsto	0	1	1	0	0.999999
run	4	1	21	0	1.000000
e	0	1	55	0	1.000000
sca	4	0	27	0	1.000000
ldq	4	0	6	0	1.000000
theme	0	1	2	0	1.000000
nne	2	0	13	0	1.000000
en	1	0	940	0	1.000000
lincopn	0	0	2	0	1.000000
cacharel	0	1	1	0	0.999999
living	0	1	1	0	0.999999
sari	0	0	2	0	1.000000
uzz	4	1	1	0	0.999999
trainingsplease	0	1	1	0	0.999999
bubl	0	1	2	0	1.000000
virtual	0	0	6	0	1.000000
marquess	0	0	1	0	0.999999
lugosi	0	1	1	0	0.999999
ret	4	0	77	0	1.000000
actions	0	0	4	0	1.000000
tourism	0	0	15	0	1.000000
nha	2	0	7	0	1.000000
careers	0	1	1	0	0.999999
abum	0	1	2	0	1.000000
rent	0	1	1	0	0.999999
try	0	0	29	0	1.000000
enn	2	0	3	0	1.000000
grillo	0	0	6	0	1.000000
zw	1	1	1	0	0.999999
seismic	0	0	2	0	1.000000
hun	2	0	3	0	1.000000
gea	4	1	6	0	1.000000
passengers	0	0	20	0	1.000000
ond	2	1	3	0	1.000000
saw	2	0	17	0	1.000000
guess	0	1	2	0	1.000000
gl	3	1	58	0	1.000000
uh	1	1	2	0	1.000000
limiting	0	1	5	0	1.000000
studded	0	1	1	0	0.999999
gamecube	0	1	2	0	1.000000
policyif	0	1	1	0	0.999999
transfer	0	0	6	0	1.000000
chevroleg	0	0	1	0	0.999999
running	0	1	1	0	0.999999
tix	0	1	1	0	0.999999
gardner	0	0	1	0	0.999999
jal	4	1	3	0	1.000000
on	3	1	168	0	1.000000
edd	4	0	1	0	0.999999
run	2	1	9	0	1.000000
turtles	0	0	2	0	1.000000
sso	2	1	4	0	1.000000
ah	1	0	7	0	1.000000
ago	2	1	9	0	1.000000
remind	0	0	1	0	0.999999
scheme	0	0	1	0	0.999999
chl	4	0	3	0	1.000000
advertise	0	0	1	0	0.999999
ifr	4	1	1	0	0.999999
nationals	0	1	1	0	0.999999
cowboy	0	0	1	0	0.999999
metro	0	0	1	0	0.999999
exhibition	0	0	8	0	1.000000
hiz	2	0	1	0	0.999999
lil	2	1	2	0	1.000000
do	3	0	508	0	1.000000
cameron	0	0	2	0	1.000000
forms	0	1	5	0	1.000000
catches	0	0	1	0	0.999999
que	2	1	33	0	1.000000
alma	0	0	1	0	0.999999
nar	0	0	1	0	0.999999
bef	2	1	1	0	0.999999
isnecessary	0	0	2	0	1.000000
steel	0	1	4	0	1.000000
simracingworld	0	1	2	0	1.000000
ses	2	1	39	0	1.000000
acadcalcstair	0	1	2	0	1.000000
swa	0	0	1	0	0.999999
kua	4	1	1	0	0.999999
ndex	0	0	1	0	0.999999
jpg	4	1	4	0	1.000000
listening	0	0	5	0	1.000000
mputer	0	0	2	0	1.000000
detection	0	0	1	0	0.999999
detr	0	1	1	0	0.999999
eth	2	1	5	0	1.000000
subscrition	0	0	1	0	0.999999
ami	0	1	1	0	0.999999
izdanja	0	0	1	0	0.999999
academic	0	0	7	0	1.000000
sect	0	0	22	0	1.000000
beitragseinreichungen	0	1	2	0	1.000000
dit	4	0	3	0	1.000000
ts	3	1	7	0	1.000000
rightedge	0	0	2	0	1.000000
wendy	0	1	1	0	0.999999
bamako	0	1	2	0	1.000000
mississippi	0	0	1	0	0.999999
postal	0	0	3	0	1.000000
loosely	0	0	1	0	0.999999
widowed	0	0	1	0	0.999999
dislike	0	0	1	0	0.999999
neutral	0	1	3	0	1.000000
straightway	0	0	1	0	0.999999
twist	0	0	1	0	0.999999
routed	0	0	1	0	0.999999
ne	2	1	12	0	1.000000
spells	0	0	1	0	0.999999
melgaard	0	1	2	0	1.000000
glassy	0	0	1	0	0.999999
omy	2	0	4	0	1.000000
arcview	0	1	1	0	0.999999
dy	0	0	4	0	1.000000
mckenna	0	0	1	0	0.999999
nhu	2	1	1	0	0.999999
cas	0	0	1	0	0.999999
champ	0	1	1	0	0.999999
luck	0	0	1	0	0.999999
tunnels	0	1	1	0	0.999999
jul	2	1	17	0	1.000000
leventhal	0	1	1	0	0.999999
ji	3	0	1	0	0.999999
fri	4	0	78	0	1.000000
ar	2	1	3	0	1.000000
xy	3	0	3	0	1.000000
rose	0	0	3	0	1.000000
non	4	0	35	0	1.000000
individual	0	0	17	0	1.000000
phs	2	0	8	0	1.000000
tapes	0	0	1	0	0.999999
phi	0	1	1	0	0.999999
villages	0	0	9	0	1.000000
laboratory	0	0	1	0	0.999999
nst	2	1	2	0	1.000000
expect	0	1	1	0	0.999999
womanly	0	1	1	0	0.999999
traveler	0	1	1	0	0.999999
ggs	2	1	3	0	1.000000
the	4	0	6538	0	1.000000
develop	0	1	2	0	1.000000
considerable	0	0	3	0	1.000000
cz	1	1	2	0	1.000000
epeiros	0	1	1	0	0.999999
mia	4	0	3	0	1.000000
cia	2	0	9	0	1.000000
emo	4	1	2	0	1.000000
tails	0	0	1	0	0.999999
bytes	0	1	1	0	0.999999
zaz	2	1	10	0	1.000000
berkeley	0	1	1	0	0.999999
ur	0	0	46	0	1.000000
thy	0	1	1	0	0.999999
electronics	0	0	1	0	0.999999
viable	0	0	1	0	0.999999
troco	0	0	1	0	0.999999
miscellany	0	1	1	0	0.999999
iei	2	0	1	0	0.999999
highgate	0	1	1	0	0.999999
ny	2	1	26	0	1.000000
csa	4	1	1	0	0.999999
communicate	0	0	2	0	1.000000
guy	4	1	2	0	1.000000
likewise	0	0	2	0	1.000000
pup	4	1	1	0	0.999999
workshop	0	1	1	0	0.999999
viruses	0	0	1	0	0.999999
gmc	2	0	1	0	0.999999
boone	0	1	1	0	0.999999
beaconsfield	0	1	1	0	0.999999
nur	4	1	3	0	1.000000
enn	4	1	2	0	1.000000
toxic	0	1	5	0	1.000000
pm	2	0	15	0	1.000000
fundaciones	0	0	1	0	0.999999
mai	2	1	1	0	0.999999
current	0	0	24	0	1.000000
assets	0	0	3	0	1.000000
jpg	0	0	3	0	1.000000
try	2	1	65	0	1.000000
tgp	2	0	1	0	0.999999
consumption	0	0	2	0	1.000000
revolutionary	0	0	2	0	1.000000
ret	2	1	15	0	1.000000
den	4	1	14	0	1.000000
gb	0	1	11	0	1.000000
pel	4	1	15	0	1.000000
clr	0	0	1	0	0.999999
procedure	0	0	3	0	1.000000
longtemps	0	0	1	0	0.999999
laurence	0	1	1	0	0.999999
arrive	0	1	1	0	0.999999
nts	2	0	463	0	1.000000
eis	2	1	5	0	1.000000
lta	2	0	1	0	0.999999
flo	2	1	1	0	0.999999
eme	4	0	22	0	1.000000
nipples	0	1	1	0	0.999999
st	1	0	1750	0	1.000000
number	0	0	69	0	1.000000
cents	0	0	1	0	0.999999
ne	3	0	695	0	1.000000
lbs	4	0	3	0	1.000000
juxtaposition	0	0	1	0	0.999999
rted	0	0	1	0	0.999999
equipo	0	0	1	0	0.999999
lng	4	0	2	0	1.000000
wasteful	0	0	1	0	0.999999
willy	0	1	2	0	1.000000
baca	0	1	2	0	1.000000
eectr	0	1	1	0	0.999999
cp	2	1	1	0	0.999999
ynn	2	1	1	0	0.999999
od	1	0	186	0	1.000000
ti	0	0	3	0	1.000000
reated	0	0	1	0	0.999999
sie	4	0	5	0	1.000000
azz	2	0	1	0	0.999999
yn	3	1	1	0	0.999999
lg	1	0	2	0	1.000000
telegram	0	0	1	0	0.999999
normality	0	0	1	0	0.999999
zup	2	1	1	0	0.999999
glowing	0	0	1	0	0.999999
jer	4	0	4	0	1.000000
shortly	0	0	2	0	1.000000
nah	4	1	1	0	0.999999
nen	2	0	1	0	0.999999
minutes	0	1	7	0	1.000000
agates	0	1	1	0	0.999999
prayer	0	0	1	0	0.999999
dts	2	0	1	0	0.999999
crockett	0	1	1	0	0.999999
mdia	0	0	1	0	0.999999
scenic	0	0	3	0	1.000000
perdomain	0	0	11	0	1.000000
protectdata	0	0	5	0	1.000000
de	0	0	159	0	1.000000
dy	2	1	1	0	0.999999
tal	4	1	7	0	1.000000
fsr	4	0	1	0	0.999999
lls	2	1	27	0	1.000000
rightlatest	0	1	1	0	0.999999
rot	2	1	1	0	0.999999
micheal	0	0	1	0	0.999999
hot	2	1	4	0	1.000000
roberts	0	0	1	0	0.999999
mik	4	1	10	0	1.000000
saadaval	0	0	1	0	0.999999
odd	2	0	2	0	1.000000
leads	0	0	2	0	1.000000
weblogs	0	1	15	0	1.000000
proceeded	0	0	3	0	1.000000
fc	1	1	43	0	1.000000
mobilization	0	0	1	0	0.999999
rightplesna	0	1	1	0	0.999999
on	0	0	996	0	1.000000
hardest	0	0	2	0	1.000000
celeste	0	1	2	0	1.000000
colleague	0	0	1	0	0.999999
professional	0	0	12	0	1.000000
statistics	0	0	6	0	1.000000
veicoli	0	0	1	0	0.999999
aff	2	1	3	0	1.000000
hot	4	1	6	0	1.000000
fm	3	1	1	0	0.999999
owe	0	0	1	0	0.999999
then	0	0	58	0	1.000000
arn	4	1	3	0	1.000000
prizes	0	1	3	0	1.000000
ard	4	0	3	0	1.000000
aff	4	0	23	0	1.000000
dex	2	0	16	0	1.000000
equ	4	0	35	0	1.000000
daveramsey	0	0	1	0	0.999999
pedao	0	0	4	0	1.000000
joh	4	1	21	0	1.000000
zeitschrift	0	0	1	0	0.999999
admin	0	0	11	0	1.000000
sie	2	1	4	0	1.000000
tor	0	1	2	0	1.000000
drumming	0	0	2	0	1.000000
forest	0	1	2	0	1.000000
brook	0	1	1	0	0.999999
captivity	0	0	1	0	0.999999
rightluga	0	1	1	0	0.999999
o	0	0	27	0	1.000000
stool	0	0	1	0	0.999999
saltwater	0	0	2	0	1.000000
faz	2	0	3	0	1.000000
functi	0	0	1	0	0.999999
ne	1	1	325	0	1.000000
emit	0	0	1	0	0.999999
aim	2	1	5	0	1.000000
ts	0	1	1	0	0.999999
processing	0	0	5	0	1.000000
acs	2	0	3	0	1.000000
ago	0	0	32	0	1.000000
quo	4	0	217	0	1.000000
uuml	0	1	1	0	0.999999
tuesday	0	1	4	0	1.000000
doom	0	1	3	0	1.000000
sum	4	0	23	0	1.000000
hiz	2	1	1	0	0.999999
time	0	1	17	0	1.000000
nde	4	0	1	0	0.999999
risk	0	1	2	0	1.000000
dy	1	1	59	0	1.000000
locality	0	0	1	0	0.999999
rains	0	0	1	0	0.999999
cheerleaders	0	0	2	0	1.000000
plainly	0	0	1	0	0.999999
knowing	0	0	7	0	1.000000
fle	2	1	2	0	1.000000
canul	0	1	1	0	0.999999
pc	3	1	7	0	1.000000
tre	0	0	2	0	1.000000
shuffle	0	1	1	0	0.999999
keep	0	0	50	0	1.000000
succotz	0	1	1	0	0.999999
gonna	0	0	4	0	1.000000
tin	4	1	7	0	1.000000
lhc	4	0	1	0	0.999999
tab	2	1	1	0	0.999999
scan	0	1	2	0	1.000000
hipster	0	0	1	0	0.999999
yn	2	0	2	0	1.000000
rna	4	0	2	0	1.000000
ar	3	1	252	0	1.000000
record	0	1	2	0	1.000000
couldnt	0	0	1	0	0.999999
consultation	0	0	2	0	1.000000
feb	2	1	15	0	1.000000
barrier	0	0	11	0	1.000000
comforts	0	0	1	0	0.999999
publishing	0	0	7	0	1.000000
rosen	0	1	1	0	0.999999
bg	3	0	1	0	0.999999
notwithstanding	0	0	1	0	0.999999
byp	4	1	1	0	0.999999
merda	0	0	3	0	1.000000
southwestern	0	1	2	0	1.000000
margaret	0	1	4	0	1.000000
tothem	0	0	1	0	0.999999
sei	2	0	1	0	0.999999
isomaker	0	1	2	0	1.000000
han	2	0	118	0	1.000000
ar	1	0	597	0	1.000000
nno	4	0	1	0	0.999999
literature	0	1	3	0	1.000000
toward	0	0	3	0	1.000000
fir	4	0	132	0	1.000000
nit	2	1	13	0	1.000000
ios	2	1	4	0	1.000000
wee	4	0	54	0	1.000000
was	0	0	406	0	1.000000
avatar	0	0	1	0	0.999999
author	0	1	3	0	1.000000
files	0	0	41	0	1.000000
dra	4	0	56	0	1.000000
back	0	0	63	0	1.000000
cp	3	1	16	0	1.000000
infunction	0	0	1	0	0.999999
wasestablished	0	0	1	0	0.999999
tribute	0	0	3	0	1.000000
dfw	2	0	1	0	0.999999
public	0	0	24	0	1.000000
ragnarok	0	1	2	0	1.000000
transgressions	0	0	1	0	0.999999
age	0	1	3	0	1.000000
screenshots	0	0	1	0	0.999999
topically	0	0	1	0	0.999999
onlywarc	0	1	1	0	0.999999
programthe	0	1	2	0	1.000000
sergio	0	0	1	0	0.999999
aetiology	0	1	1	0	0.999999
oga	2	0	1	0	0.999999
main	0	0	55	0	1.000000
aim	4	0	8	0	1.000000
eme	2	0	4	0	1.000000
vez	4	0	2	0	1.000000
en	1	1	364	0	1.000000
tub	2	1	1	0	0.999999
networks	0	0	2	0	1.000000
meess	0	0	1	0	0.999999
living	0	0	16	0	1.000000
reduction	0	0	4	0	1.000000
suffrage	0	0	1	0	0.999999
ydd	2	0	1	0	0.999999
xed	0	0	1	0	0.999999
annual	0	1	4	0	1.000000
beest	0	0	1	0	0.999999
rearrangement	0	0	1	0	0.999999
loads	0	1	4	0	1.000000
basics	0	1	16	0	1.000000
ioni	0	0	1	0	0.999999
aku	2	1	1	0	0.999999
gae	4	1	7	0	1.000000
tix	4	1	1	0	0.999999
tourism	0	1	145	0	1.000000
attacked	0	0	1	0	0.999999
abum	0	0	1	0	0.999999
specia	0	0	2	0	1.000000
joh	4	0	2	0	1.000000
jab	4	0	2	0	1.000000
mus	4	0	195	0	1.000000
kicked	0	0	2	0	1.000000
wells	0	1	3	0	1.000000
engagement	0	0	1	0	0.999999
xiaoping	0	1	1	0	0.999999
medieval	0	0	1	0	0.999999
iwa	2	0	2	0	1.000000
vil	4	0	11	0	1.000000
freestay	0	1	4	0	1.000000
artak	0	0	1	0	0.999999
distracted	0	0	1	0	0.999999
gea	4	0	12	0	1.000000
jpg	2	1	4	0	1.000000
dar	4	1	4	0	1.000000
doors	0	1	1	0	0.999999
beear	0	0	1	0	0.999999
woodrow	0	1	1	0	0.999999
alt	4	1	22	0	1.000000
consensus	0	0	1	0	0.999999
dod	4	0	1	0	0.999999
edd	4	1	1	0	0.999999
mee	4	1	8	0	1.000000
rtgages	0	0	1	0	0.999999
yce	2	0	1	0	0.999999
running	0	0	18	0	1.000000
mmorgps	0	1	2	0	1.000000
kr	1	0	1	0	0.999999
acquisition	0	1	1	0	0.999999
affitti	0	1	3	0	1.000000
run	2	0	20	0	1.000000
regard	0	0	3	0	1.000000
chl	4	1	29	0	1.000000
ond	2	0	32	0	1.000000
cpx	4	0	2	0	1.000000
don	0	1	18	0	1.000000
goa	4	0	6	0	1.000000
save	0	1	5	0	1.000000
watchmen	0	0	1	0	0.999999
craigsl	0	0	1	0	0.999999
accompanying	0	0	2	0	1.000000
politicians	0	0	1	0	0.999999
civitati	0	0	1	0	0.999999
salvage	0	0	1	0	0.999999
flick	0	0	2	0	1.000000
was	2	1	4	0	1.000000
exhibition	0	1	4	0	1.000000
ies	4	0	2	0	1.000000
hud	2	1	1	0	0.999999
freelancer	0	0	1	0	0.999999
mp	2	1	5	0	1.000000
y	0	1	51	0	1.000000
restaurant	0	0	5	0	1.000000
no	3	0	769	0	1.000000
discontinued	0	0	1	0	0.999999
meter	0	0	2	0	1.000000
xed	2	0	18	0	1.000000
elizabethan	0	1	1	0	0.999999
steel	0	0	5	0	1.000000
stocked	0	1	1	0	0.999999
share	0	1	6	0	1.000000
assurance	0	0	2	0	1.000000
listening	0	1	1	0	0.999999
upp	4	1	1	0	0.999999
int	2	0	68	0	1.000000
rej	4	0	4	0	1.000000
slurred	0	0	1	0	0.999999
rainforest	0	0	5	0	1.000000
checked	0	0	3	0	1.000000
corps	0	1	23	0	1.000000
quantos	0	1	1	0	0.999999
iiy	2	0	1	0	0.999999
ozamis	0	0	1	0	0.999999
duchess	0	1	1	0	0.999999
dit	4	1	1	0	0.999999
fives	0	0	1	0	0.999999
hedgehog	0	0	1	0	0.999999
mississippi	0	1	3	0	1.000000
maintenance	0	1	6	0	1.000000
become	0	1	1	0	0.999999
vitamins	0	0	1	0	0.999999
catamarans	0	0	1	0	0.999999
mauritaniamap	0	1	1	0	0.999999
repudiate	0	0	1	0	0.999999
apartments	0	0	13	0	1.000000
pc	2	0	3	0	1.000000
tools	0	0	16	0	1.000000
cdp	4	1	1	0	0.999999
tries	0	0	1	0	0.999999
avaiabiity	0	0	1	0	0.999999
ams	2	0	60	0	1.000000
attire	0	0	2	0	1.000000
creation	0	0	10	0	1.000000
hand	0	0	28	0	1.000000
default	0	1	25	0	1.000000
abigail	0	0	2	0	1.000000
usc	2	1	1	0	0.999999
seal	0	1	1	0	0.999999
thesecret	0	1	1	0	0.999999
dundee	0	1	2	0	1.000000
copper	0	0	1	0	0.999999
stalactites	0	0	1	0	0.999999
corner	0	0	9	0	1.000000
surry	0	1	1	0	0.999999
thy	2	0	26	0	1.000000
js	3	1	1	0	0.999999
suc	4	1	13	0	1.000000
develop	0	0	13	0	1.000000
cartographic	0	0	3	0	1.000000
ex	3	1	138	0	1.000000
mammal	0	0	1	0	0.999999
rias	0	0	1	0	0.999999
ega	2	0	2	0	1.000000
jansen	0	1	1	0	0.999999
orgasm	0	0	2	0	1.000000
mia	4	1	1	0	0.999999
pics	0	0	3	0	1.000000
hbc	4	0	2	0	1.000000
notebook	0	0	1	0	0.999999
sac	4	1	2	0	1.000000
christine	0	1	1	0	0.999999
rallh	0	0	1	0	0.999999
dar	2	1	14	0	1.000000
refunds	0	0	1	0	0.999999
humankind	0	0	1	0	0.999999
orxish	0	0	1	0	0.999999
typing	0	0	4	0	1.000000
during	0	1	14	0	1.000000
unstoppable	0	1	37	0	1.000000
pup	2	0	161	0	1.000000
toledo	0	1	7	0	1.000000
jpg	0	1	4	0	1.000000
main	0	1	13	0	1.000000
workshop	0	0	2	0	1.000000
nji	2	0	1	0	0.999999
gay	0	1	1	0	0.999999
arn	2	0	46	0	1.000000
gl	1	1	6	0	1.000000
ima	4	0	80	0	1.000000
sair	0	0	1	0	0.999999
app	4	1	34	0	1.000000
hollywood	0	1	2	0	1.000000
guy	0	1	1	0	0.999999
rje	2	0	1	0	0.999999
urn	2	1	3	0	1.000000
instructed	0	0	2	0	1.000000
tro	2	0	1	0	0.999999
newyork	0	1	1	0	0.999999
gente	0	0	1	0	0.999999
mai	2	0	2	0	1.000000
convinced	0	0	3	0	1.000000
iso	0	1	5	0	1.000000
st	2	1	25	0	1.000000
owe	2	1	1	0	0.999999
imager	0	0	1	0	0.999999
intends	0	0	1	0	0.999999
seriously	0	0	2	0	1.000000
yag	2	0	1	0	0.999999
arrive	0	0	4	0	1.000000
firedoglake	0	1	1	0	0.999999
spoil	0	0	2	0	1.000000
ooc	2	0	2	0	1.000000
improves	0	0	1	0	0.999999
manor	0	0	1	0	0.999999
bbs	0	0	2	0	1.000000
wotlk	0	1	3	0	1.000000
dick	0	1	2	0	1.000000
tab	0	1	1	0	0.999999
rad	4	1	42	0	1.000000
rightan	0	1	1	0	0.999999
st	0	1	25	0	1.000000
pleco	0	0	1	0	0.999999
hun	4	1	15	0	1.000000
canal	0	0	2	0	1.000000
sie	4	1	4	0	1.000000
mks	0	0	1	0	0.999999
piercing	0	0	1	0	0.999999
warlock	0	1	3	0	1.000000
norfolk	0	1	1	0	0.999999
zle	2	0	1	0	0.999999
examiner	0	1	2	0	1.000000
nation	0	1	10	0	1.000000
meo	0	1	3	0	1.000000
adapted	0	0	1	0	0.999999
hlm	4	0	1	0	0.999999
awaits	0	0	1	0	0.999999
wp	3	0	1	0	0.999999
tab	4	1	8	0	1.000000
garrick	0	1	1	0	0.999999
ex	1	1	101	0	1.000000
libraries	0	0	7	0	1.000000
end	4	1	10	0	1.000000
tower	0	0	2	0	1.000000
dy	2	0	4	0	1.000000
emulate	0	0	1	0	0.999999
nny	2	1	3	0	1.000000
economic	0	1	4	0	1.000000
rolling	0	0	2	0	1.000000
ships	0	0	48	0	1.000000
cpx	2	0	2	0	1.000000
de	0	1	7	0	1.000000
iys	4	1	1	0	0.999999
edx	2	0	1	0	0.999999
fertie	0	0	1	0	0.999999
nur	4	0	8	0	1.000000
juv	4	0	1	0	0.999999
instrument	0	0	2	0	1.000000
ort	4	0	2	0	1.000000
season	0	0	10	0	1.000000
caribbean	0	0	1	0	0.999999
weblogs	0	0	10	0	1.000000
ha	1	1	29	0	1.000000
conducted	0	0	12	0	1.000000
sighting	0	0	5	0	1.000000
mobilization	0	1	5	0	1.000000
don	2	0	59	0	1.000000
aparentemente	0	1	1	0	0.999999
uge	2	0	15	0	1.000000
inspiring	0	0	5	0	1.000000
oxley	0	1	11	0	1.000000
newsletter	0	0	4	0	1.000000
aff	2	0	12	0	1.000000
ex	2	1	1	0	0.999999
sma	2	0	3	0	1.000000
jor	2	0	28	0	1.000000
rightna	0	1	1	0	0.999999
sei	4	0	7	0	1.000000
really	0	1	2	0	1.000000
pensar	0	0	1	0	0.999999
equ	4	1	26	0	1.000000
vandas	0	1	1	0	0.999999
mgm	4	1	1	0	0.999999
app	2	1	1	0	0.999999
ply	4	0	4	0	1.000000
unexposed	0	0	1	0	0.999999
unaccustomed	0	0	1	0	0.999999
cp	1	1	1	0	0.999999
try	2	0	169	0	1.000000
forest	0	0	14	0	1.000000
sac	4	0	7	0	1.000000
spr	4	1	12	0	1.000000
cia	0	1	1	0	0.999999
stalls	0	0	2	0	1.000000
photos	0	0	10	0	1.000000
asc	4	0	1	0	0.999999
gmtserver	0	1	1	0	0.999999
customize	0	1	1	0	0.999999
eighteen	0	0	3	0	1.000000
rps	2	1	26	0	1.000000
assaultgoes	0	0	1	0	0.999999
portuguese	0	0	2	0	1.000000
ne	1	0	804	0	1.000000
no	1	1	133	0	1.000000
time	0	0	218	0	1.000000
identifier	0	0	3	0	1.000000
usc	0	1	1	0	0.999999
tre	4	0	76	0	1.000000
slade	0	0	1	0	0.999999
roman	0	1	2	0	1.000000
egyptmap	0	1	1	0	0.999999
quick	0	0	7	0	1.000000
started	0	0	19	0	1.000000
poster	0	1	1	0	0.999999
dy	1	0	131	0	1.000000
cui	4	0	3	0	1.000000
conspire	0	0	2	0	1.000000
do	1	1	87	0	1.000000
fle	2	0	1	0	0.999999
spartaak	0	0	1	0	0.999999
protectthem	0	0	1	0	0.999999
caribbean	0	1	13	0	1.000000
competence	0	0	1	0	0.999999
parametrical	0	1	1	0	0.999999
reassemble	0	1	1	0	0.999999
various	0	1	3	0	1.000000
circulation	0	0	1	0	0.999999
gravitational	0	0	1	0	0.999999
nxe	4	1	1	0	0.999999
rvierside	0	0	1	0	0.999999
item	0	0	4	0	1.000000
faf	2	0	1	0	0.999999
peacecorps	0	1	1	0	0.999999
xen	2	0	2	0	1.000000
receive	0	0	53	0	1.000000
buckheath	0	1	2	0	1.000000
fel	4	1	4	0	1.000000
rif	0	1	1	0	0.999999
feb	2	0	1	0	0.999999
milpa	0	1	1	0	0.999999
modesto	0	0	1	0	0.999999
elf	0	1	1	0	0.999999
banged	0	0	1	0	0.999999
promptstr	0	1	4	0	1.000000
doug	0	1	2	0	1.000000
dyn	4	1	4	0	1.000000
lut	4	1	1	0	0.999999
emerge	0	0	1	0	0.999999
specia	0	1	1	0	0.999999
uzz	2	0	1	0	0.999999
hell	0	0	2	0	1.000000
chalenge	0	0	1	0	0.999999
matemtico	0	1	1	0	0.999999
silence	0	0	4	0	1.000000
o	0	1	50	0	1.000000
also	0	1	47	0	1.000000
wee	4	1	6	0	1.000000
value	0	0	24	0	1.000000
ofmilwaukee	0	1	1	0	0.999999
gateus	0	1	1	0	0.999999
chloral	0	0	1	0	0.999999
kh	3	0	2	0	1.000000
bought	0	0	4	0	1.000000
sei	4	1	2	0	1.000000
dru	0	1	1	0	0.999999
photographs	0	0	7	0	1.000000
fc	2	1	32	0	1.000000
japanese	0	1	13	0	1.000000
cz	0	1	2	0	1.000000
universal	0	0	3	0	1.000000
swa	4	0	8	0	1.000000
corte	0	1	1	0	0.999999
west	0	1	7	0	1.000000
lessons	0	1	1	0	0.999999
hancock	0	1	1	0	0.999999
plo	4	1	1	0	0.999999
carpet	0	0	1	0	0.999999
gallant	0	0	1	0	0.999999
cf	3	1	3	0	1.000000
santon	0	1	1	0	0.999999
eag	4	1	2	0	1.000000
ricerca	0	0	1	0	0.999999
pasa	0	0	1	0	0.999999
early	0	0	21	0	1.000000
blows	0	0	1	0	0.999999
reduction	0	1	2	0	1.000000
soi	4	0	2	0	1.000000
ed	0	1	20	0	1.000000
blind	0	1	1	0	0.999999
normal	0	1	7	0	1.000000
cest	0	0	2	0	1.000000
ica	4	1	3	0	1.000000
exhibit	0	0	9	0	1.000000
ard	0	0	2	0	1.000000
dfw	4	0	1	0	0.999999
rda	4	0	4	0	1.000000
thy	2	1	2	0	1.000000
great	0	0	89	0	1.000000
michela	0	1	1	0	0.999999
cus	4	1	26	0	1.000000
the	0	0	5562	0	1.000000
gae	4	0	2	0	1.000000
avismap	0	1	1	0	0.999999
odd	2	1	3	0	1.000000
zw	3	0	1	0	0.999999
transferring	0	0	1	0	0.999999
do	3	1	162	0	1.000000
anglican	0	1	1	0	0.999999
montagu	0	1	1	0	0.999999
rightlinks	0	1	1	0	0.999999
lonely	0	0	4	0	1.000000
app	4	0	155	0	1.000000
mas	0	0	11	0	1.000000
vil	4	1	13	0	1.000000
removing	0	0	2	0	1.000000
heather	0	1	2	0	1.000000
pcx	4	1	1	0	0.999999
allied	0	0	2	0	1.000000
xy	1	0	11	0	1.000000
pesquisar	0	0	1	0	0.999999
reeds	0	0	1	0	0.999999
zel	2	1	1	0	0.999999
rot	2	0	3	0	1.000000
feminization	0	0	1	0	0.999999
unh	4	0	2	0	1.000000
aci	4	0	2	0	1.000000
jpg	2	0	3	0	1.000000
emy	2	0	5	0	1.000000
ofl	4	1	1	0	0.999999
financial	0	1	1	0	0.999999
doors	0	0	1	0	0.999999
seal	0	0	1	0	0.999999
digg	0	1	5	0	1.000000
shone	0	0	1	0	0.999999
hud	4	1	2	0	1.000000
alt	4	0	20	0	1.000000
absorbing	0	0	1	0	0.999999
swedish	0	1	2	0	1.000000
washingtonin	0	1	2	0	1.000000
mee	4	0	61	0	1.000000
ded	4	0	10	0	1.000000
ium	2	0	13	0	1.000000
ohio	0	0	6	0	1.000000
valves	0	1	3	0	1.000000
brandnew	0	0	2	0	1.000000
swa	0	1	1	0	0.999999
humboldt	0	0	1	0	0.999999
tab	2	0	14	0	1.000000
js	0	0	1	0	0.999999
hours	0	0	62	0	1.000000
nica	0	0	1	0	0.999999
pronounced	0	0	1	0	0.999999
nouvelles	0	0	4	0	1.000000
ores	0	0	1	0	0.999999
ranger	0	0	3	0	1.000000
korbel	0	0	2	0	1.000000
bitely	0	1	1	0	0.999999
venture	0	0	1	0	0.999999
looking	0	0	33	0	1.000000
egress	0	0	1	0	0.999999
materiel	0	0	6	0	1.000000
favourite	0	0	1	0	0.999999
odd	4	1	3	0	1.000000
tematycznie	0	1	1	0	0.999999
strive	0	0	2	0	1.000000
tul	4	1	1	0	0.999999
mode	0	0	11	0	1.000000
care	0	1	2	0	1.000000
ddo	2	1	1	0	0.999999
ceeis	0	1	4	0	1.000000
dur	4	1	16	0	1.000000
tiling	0	1	1	0	0.999999
spring	0	0	4	0	1.000000
meo	2	0	2	0	1.000000
olf	2	1	13	0	1.000000
corps	0	0	1	0	0.999999
kevin	0	1	2	0	1.000000
development	0	0	30	0	1.000000
accessed	0	0	2	0	1.000000
pw	1	0	1	0	0.999999
expensive	0	0	6	0	1.000000
ny	0	1	26	0	1.000000
doth	0	0	1	0	0.999999
bisexua	0	1	1	0	0.999999
but	0	0	228	0	1.000000
switched	0	0	7	0	1.000000
georgeville	0	1	1	0	0.999999
lat	4	1	32	0	1.000000
puf	4	1	1	0	0.999999
pc	2	1	19	0	1.000000
soul	0	0	1	0	0.999999
int	4	1	139	0	1.000000
ran	4	1	12	0	1.000000
bat	4	0	48	0	1.000000
virtual	0	1	4	0	1.000000
iso	2	0	1	0	0.999999
hand	0	1	1	0	0.999999
victuals	0	0	1	0	0.999999
critical	0	0	7	0	1.000000
recommended	0	0	2	0	1.000000
ts	2	1	1	0	0.999999
frustrating	0	0	3	0	1.000000
breeds	0	0	1	0	0.999999
performing	0	1	2	0	1.000000
breman	0	1	1	0	0.999999
diversity	0	0	10	0	1.000000
nxe	2	1	1	0	0.999999
assim	0	0	2	0	1.000000
guessing	0	0	1	0	0.999999
onn	2	1	2	0	1.000000
downside	0	0	1	0	0.999999
copper	0	1	1	0	0.999999
production	0	1	3	0	1.000000
tin	2	1	27	0	1.000000
corner	0	1	1	0	0.999999
ne	0	1	12	0	1.000000
outlines	0	0	1	0	0.999999
had	2	1	10	0	1.000000
tranquille	0	0	1	0	0.999999
greg	0	1	1	0	0.999999
aimerais	0	0	2	0	1.000000
ega	2	1	2	0	1.000000
mood	0	1	2	0	1.000000
hip	0	0	4	0	1.000000
que	2	0	138	0	1.000000
plating	0	0	1	0	0.999999
ex	3	0	584	0	1.000000
cracker	0	1	1	0	0.999999
age	4	0	47	0	1.000000
continual	0	0	2	0	1.000000
whilst	0	0	4	0	1.000000
jin	4	1	2	0	1.000000
establishing	0	0	1	0	0.999999
iei	2	1	2	0	1.000000
dar	2	0	26	0	1.000000
raising	0	0	5	0	1.000000
tav	4	1	5	0	1.000000
civilization	0	0	9	0	1.000000
ima	4	1	30	0	1.000000
edn	2	0	1	0	0.999999
eec	4	1	1	0	0.999999
mia	2	1	1	0	0.999999
assistants	0	0	2	0	1.000000
umi	2	1	1	0	0.999999
amiss	0	0	1	0	0.999999
tro	2	1	4	0	1.000000
divine	0	0	2	0	1.000000
hegnar	0	0	1	0	0.999999
bombs	0	0	2	0	1.000000
strategy	0	0	7	0	1.000000
closing	0	0	3	0	1.000000
yn	0	0	2	0	1.000000
newyork	0	0	1	0	0.999999
rps	2	0	1	0	0.999999
cans	0	0	1	0	0.999999
warlock	0	0	2	0	1.000000
ewe	2	1	3	0	1.000000
it	1	0	838	0	1.000000
owe	2	0	1	0	0.999999
ourreferral	0	0	1	0	0.999999
connections	0	0	11	0	1.000000
somewhere	0	1	1	0	0.999999
agendas	0	0	1	0	0.999999
aeg	2	1	1	0	0.999999
wrote	0	1	1	0	0.999999
esi	4	0	2	0	1.000000
kailey	0	1	1	0	0.999999
fastback	0	0	2	0	1.000000
anche	0	0	1	0	0.999999
kau	4	0	1	0	0.999999
feast	0	0	1	0	0.999999
mosbys	0	0	1	0	0.999999
overlooking	0	0	1	0	0.999999
ums	2	0	16	0	1.000000
dfc	2	1	1	0	0.999999
ica	2	0	39	0	1.000000
ran	0	0	3	0	1.000000
forumspleasekeep	0	1	1	0	0.999999
faz	4	0	4	0	1.000000
external	0	0	4	0	1.000000
eire	0	1	1	0	0.999999
tub	2	0	1	0	0.999999
bangkok	0	1	1	0	0.999999
novelists	0	0	1	0	0.999999
needneverseen	0	1	1	0	0.999999
ferrara	0	1	1	0	0.999999
solitary	0	0	1	0	0.999999
tags	0	1	4	0	1.000000
ned	4	1	1	0	0.999999
provincial	0	1	1	0	0.999999
manuals	0	0	4	0	1.000000
dy	3	1	21	0	1.000000
hip	2	1	60	0	1.000000
age	2	1	115	0	1.000000
lli	2	0	6	0	1.000000
legacy	0	0	1	0	0.999999
loans	0	1	1	0	0.999999
rax	2	0	1	0	0.999999
designer	0	0	14	0	1.000000
tal	4	0	53	0	1.000000
avoid	0	0	12	0	1.000000
milton	0	1	1	0	0.999999
het	2	1	11	0	1.000000
endangered	0	0	3	0	1.000000
property	0	0	11	0	1.000000
nar	4	0	5	0	1.000000
definitive	0	0	2	0	1.000000
on	1	0	3042	0	1.000000
efficient	0	1	1	0	0.999999
chief	0	1	3	0	1.000000
siy	4	0	1	0	0.999999
automotive	0	1	1	0	0.999999
neely	0	1	1	0	0.999999
sma	4	1	8	0	1.000000
lil	4	0	2	0	1.000000
ha	1	0	19	0	1.000000
uge	2	1	1	0	0.999999
pcx	0	1	1	0	0.999999
js	2	1	1	0	0.999999
hartfield	0	1	1	0	0.999999
cas	2	0	10	0	1.000000
rip	4	1	3	0	1.000000
usernames	0	0	1	0	0.999999
mccrae	0	1	1	0	0.999999
ex	2	0	6	0	1.000000
mitcalc	0	1	2	0	1.000000
jor	2	1	3	0	1.000000
lop	4	1	1	0	0.999999
awi	2	1	1	0	0.999999
ventilating	0	1	2	0	1.000000
benz	0	1	2	0	1.000000
finest	0	0	2	0	1.000000
it	3	1	75	0	1.000000
recieve	0	0	2	0	1.000000
jin	0	1	2	0	1.000000
commercially	0	0	1	0	0.999999
jor	4	1	4	0	1.000000
reservations	0	0	1	0	0.999999
inine	0	0	1	0	0.999999
eth	4	0	7	0	1.000000
nex	2	1	3	0	1.000000
epirot	0	1	1	0	0.999999
college	0	1	14	0	1.000000
end	0	0	37	0	1.000000
cus	2	0	8	0	1.000000
etr	4	1	1	0	0.999999
entrou	0	0	1	0	0.999999
suites	0	1	1	0	0.999999
pacifier	0	0	1	0	0.999999
designcriteria	0	1	1	0	0.999999
tews	0	1	3	0	1.000000
den	0	0	3	0	1.000000
tre	2	1	32	0	1.000000
kingdom	0	1	5	0	1.000000
abbreviations	0	0	1	0	0.999999
pancreas	0	1	1	0	0.999999
sples	0	1	1	0	0.999999
tre	4	1	65	0	1.000000
prizesus	0	1	3	0	1.000000
convertible	0	1	4	0	1.000000
lof	4	1	1	0	0.999999
poster	0	0	7	0	1.000000
hu	3	0	195	0	1.000000
ort	2	0	192	0	1.000000
thrusts	0	0	1	0	0.999999
den	2	1	32	0	1.000000
watering	0	0	2	0	1.000000
ums	2	1	16	0	1.000000
revision	0	0	7	0	1.000000
aka	2	0	2	0	1.000000
umbrellas	0	0	1	0	0.999999
soccer	0	0	1	0	0.999999
oco	2	1	1	0	0.999999
deals	0	0	3	0	1.000000
crossroads	0	1	1	0	0.999999
sampson	0	1	2	0	1.000000
lvi	2	1	3	0	1.000000
fle	4	1	19	0	1.000000
tab	0	0	14	0	1.000000
mp	3	1	2	0	1.000000
importantly	0	0	3	0	1.000000
engineer	0	0	4	0	1.000000
ireannach	0	0	2	0	1.000000
ra	1	1	70	0	1.000000
thwarted	0	0	1	0	0.999999
rad	2	0	2	0	1.000000
item	0	1	3	0	1.000000
lil	4	1	2	0	1.000000
reformers	0	0	1	0	0.999999
groomed	0	0	3	0	1.000000
whats	0	0	5	0	1.000000
saturday	0	1	13	0	1.000000
modesto	0	1	1	0	0.999999
heavy	0	0	3	0	1.000000
tanagers	0	0	3	0	1.000000
spr	4	0	20	0	1.000000
crump	0	1	1	0	0.999999
chavit	0	1	1	0	0.999999
kr	3	1	15	0	1.000000
had	0	0	140	0	1.000000
cas	4	1	36	0	1.000000
totally	0	1	2	0	1.000000
spyware	0	0	3	0	1.000000
hunters	0	1	1	0	0.999999
rte	4	0	1	0	0.999999
lib	0	0	1	0	0.999999
congressional	0	1	1	0	0.999999
emerge	0	1	1	0	0.999999
thy	4	0	10	0	1.000000
non	0	1	10	0	1.000000
sylvan	0	0	1	0	0.999999
sntis	0	0	1	0	0.999999
style	0	1	3	0	1.000000
rk	1	1	348	0	1.000000
royal	0	1	2	0	1.000000
value	0	1	44	0	1.000000
carts	0	1	3	0	1.000000
efl	2	0	1	0	0.999999
elp	4	0	2	0	1.000000
od	3	1	4	0	1.000000
walnut	0	1	1	0	0.999999
mian	0	0	2	0	1.000000
ome	2	1	82	0	1.000000
mks	4	1	1	0	0.999999
wbr	2	0	1	0	0.999999
pruning	0	0	1	0	0.999999
hath	0	0	3	0	1.000000
satellite	0	0	1	0	0.999999
cdp	2	1	1	0	0.999999
west	0	0	8	0	1.000000
tix	2	1	1	0	0.999999
phi	2	1	1	0	0.999999
ill	0	1	11	0	1.000000
scent	0	0	1	0	0.999999
tid	4	0	4	0	1.000000
lessons	0	0	1	0	0.999999
integrati	0	0	1	0	0.999999
wrote	0	0	15	0	1.000000
udacris	0	0	1	0	0.999999
deville	0	0	4	0	1.000000
de	2	0	159	0	1.000000
retreat	0	0	2	0	1.000000
usedplease	0	0	1	0	0.999999
ghanamap	0	1	1	0	0.999999
soi	4	1	5	0	1.000000
relations	0	1	11	0	1.000000
rip	4	0	4	0	1.000000
no	3	1	389	0	1.000000
folding	0	0	1	0	0.999999
dit	2	0	30	0	1.000000
naka	0	0	1	0	0.999999
mnf	2	0	1	0	0.999999
teleport	0	0	1	0	0.999999
bike	0	1	2	0	1.000000
osi	2	0	1	0	0.999999
quaity	0	0	4	0	1.000000
great	0	1	12	0	1.000000
swa	2	0	1	0	0.999999
like	0	0	192	0	1.000000
actions	0	1	2	0	1.000000
nti	2	1	9	0	1.000000
aic	2	1	3	0	1.000000
moon	0	1	6	0	1.000000
dowdy	0	1	1	0	0.999999
cus	4	0	54	0	1.000000
betweenbelize	0	1	1	0	0.999999
wastewater	0	1	1	0	0.999999
cavescave	0	1	1	0	0.999999
gracious	0	0	2	0	1.000000
appoint	0	0	1	0	0.999999
fluxus	0	1	1	0	0.999999
srp	2	1	1	0	0.999999
favour	0	0	1	0	0.999999
each	0	0	48	0	1.000000
gay	2	1	1	0	0.999999
elf	4	1	1	0	0.999999
seismic	0	1	1	0	0.999999
sse	0	0	1	0	0.999999
heather	0	0	1	0	0.999999
competitors	0	0	1	0	0.999999
od	1	1	81	0	1.000000
run	0	0	20	0	1.000000
ded	2	1	84	0	1.000000
sinon	0	0	1	0	0.999999
senegalmap	0	1	1	0	0.999999
ministry	0	1	1	0	0.999999
stabilization	0	1	1	0	0.999999
administered	0	0	2	0	1.000000
ballots	0	0	2	0	1.000000
nging	0	0	1	0	0.999999
calculation	0	0	2	0	1.000000
portuguese	0	1	3	0	1.000000
opinions	0	0	1	0	0.999999
ts	1	0	1398	0	1.000000
layer	0	1	10	0	1.000000
equipe	0	0	1	0	0.999999
had	4	1	8	0	1.000000
advertise	0	1	1	0	0.999999
cia	4	0	5	0	1.000000
eii	2	1	2	0	1.000000
sum	2	0	3	0	1.000000
dream	0	1	2	0	1.000000
dreadful	0	0	1	0	0.999999
afinal	0	0	1	0	0.999999
cf	2	1	1	0	0.999999
campus	0	0	8	0	1.000000
guestbook	0	0	2	0	1.000000
shots	0	1	2	0	1.000000
czerwca	0	0	1	0	0.999999
de	1	0	750	0	1.000000
eco	0	1	1	0	0.999999
nde	2	1	4	0	1.000000
hty	2	0	3	0	1.000000
interactions	0	0	1	0	0.999999
immersion	0	0	2	0	1.000000
ubes	0	0	1	0	0.999999
wf	1	0	1	0	0.999999
grosvenor	0	1	1	0	0.999999
painful	0	1	1	0	0.999999
informationabout	0	0	1	0	0.999999
system	0	0	49	0	1.000000
ball	0	1	3	0	1.000000
chili	0	1	1	0	0.999999
monumentmarine	0	1	1	0	0.999999
newsletterifa	0	1	1	0	0.999999
gmc	0	0	1	0	0.999999
development	0	1	12	0	1.000000
han	4	0	78	0	1.000000
laughing	0	0	4	0	1.000000
routinely	0	0	1	0	0.999999
eew	4	1	1	0	0.999999
dfc	4	0	4	0	1.000000
guy	2	0	16	0	1.000000
errors	0	1	2	0	1.000000
but	2	1	42	0	1.000000
but	0	1	41	0	1.000000
absorption	0	0	1	0	0.999999
ha	0	1	7	0	1.000000
additional	0	1	2	0	1.000000
kim	2	1	4	0	1.000000
fc	0	1	32	0	1.000000
liv	4	0	62	0	1.000000
cxas	0	1	1	0	0.999999
ssy	2	0	4	0	1.000000
sandersen	0	1	1	0	0.999999
lat	4	0	47	0	1.000000
oom	2	0	23	0	1.000000
dimanche	0	0	2	0	1.000000
iso	2	1	17	0	1.000000
leaderversion	0	1	1	0	0.999999
ru	1	0	5	0	1.000000
occasionally	0	0	2	0	1.000000
wear	0	0	5	0	1.000000
douglas	0	0	1	0	0.999999
ofgetting	0	1	1	0	0.999999
cient	0	0	1	0	0.999999
universal	0	1	1	0	0.999999
ji	3	1	28	0	1.000000
uff	2	1	2	0	1.000000
ofb	4	1	1	0	0.999999
breeds	0	1	1	0	0.999999
wasn	0	0	10	0	1.000000
monticelloa	0	1	1	0	0.999999
coo	4	1	14	0	1.000000
cp	0	1	1	0	0.999999
checkliste	0	1	2	0	1.000000
appelton	0	0	1	0	0.999999
gld	2	0	1	0	0.999999
measures	0	0	3	0	1.000000
articles	0	0	13	0	1.000000
xucro	0	0	1	0	0.999999
traveler	0	0	6	0	1.000000
onn	2	0	2	0	1.000000
dynamic	0	1	4	0	1.000000
iam	2	0	1	0	0.999999
sorensen	0	0	1	0	0.999999
needeth	0	0	1	0	0.999999
anywhere	0	0	12	0	1.000000
cia	2	1	13	0	1.000000
restaurant	0	1	3	0	1.000000
omo	2	0	13	0	1.000000
payne	0	1	1	0	0.999999
