pao	0	0	1	0	0.999999
tog	4	1	1	0	0.999999
peace	0	1	5	0	1.000000
advantages	0	0	3	0	1.000000
futurewire	0	1	7	0	1.000000
ori	0	0	1	0	0.999999
hurry	0	0	2	0	1.000000
report	0	1	11	0	1.000000
feath	0	0	1	0	0.999999
modoc	0	1	1	0	0.999999
articulator	0	0	1	0	0.999999
qnk	2	0	1	0	0.999999
cornwall	0	0	1	0	0.999999
mfc	2	1	2	0	1.000000
treasures	0	1	18	0	1.000000
receipt	0	0	1	0	0.999999
votre	0	0	3	0	1.000000
tiled	0	0	1	0	0.999999
waves	0	1	1	0	0.999999
trail	0	1	7	0	1.000000
have	0	1	14	0	1.000000
wiring	0	0	2	0	1.000000
caves	0	0	9	0	1.000000
delivery	0	0	1	0	0.999999
mill	0	0	1	0	0.999999
program	0	0	69	0	1.000000
sighed	0	0	1	0	0.999999
been	0	0	168	0	1.000000
moins	0	0	2	0	1.000000
idi	2	1	2	0	1.000000
danies	0	1	1	0	0.999999
pouco	0	0	1	0	0.999999
qcl	4	1	1	0	0.999999
cathedral	0	0	1	0	0.999999
parties	0	1	3	0	1.000000
yw	1	0	1	0	0.999999
donc	0	1	2	0	1.000000
gps	2	1	3	0	1.000000
bp	3	0	2	0	1.000000
lightweight	0	0	1	0	0.999999
cyn	4	1	2	0	1.000000
pig	4	1	43	0	1.000000
wts	0	1	3	0	1.000000
raceway	0	0	1	0	0.999999
ape	2	0	8	0	1.000000
rei	4	0	15	0	1.000000
uvs	2	1	1	0	0.999999
literalmente	0	0	1	0	0.999999
bzd	2	1	1	0	0.999999
workstations	0	0	1	0	0.999999
divisions	0	1	1	0	0.999999
definitions	0	0	2	0	1.000000
draw	0	0	4	0	1.000000
wit	4	1	104	0	1.000000
upe	2	1	2	0	1.000000
leading	0	0	2	0	1.000000
mesi	0	1	1	0	0.999999
greenwich	0	1	2	0	1.000000
wwf	4	1	8	0	1.000000
gunn	0	1	1	0	0.999999
forums	0	0	9	0	1.000000
expeditions	0	0	2	0	1.000000
foggy	0	0	1	0	0.999999
mo	0	0	1	0	0.999999
bankers	0	0	1	0	0.999999
co	1	1	71	0	1.000000
fig	4	1	3	0	1.000000
aboveif	0	0	1	0	0.999999
resize	0	0	1	0	0.999999
lf	1	0	84	0	1.000000
abi	4	0	14	0	1.000000
tonganoxie	0	1	1	0	0.999999
depot	0	1	2	0	1.000000
crowns	0	0	1	0	0.999999
dow	4	0	120	0	1.000000
lets	0	0	5	0	1.000000
breezes	0	0	2	0	1.000000
joli	0	1	1	0	0.999999
new	0	0	184	0	1.000000
secretary	0	1	3	0	1.000000
keywords	0	0	1	0	0.999999
recreation	0	0	1	0	0.999999
em	1	0	295	0	1.000000
recorded	0	0	7	0	1.000000
bluesbiz	0	1	1	0	0.999999
esh	2	1	6	0	1.000000
wo	0	0	2	0	1.000000
prospective	0	0	1	0	0.999999
nyc	2	1	3	0	1.000000
reviewing	0	0	7	0	1.000000
ilk	2	1	2	0	1.000000
ole	2	0	53	0	1.000000
xxx	0	1	1	0	0.999999
pollution	0	0	5	0	1.000000
craigsljst	0	0	2	0	1.000000
tuna	0	1	1	0	0.999999
type	0	0	26	0	1.000000
devised	0	0	1	0	0.999999
bixa	0	0	1	0	0.999999
gettting	0	0	1	0	0.999999
rien	0	1	1	0	0.999999
atelier	0	1	1	0	0.999999
evaluation	0	0	5	0	1.000000
tolowercase	0	1	1	0	0.999999
ec	2	1	4	0	1.000000
nouvelle	0	0	3	0	1.000000
sin	0	1	1	0	0.999999
satisfied	0	0	4	0	1.000000
rural	0	1	1	0	0.999999
allan	0	1	1	0	0.999999
arc	4	0	35	0	1.000000
gamemaster	0	0	1	0	0.999999
agrochemicals	0	0	3	0	1.000000
pindar	0	1	1	0	0.999999
six	4	0	14	0	1.000000
dom	4	0	22	0	1.000000
invitati	0	0	1	0	0.999999
surfaces	0	0	2	0	1.000000
get	2	0	171	0	1.000000
cream	0	1	1	0	0.999999
nce	2	0	397	0	1.000000
rgional	0	1	2	0	1.000000
transcrip	0	1	1	0	0.999999
humane	0	1	1	0	0.999999
wouldmatch	0	0	1	0	0.999999
pirates	0	0	4	0	1.000000
vera	0	0	1	0	0.999999
requires	0	1	1	0	0.999999
cfc	2	0	1	0	0.999999
dth	2	1	7	0	1.000000
assimnil	0	0	1	0	0.999999
olo	2	0	4	0	1.000000
fiq	4	0	1	0	0.999999
sith	0	0	1	0	0.999999
htn	2	0	2	0	1.000000
mighty	0	0	2	0	1.000000
chineselibrary	0	1	1	0	0.999999
enc	4	1	37	0	1.000000
crazean	0	1	1	0	0.999999
television	0	1	2	0	1.000000
documentdeliveryand	0	1	1	0	0.999999
suv	4	1	8	0	1.000000
couch	0	0	2	0	1.000000
meantime	0	0	1	0	0.999999
anketell	0	1	1	0	0.999999
deixarar	0	0	1	0	0.999999
ach	4	1	2	0	1.000000
earl	0	0	1	0	0.999999
isn	4	0	13	0	1.000000
wed	4	1	12	0	1.000000
swash	0	0	1	0	0.999999
thebelize	0	1	2	0	1.000000
their	0	1	5	0	1.000000
discretionary	0	0	1	0	0.999999
earthlie	0	0	1	0	0.999999
headline	0	0	2	0	1.000000
gears	0	0	3	0	1.000000
sewer	0	1	1	0	0.999999
is	3	0	242	0	1.000000
hdt	4	1	1	0	0.999999
ragged	0	0	1	0	0.999999
rac	4	0	23	0	1.000000
marathi	0	1	2	0	1.000000
poland	0	1	1	0	0.999999
treatment	0	1	6	0	1.000000
society	0	1	22	0	1.000000
grasslands	0	0	1	0	0.999999
mon	0	1	5	0	1.000000
stirring	0	0	2	0	1.000000
ga	0	1	3	0	1.000000
xxx	2	0	1	0	0.999999
fatal	0	0	3	0	1.000000
agamaggan	0	0	1	0	0.999999
voit	0	0	1	0	0.999999
behind	0	1	1	0	0.999999
oby	2	0	4	0	1.000000
rightigse	0	0	1	0	0.999999
lost	0	0	7	0	1.000000
obligates	0	0	1	0	0.999999
inner	0	0	4	0	1.000000
lus	4	0	2	0	1.000000
short	0	1	2	0	1.000000
nth	0	0	1	0	0.999999
mit	2	1	10	0	1.000000
preservation	0	1	1	0	0.999999
talking	0	0	7	0	1.000000
dolphin	0	1	1	0	0.999999
bringing	0	1	1	0	0.999999
specifications	0	0	4	0	1.000000
homes	0	0	9	0	1.000000
snake	0	1	1	0	0.999999
secondary	0	0	3	0	1.000000
plug	0	0	1	0	0.999999
co	2	0	9	0	1.000000
ilk	0	0	1	0	0.999999
praxidamas	0	1	1	0	0.999999
ali	2	1	7	0	1.000000
chinesechinese	0	1	2	0	1.000000
als	2	1	119	0	1.000000
destruct	0	1	1	0	0.999999
myakka	0	1	1	0	0.999999
link	0	1	19	0	1.000000
cortelyou	0	0	4	0	1.000000
derrick	0	1	1	0	0.999999
informationwill	0	0	1	0	0.999999
yc	1	1	3	0	1.000000
opa	4	1	5	0	1.000000
cluster	0	0	1	0	0.999999
sho	4	1	88	0	1.000000
ebe	2	0	1	0	0.999999
calculate	0	0	2	0	1.000000
sacrifices	0	0	1	0	0.999999
affects	0	0	1	0	0.999999
hum	4	1	19	0	1.000000
achieving	0	0	1	0	0.999999
we	2	0	205	0	1.000000
bothering	0	0	1	0	0.999999
abs	2	0	5	0	1.000000
wah	4	1	1	0	0.999999
vecks	0	0	1	0	0.999999
baggage	0	0	1	0	0.999999
petit	0	0	2	0	1.000000
somebody	0	0	3	0	1.000000
arm	0	0	2	0	1.000000
exc	4	1	10	0	1.000000
utan	0	1	2	0	1.000000
boo	2	1	2	0	1.000000
browser	0	0	29	0	1.000000
repairs	0	1	2	0	1.000000
screening	0	1	2	0	1.000000
nem	4	1	1	0	0.999999
oir	2	1	2	0	1.000000
nec	4	0	34	0	1.000000
nom	2	0	1	0	0.999999
fea	2	1	1	0	0.999999
linux	0	1	7	0	1.000000
rsquo	0	0	17	0	1.000000
med	2	1	4	0	1.000000
data	0	1	13	0	1.000000
sustentada	0	0	1	0	0.999999
mar	2	1	19	0	1.000000
testing	0	0	8	0	1.000000
evy	2	0	1	0	0.999999
outourusers	0	1	1	0	0.999999
values	0	0	2	0	1.000000
asb	4	0	29	0	1.000000
promover	0	0	1	0	0.999999
christensen	0	1	1	0	0.999999
kil	4	0	19	0	1.000000
pursuant	0	0	1	0	0.999999
won	4	1	4	0	1.000000
usb	4	0	1	0	0.999999
vaciller	0	0	2	0	1.000000
moderators	0	1	1	0	0.999999
rgg	2	0	6	0	1.000000
gidhlig	0	1	1	0	0.999999
wpw	4	0	1	0	0.999999
bus	0	1	3	0	1.000000
eup	4	0	1	0	0.999999
leo	4	1	2	0	1.000000
administrative	0	0	3	0	1.000000
titled	0	0	1	0	0.999999
comorosmap	0	1	1	0	0.999999
genting	0	1	2	0	1.000000
bus	4	0	93	0	1.000000
kat	0	1	1	0	0.999999
bear	0	1	33	0	1.000000
talking	0	1	1	0	0.999999
trailblazer	0	1	4	0	1.000000
philly	0	1	1	0	0.999999
anything	0	1	7	0	1.000000
ros	4	1	21	0	1.000000
med	0	0	4	0	1.000000
em	3	1	185	0	1.000000
foa	4	0	4	0	1.000000
colleges	0	1	1	0	0.999999
faen	0	0	1	0	0.999999
fuaim	0	0	1	0	0.999999
jak	4	1	1	0	0.999999
sub	2	1	2	0	1.000000
pressdemocrat	0	1	1	0	0.999999
ley	2	0	9	0	1.000000
wo	3	1	296	0	1.000000
loxo	0	1	1	0	0.999999
ag	3	0	201	0	1.000000
reservoirs	0	1	2	0	1.000000
chaplain	0	0	1	0	0.999999
bots	0	1	2	0	1.000000
ire	2	1	157	0	1.000000
fight	0	0	10	0	1.000000
photographic	0	1	1	0	0.999999
efa	2	1	1	0	0.999999
ids	2	1	11	0	1.000000
vida	0	0	9	0	1.000000
fay	0	1	1	0	0.999999
xx	1	1	3	0	1.000000
hair	0	0	10	0	1.000000
consortiumconsortium	0	1	1	0	0.999999
silhouette	0	0	1	0	0.999999
aut	2	1	3	0	1.000000
loy	2	0	2	0	1.000000
bia	4	1	1	0	0.999999
wo	1	0	85	0	1.000000
ramcharger	0	0	2	0	1.000000
men	4	1	19	0	1.000000
best	0	1	54	0	1.000000
boy	0	1	4	0	1.000000
cts	2	0	129	0	1.000000
homes	0	1	4	0	1.000000
ew	0	1	4	0	1.000000
rallisport	0	1	4	0	1.000000
veggies	0	0	1	0	0.999999
cen	4	1	143	0	1.000000
ini	2	1	11	0	1.000000
moth	0	0	1	0	0.999999
drafted	0	0	1	0	0.999999
unblockable	0	1	1	0	0.999999
grandson	0	0	1	0	0.999999
rt	0	0	10	0	1.000000
peu	2	0	6	0	1.000000
me	2	1	16	0	1.000000
sociability	0	0	1	0	0.999999
mfc	0	1	2	0	1.000000
drum	0	1	1	0	0.999999
she	2	0	74	0	1.000000
andpersistent	0	0	1	0	0.999999
hundred	0	1	1	0	0.999999
occur	0	0	5	0	1.000000
para	0	1	1	0	0.999999
eir	2	1	5	0	1.000000
celebridade	0	0	1	0	0.999999
duch	0	1	2	0	1.000000
affairs	0	1	4	0	1.000000
aqueles	0	0	1	0	0.999999
scotland	0	1	5	0	1.000000
refrigerator	0	0	1	0	0.999999
clarity	0	0	1	0	0.999999
macs	0	1	1	0	0.999999
loo	4	1	31	0	1.000000
haw	2	1	2	0	1.000000
ce	0	0	14	0	1.000000
meecury	0	0	1	0	0.999999
casualties	0	0	1	0	0.999999
got	4	0	22	0	1.000000
evening	0	0	8	0	1.000000
ug	1	1	20	0	1.000000
mo	3	1	371	0	1.000000
kings	0	1	3	0	1.000000
past	0	1	2	0	1.000000
mar	0	1	12	0	1.000000
fou	2	0	2	0	1.000000
brief	0	1	1	0	0.999999
worse	0	0	4	0	1.000000
learn	0	1	14	0	1.000000
audio	0	1	5	0	1.000000
belizecity	0	1	1	0	0.999999
dd	2	0	1	0	0.999999
dce	4	0	1	0	0.999999
tog	4	0	18	0	1.000000
lesbian	0	1	1	0	0.999999
hills	0	1	2	0	1.000000
dd	3	0	1	0	0.999999
sin	4	1	43	0	1.000000
semaine	0	0	1	0	0.999999
swine	0	1	3	0	1.000000
candas	0	1	1	0	0.999999
despite	0	0	1	0	0.999999
honduras	0	1	10	0	1.000000
wit	4	0	940	0	1.000000
looked	0	0	7	0	1.000000
corvette	0	1	2	0	1.000000
bsu	4	1	1	0	0.999999
res	0	1	2	0	1.000000
cru	4	0	27	0	1.000000
displaying	0	0	1	0	0.999999
leslie	0	0	1	0	0.999999
hos	2	0	1	0	0.999999
button	0	0	12	0	1.000000
gto	2	1	4	0	1.000000
mohammed	0	1	1	0	0.999999
oyl	2	1	7	0	1.000000
surveysor	0	0	1	0	0.999999
imbibed	0	0	1	0	0.999999
trial	0	1	1	0	0.999999
caves	0	1	2	0	1.000000
hiiiiiiic	0	1	1	0	0.999999
rio	2	0	7	0	1.000000
pou	4	1	1	0	0.999999
yw	0	0	1	0	0.999999
parties	0	0	21	0	1.000000
grange	0	1	1	0	0.999999
alliances	0	0	1	0	0.999999
xis	2	0	5	0	1.000000
marked	0	1	1	0	0.999999
eyb	2	0	1	0	0.999999
unless	0	1	1	0	0.999999
ced	2	1	12	0	1.000000
defense	0	1	7	0	1.000000
tile	0	0	3	0	1.000000
sulfide	0	0	1	0	0.999999
bread	0	0	1	0	0.999999
now	2	1	42	0	1.000000
xlibtrap	0	1	1	0	0.999999
greiner	0	1	1	0	0.999999
tout	0	0	9	0	1.000000
struggles	0	0	1	0	0.999999
inferior	0	0	1	0	0.999999
eby	2	0	4	0	1.000000
cathedral	0	1	2	0	1.000000
uil	4	0	1	0	0.999999
lure	0	0	1	0	0.999999
cha	2	0	2	0	1.000000
airfield	0	0	1	0	0.999999
bonnett	0	1	1	0	0.999999
onplan	0	1	5	0	1.000000
jegozi	0	0	1	0	0.999999
got	2	0	26	0	1.000000
bye	2	0	3	0	1.000000
materials	0	1	8	0	1.000000
embolism	0	0	1	0	0.999999
roleplaying	0	1	1	0	0.999999
avid	0	0	1	0	0.999999
hills	0	0	1	0	0.999999
lz	1	1	2	0	1.000000
here	0	1	48	0	1.000000
eve	4	1	72	0	1.000000
exhibitions	0	0	2	0	1.000000
war	0	0	9	0	1.000000
compradore	0	0	1	0	0.999999
mo	0	1	4	0	1.000000
women	0	0	20	0	1.000000
ele	2	0	2	0	1.000000
language	0	0	12	0	1.000000
pipe	0	0	8	0	1.000000
fig	4	0	29	0	1.000000
electrical	0	0	1	0	0.999999
xxx	0	0	1	0	0.999999
zea	4	0	3	0	1.000000
pig	2	0	14	0	1.000000
hio	2	0	9	0	1.000000
guilds	0	0	1	0	0.999999
bas	4	0	88	0	1.000000
holiday	0	1	3	0	1.000000
pay	4	1	26	0	1.000000
tua	2	1	4	0	1.000000
flooding	0	0	1	0	0.999999
history	0	0	40	0	1.000000
fait	0	0	3	0	1.000000
lye	2	1	1	0	0.999999
ignorance	0	0	2	0	1.000000
cantonese	0	0	1	0	0.999999
significancemany	0	1	1	0	0.999999
habben	0	0	1	0	0.999999
cod	4	0	47	0	1.000000
assembly	0	1	2	0	1.000000
spanish	0	1	10	0	1.000000
bui	4	0	185	0	1.000000
credits	0	1	1	0	0.999999
pleasures	0	0	1	0	0.999999
em	1	1	156	0	1.000000
nyc	2	0	1	0	0.999999
awardprizes	0	0	1	0	0.999999
timasarchos	0	1	1	0	0.999999
prospective	0	1	1	0	0.999999
expires	0	1	2	0	1.000000
vrb	4	0	1	0	0.999999
oza	4	0	1	0	0.999999
ser	2	1	41	0	1.000000
vary	0	0	4	0	1.000000
dichloromethane	0	0	1	0	0.999999
submerged	0	0	3	0	1.000000
myers	0	1	2	0	1.000000
car	4	1	127	0	1.000000
evaluation	0	1	6	0	1.000000
hes	0	0	6	0	1.000000
sprees	0	0	1	0	0.999999
bey	0	1	2	0	1.000000
boseng	0	1	1	0	0.999999
rtchemical	0	1	1	0	0.999999
origin	0	0	1	0	0.999999
found	0	1	7	0	1.000000
ug	3	1	1	0	0.999999
flow	0	0	6	0	1.000000
dow	2	1	9	0	1.000000
vaughan	0	1	1	0	0.999999
my	3	0	41	0	1.000000
ssault	0	0	1	0	0.999999
turkey	0	1	1	0	0.999999
fountain	0	1	2	0	1.000000
kinky	0	1	1	0	0.999999
cream	0	0	1	0	0.999999
outdoor	0	0	12	0	1.000000
eel	0	0	1	0	0.999999
zea	4	1	3	0	1.000000
upon	0	0	31	0	1.000000
nce	2	1	152	0	1.000000
mucous	0	0	1	0	0.999999
earning	0	0	1	0	0.999999
reuters	0	1	1	0	0.999999
blog	0	1	28	0	1.000000
board	0	0	6	0	1.000000
whose	0	1	1	0	0.999999
lui	0	0	2	0	1.000000
duped	0	0	1	0	0.999999
quem	0	1	1	0	0.999999
lia	2	1	28	0	1.000000
consists	0	0	4	0	1.000000
encountered	0	1	2	0	1.000000
interference	0	0	1	0	0.999999
inspired	0	0	3	0	1.000000
naval	0	1	1	0	0.999999
ach	4	0	22	0	1.000000
salem	0	1	1	0	0.999999
men	0	0	26	0	1.000000
order	0	1	16	0	1.000000
securing	0	0	2	0	1.000000
ape	4	0	3	0	1.000000
algorithms	0	0	1	0	0.999999
ballad	0	0	1	0	0.999999
allakhazam	0	1	4	0	1.000000
statprefix	0	0	1	0	0.999999
yw	3	1	1	0	0.999999
feu	4	0	1	0	0.999999
souhaite	0	0	2	0	1.000000
broadcaster	0	0	1	0	0.999999
victory	0	0	3	0	1.000000
lyrical	0	0	1	0	0.999999
switch	0	0	3	0	1.000000
ham	4	1	5	0	1.000000
dx	1	0	1	0	0.999999
surtos	0	0	1	0	0.999999
fotografia	0	1	1	0	0.999999
unless	0	0	7	0	1.000000
x	0	0	55	0	1.000000
own	0	1	6	0	1.000000
horde	0	0	3	0	1.000000
eaf	2	1	2	0	1.000000
ata	2	0	81	0	1.000000
privaate	0	0	1	0	0.999999
controlls	0	0	1	0	0.999999
sid	4	0	31	0	1.000000
aze	4	1	6	0	1.000000
ang	2	0	42	0	1.000000
nsi	2	1	3	0	1.000000
edges	0	0	1	0	0.999999
dis	2	1	1	0	0.999999
roi	4	0	1	0	0.999999
sparatk	0	0	1	0	0.999999
pl	3	0	538	0	1.000000
ros	2	1	10	0	1.000000
tricks	0	0	4	0	1.000000
housebuilders	0	0	1	0	0.999999
ht	1	1	113	0	1.000000
emerging	0	0	9	0	1.000000
designated	0	0	8	0	1.000000
ilu	4	0	1	0	0.999999
listener	0	0	2	0	1.000000
notifique	0	1	1	0	0.999999
skl	4	0	1	0	0.999999
upy	2	0	1	0	0.999999
fue	4	1	2	0	1.000000
panoramic	0	0	1	0	0.999999
this	0	0	541	0	1.000000
behind	0	0	15	0	1.000000
zoovids	0	0	1	0	0.999999
ht	2	1	1	0	0.999999
school	0	1	8	0	1.000000
specifically	0	0	5	0	1.000000
ncy	2	0	35	0	1.000000
informed	0	0	4	0	1.000000
imageready	0	1	1	0	0.999999
car	0	0	18	0	1.000000
d	0	1	88	0	1.000000
preservation	0	0	3	0	1.000000
prophet	0	1	9	0	1.000000
chemical	0	0	2	0	1.000000
hotel	0	0	12	0	1.000000
annoyance	0	0	1	0	0.999999
tr	1	1	18	0	1.000000
cy	1	0	79	0	1.000000
climbed	0	0	1	0	0.999999
las	0	1	3	0	1.000000
down	0	0	45	0	1.000000
lus	2	0	15	0	1.000000
itw	2	0	2	0	1.000000
nag	4	1	1	0	0.999999
luggage	0	1	1	0	0.999999
bia	2	0	1	0	0.999999
consolidates	0	1	1	0	0.999999
kzxmetal	0	1	1	0	0.999999
birdwatching	0	0	1	0	0.999999
ini	4	0	17	0	1.000000
ligure	0	1	1	0	0.999999
deserted	0	0	1	0	0.999999
we	2	1	105	0	1.000000
computing	0	0	1	0	0.999999
abi	0	1	1	0	0.999999
lp	1	0	57	0	1.000000
rie	4	1	1	0	0.999999
ordre	0	0	1	0	0.999999
ithaca	0	0	2	0	1.000000
inviting	0	0	1	0	0.999999
bennett	0	1	1	0	0.999999
appeals	0	0	1	0	0.999999
hqusace	0	1	12	0	1.000000
footnote	0	1	8	0	1.000000
ovo	2	0	7	0	1.000000
nga	2	1	2	0	1.000000
pl	1	0	15	0	1.000000
acr	0	1	5	0	1.000000
exc	4	0	121	0	1.000000
kil	4	1	8	0	1.000000
artificial	0	0	1	0	0.999999
business	0	1	13	0	1.000000
cti	4	0	1	0	0.999999
nem	4	0	1	0	0.999999
foorth	0	0	1	0	0.999999
broadleaf	0	0	3	0	1.000000
browser	0	1	2	0	1.000000
goldson	0	1	2	0	1.000000
islvia	0	0	1	0	0.999999
recover	0	0	2	0	1.000000
recently	0	1	4	0	1.000000
roi	0	0	1	0	0.999999
refining	0	0	1	0	0.999999
thn	2	0	1	0	0.999999
data	0	0	73	0	1.000000
rightgovernmental	0	1	1	0	0.999999
governments	0	0	5	0	1.000000
evy	2	1	7	0	1.000000
new	4	1	406	0	1.000000
initialized	0	1	2	0	1.000000
usable	0	0	1	0	0.999999
ial	2	0	196	0	1.000000
buffalino	0	1	1	0	0.999999
chose	0	0	2	0	1.000000
om	2	0	3	0	1.000000
encountered	0	0	6	0	1.000000
bus	0	0	16	0	1.000000
oly	2	0	1	0	0.999999
usb	4	1	3	0	1.000000
smash	0	0	1	0	0.999999
qu	2	1	3	0	1.000000
isn	0	0	10	0	1.000000
qcl	2	1	1	0	0.999999
eritrea	0	1	1	0	0.999999
reintroduced	0	0	2	0	1.000000
nickname	0	1	1	0	0.999999
locks	0	0	2	0	1.000000
fronts	0	0	2	0	1.000000
nappies	0	0	1	0	0.999999
th	0	0	54	0	1.000000
jh	1	0	1	0	0.999999
gorosh	0	1	1	0	0.999999
bus	4	1	25	0	1.000000
sor	4	1	11	0	1.000000
caring	0	1	2	0	1.000000
dlp	2	0	1	0	0.999999
tanna	0	1	1	0	0.999999
pound	0	0	1	0	0.999999
lik	2	1	2	0	1.000000
foa	4	1	1	0	0.999999
taygetos	0	1	1	0	0.999999
intermediates	0	1	16	0	1.000000
obo	2	0	1	0	0.999999
ryder	0	1	1	0	0.999999
ourorder	0	0	1	0	0.999999
las	2	1	15	0	1.000000
charms	0	0	2	0	1.000000
hermano	0	0	2	0	1.000000
kbmt	0	1	3	0	1.000000
edw	4	1	2	0	1.000000
increase	0	1	9	0	1.000000
cima	0	0	1	0	0.999999
sophie	0	1	6	0	1.000000
manual	0	0	5	0	1.000000
thickness	0	0	2	0	1.000000
bots	0	0	1	0	0.999999
mo	2	0	1	0	0.999999
asked	0	0	8	0	1.000000
muinto	0	0	1	0	0.999999
wy	1	1	6	0	1.000000
dbz	0	1	2	0	1.000000
express	0	0	1	0	0.999999
utmv	0	0	3	0	1.000000
plants	0	0	13	0	1.000000
cheoil	0	1	1	0	0.999999
ocrish	0	0	1	0	0.999999
vite	0	0	1	0	0.999999
gif	0	1	2	0	1.000000
aut	2	0	3	0	1.000000
mangroves	0	0	4	0	1.000000
assortment	0	0	7	0	1.000000
instilled	0	0	1	0	0.999999
chrome	0	0	2	0	1.000000
ii	1	0	6	0	1.000000
ii	0	1	11	0	1.000000
ss	2	1	1	0	0.999999
elo	2	0	2	0	1.000000
gan	2	1	8	0	1.000000
retransmitted	0	0	5	0	1.000000
nobuteru	0	1	1	0	0.999999
morning	0	1	1	0	0.999999
shipment	0	0	1	0	0.999999
apy	2	0	9	0	1.000000
capacity	0	1	2	0	1.000000
educators	0	0	2	0	1.000000
homburg	0	1	1	0	0.999999
rt	0	1	1	0	0.999999
trial	0	0	7	0	1.000000
tendency	0	0	1	0	0.999999
kentucky	0	1	1	0	0.999999
royalty	0	1	1	0	0.999999
fae	4	0	1	0	0.999999
presse	0	0	1	0	0.999999
robot	0	0	1	0	0.999999
themes	0	0	3	0	1.000000
aut	4	1	56	0	1.000000
loe	4	0	1	0	0.999999
me	2	0	211	0	1.000000
depths	0	0	7	0	1.000000
calendar	0	0	10	0	1.000000
score	0	0	1	0	0.999999
drum	0	0	10	0	1.000000
formations	0	0	4	0	1.000000
thisishappening	0	0	1	0	0.999999
marquee	0	1	1	0	0.999999
wwf	2	0	1	0	0.999999
subdued	0	0	1	0	0.999999
avs	2	1	1	0	0.999999
miei	0	0	1	0	0.999999
dbz	2	1	2	0	1.000000
cigarette	0	0	4	0	1.000000
scrofa	0	0	2	0	1.000000
manages	0	0	1	0	0.999999
debra	0	1	1	0	0.999999
among	0	0	12	0	1.000000
wra	4	0	11	0	1.000000
mo	3	0	839	0	1.000000
removal	0	0	2	0	1.000000
draw	0	1	1	0	0.999999
brief	0	0	2	0	1.000000
syr	2	0	1	0	0.999999
jersey	0	0	2	0	1.000000
canaa	0	1	2	0	1.000000
tim	0	1	1	0	0.999999
cox	4	1	1	0	0.999999
tikki	0	1	4	0	1.000000
nem	2	1	1	0	0.999999
porque	0	1	2	0	1.000000
is	0	1	37	0	1.000000
notebooks	0	0	2	0	1.000000
conditions	0	0	25	0	1.000000
piq	4	0	1	0	0.999999
machines	0	1	1	0	0.999999
medrano	0	0	1	0	0.999999
embrac	0	0	1	0	0.999999
ila	2	0	3	0	1.000000
familiarrace	0	1	1	0	0.999999
pipe	0	1	10	0	1.000000
cha	4	1	174	0	1.000000
relax	0	0	1	0	0.999999
is	0	0	1277	0	1.000000
warrior	0	0	8	0	1.000000
lik	4	1	25	0	1.000000
collective	0	1	7	0	1.000000
enm	2	1	1	0	0.999999
voy	4	1	1	0	0.999999
discretion	0	0	1	0	0.999999
gun	0	0	1	0	0.999999
hos	4	1	8	0	1.000000
peux	0	0	1	0	0.999999
tweak	0	0	1	0	0.999999
female	0	0	3	0	1.000000
peterson	0	0	2	0	1.000000
wise	0	0	3	0	1.000000
screamingdlet	0	1	1	0	0.999999
trigger	0	0	2	0	1.000000
laid	0	0	4	0	1.000000
pulsing	0	0	1	0	0.999999
teilifise	0	0	1	0	0.999999
housed	0	0	1	0	0.999999
dis	0	0	2	0	1.000000
empireclassic	0	1	2	0	1.000000
usb	2	1	2	0	1.000000
linda	0	1	1	0	0.999999
spartak	0	1	24	0	1.000000
emulators	0	1	1	0	0.999999
pilotrh	0	1	1	0	0.999999
workin	0	0	1	0	0.999999
kat	2	0	1	0	0.999999
marked	0	0	4	0	1.000000
get	0	1	38	0	1.000000
pgi	4	1	3	0	1.000000
exercise	0	1	1	0	0.999999
apply	0	1	1	0	0.999999
vene	0	0	1	0	0.999999
wasm	0	1	1	0	0.999999
ntr	4	0	2	0	1.000000
war	4	0	98	0	1.000000
tau	4	1	1	0	0.999999
ior	2	1	17	0	1.000000
bye	2	1	1	0	0.999999
hac	0	1	2	0	1.000000
fww	4	0	2	0	1.000000
triggerfish	0	0	1	0	0.999999
fonder	0	0	1	0	0.999999
cmp	2	0	1	0	0.999999
rectangular	0	0	1	0	0.999999
bp	1	1	1	0	0.999999
fraud	0	0	1	0	0.999999
th	1	0	1270	0	1.000000
war	0	1	20	0	1.000000
electrical	0	1	2	0	1.000000
obliger	0	0	2	0	1.000000
habitats	0	1	1	0	0.999999
bacana	0	0	1	0	0.999999
ss	1	0	425	0	1.000000
ele	2	1	3	0	1.000000
fb	1	0	8	0	1.000000
unlovely	0	0	2	0	1.000000
omn	4	0	4	0	1.000000
bye	0	0	1	0	0.999999
winners	0	0	8	0	1.000000
impala	0	1	2	0	1.000000
nyc	0	1	3	0	1.000000
extend	0	1	1	0	0.999999
bas	4	1	29	0	1.000000
cheong	0	1	1	0	0.999999
capacity	0	0	4	0	1.000000
uild	0	0	1	0	0.999999
history	0	1	18	0	1.000000
spanish	0	0	4	0	1.000000
rush	0	0	3	0	1.000000
redistributed	0	0	5	0	1.000000
outlaw	0	0	1	0	0.999999
assembly	0	0	3	0	1.000000
lots	0	0	13	0	1.000000
packs	0	0	2	0	1.000000
new	2	1	332	0	1.000000
expires	0	0	11	0	1.000000
tremulous	0	0	1	0	0.999999
ga	2	0	2	0	1.000000
lentil	0	0	1	0	0.999999
rooms	0	1	1	0	0.999999
riy	2	0	2	0	1.000000
seh	2	0	5	0	1.000000
rabbit	0	0	1	0	0.999999
analysis	0	1	14	0	1.000000
my	2	1	71	0	1.000000
ley	0	1	1	0	0.999999
ce	3	1	320	0	1.000000
ahc	4	1	1	0	0.999999
she	0	1	21	0	1.000000
flow	0	1	1	0	0.999999
statute	0	1	1	0	0.999999
tenderest	0	0	1	0	0.999999
denton	0	0	14	0	1.000000
responderem	0	0	1	0	0.999999
bring	0	1	4	0	1.000000
vain	0	0	2	0	1.000000
patrol	0	0	3	0	1.000000
openoffice	0	0	1	0	0.999999
mar	4	0	114	0	1.000000
insults	0	0	3	0	1.000000
reparations	0	0	1	0	0.999999
ang	0	0	2	0	1.000000
si	2	1	2	0	1.000000
translator	0	0	1	0	0.999999
rdt	2	0	2	0	1.000000
rio	4	1	7	0	1.000000
lifebr	0	1	1	0	0.999999
wireless	0	0	5	0	1.000000
skills	0	0	10	0	1.000000
servitor	0	0	1	0	0.999999
usgs	0	1	1	0	0.999999
board	0	1	143	0	1.000000
pollution	0	1	1	0	0.999999
publico	0	0	1	0	0.999999
craihslist	0	0	1	0	0.999999
clack	0	0	1	0	0.999999
cra	2	0	2	0	1.000000
usb	2	0	1	0	0.999999
iva	2	1	1	0	0.999999
facial	0	1	1	0	0.999999
kat	4	0	2	0	1.000000
tic	0	0	2	0	1.000000
rt	3	0	19	0	1.000000
lyrical	0	1	1	0	0.999999
eaf	2	0	4	0	1.000000
fotografia	0	0	1	0	0.999999
empireempire	0	1	1	0	0.999999
nicknamed	0	0	1	0	0.999999
horde	0	1	6	0	1.000000
nsi	2	0	1	0	0.999999
unicorn	0	1	2	0	1.000000
overposting	0	0	1	0	0.999999
belizecovering	0	1	1	0	0.999999
sid	4	1	4	0	1.000000
pue	4	1	1	0	0.999999
springtime	0	0	1	0	0.999999
thirty	0	1	1	0	0.999999
ang	2	1	24	0	1.000000
ros	2	0	15	0	1.000000
tr	2	0	5	0	1.000000
rtlp	0	1	2	0	1.000000
chiquibul	0	1	3	0	1.000000
raw	4	0	3	0	1.000000
nn	3	0	3	0	1.000000
modena	0	1	1	0	0.999999
xtr	4	0	1	0	0.999999
soberly	0	0	1	0	0.999999
entersensitive	0	0	1	0	0.999999
glasba	0	1	1	0	0.999999
bailout	0	0	1	0	0.999999
input	0	1	1	0	0.999999
communication	0	1	9	0	1.000000
detailed	0	1	2	0	1.000000
brioche	0	0	2	0	1.000000
term	0	0	7	0	1.000000
haven	0	0	8	0	1.000000
tr	0	1	3	0	1.000000
ori	4	0	45	0	1.000000
school	0	0	26	0	1.000000
prophet	0	0	18	0	1.000000
ers	4	1	1	0	0.999999
ict	2	1	22	0	1.000000
tr	1	0	9	0	1.000000
car	0	1	13	0	1.000000
review	0	1	13	0	1.000000
dropped	0	0	5	0	1.000000
passe	0	0	3	0	1.000000
azy	2	1	1	0	0.999999
adoram	0	0	1	0	0.999999
hys	2	1	1	0	0.999999
pagine	0	0	1	0	0.999999
cy	1	1	40	0	1.000000
oltre	0	0	1	0	0.999999
nail	0	0	1	0	0.999999
bands	0	0	3	0	1.000000
rdabe	0	0	2	0	1.000000
scaly	0	0	1	0	0.999999
disclose	0	0	4	0	1.000000
bus	2	1	6	0	1.000000
clotilde	0	1	1	0	0.999999
gif	4	1	14	0	1.000000
ybe	2	1	6	0	1.000000
controversy	0	0	1	0	0.999999
pay	0	0	9	0	1.000000
boy	4	0	6	0	1.000000
lost	0	1	10	0	1.000000
lee	0	0	1	0	0.999999
oup	2	0	23	0	1.000000
me	0	1	16	0	1.000000
attempts	0	0	2	0	1.000000
ss	3	0	5	0	1.000000
possuem	0	0	1	0	0.999999
eir	4	1	1	0	0.999999
heating	0	1	3	0	1.000000
typeio	0	1	1	0	0.999999
territory	0	1	1	0	0.999999
politician	0	0	1	0	0.999999
cah	4	1	1	0	0.999999
pig	4	0	15	0	1.000000
morellet	0	1	2	0	1.000000
sleepwear	0	0	1	0	0.999999
qu	0	0	5	0	1.000000
insurance	0	0	5	0	1.000000
eel	4	0	1	0	0.999999
overseas	0	0	1	0	0.999999
ught	0	0	1	0	0.999999
mint	0	0	1	0	0.999999
strings	0	0	1	0	0.999999
bik	4	1	3	0	1.000000
declare	0	1	3	0	1.000000
new	4	0	301	0	1.000000
gun	2	1	1	0	0.999999
thier	0	0	1	0	0.999999
mixture	0	0	1	0	0.999999
me	0	0	211	0	1.000000
como	0	0	10	0	1.000000
feet	0	0	33	0	1.000000
knitting	0	0	1	0	0.999999
ial	2	1	98	0	1.000000
noir	0	0	1	0	0.999999
nsi	4	0	1	0	0.999999
inaccordance	0	0	1	0	0.999999
yw	2	0	1	0	0.999999
silks	0	0	2	0	1.000000
down	0	1	3	0	1.000000
qu	1	0	5	0	1.000000
cedric	0	1	2	0	1.000000
cache	0	1	33	0	1.000000
ers	2	0	741	0	1.000000
ftp	0	1	1	0	0.999999
th	0	1	3	0	1.000000
corpus	0	1	1	0	0.999999
stribute	0	0	1	0	0.999999
sor	4	0	19	0	1.000000
generation	0	1	3	0	1.000000
ppt	2	1	1	0	0.999999
lik	2	0	1	0	0.999999
novo	0	0	5	0	1.000000
ely	2	0	137	0	1.000000
own	0	0	62	0	1.000000
whipes	0	0	1	0	0.999999
now	4	0	184	0	1.000000
chu	4	1	6	0	1.000000
crystal	0	0	2	0	1.000000
pound	0	1	1	0	0.999999
peterson	0	1	1	0	0.999999
obo	2	1	1	0	0.999999
my	0	1	71	0	1.000000
supplied	0	0	1	0	0.999999
eap	2	1	7	0	1.000000
raw	2	0	10	0	1.000000
hist	0	1	3	0	1.000000
jim	4	1	4	0	1.000000
apo	4	0	163	0	1.000000
wed	2	0	40	0	1.000000
dissertations	0	1	1	0	0.999999
fb	2	0	2	0	1.000000
mo	2	1	4	0	1.000000
namamahagi	0	0	1	0	0.999999
rule	0	0	1	0	0.999999
xtr	4	1	4	0	1.000000
mess	0	0	1	0	0.999999
incorporate	0	0	1	0	0.999999
wwf	0	1	8	0	1.000000
asked	0	1	1	0	0.999999
puts	0	0	1	0	0.999999
pulls	0	0	1	0	0.999999
express	0	1	5	0	1.000000
rien	0	0	2	0	1.000000
wod	4	1	1	0	0.999999
feminism	0	0	2	0	1.000000
staunch	0	0	1	0	0.999999
specifications	0	1	8	0	1.000000
telegraph	0	1	1	0	0.999999
banquet	0	1	3	0	1.000000
ii	0	0	1	0	0.999999
rse	0	0	2	0	1.000000
cardsin	0	0	1	0	0.999999
confirm	0	0	15	0	1.000000
mangroves	0	1	1	0	0.999999
mit	4	0	6	0	1.000000
muknal	0	1	1	0	0.999999
winedy	0	0	1	0	0.999999
foot	0	1	1	0	0.999999
aq	1	1	8	0	1.000000
nem	0	0	1	0	0.999999
ori	2	0	6	0	1.000000
ss	2	0	3	0	1.000000
address	0	0	29	0	1.000000
mon	4	1	59	0	1.000000
bai	4	1	1	0	0.999999
editing	0	0	5	0	1.000000
tr	3	1	260	0	1.000000
coaxed	0	0	1	0	0.999999
broad	0	0	2	0	1.000000
validity	0	0	1	0	0.999999
bibliographical	0	0	1	0	0.999999
onw	4	0	2	0	1.000000
crigslist	0	0	1	0	0.999999
limits	0	0	2	0	1.000000
aut	4	0	74	0	1.000000
suv	4	0	2	0	1.000000
slip	0	1	1	0	0.999999
fl	2	0	1	0	0.999999
assert	0	0	1	0	0.999999
mapsa	0	1	1	0	0.999999
ht	3	0	37	0	1.000000
elevator	0	0	1	0	0.999999
marquee	0	0	1	0	0.999999
pump	0	1	2	0	1.000000
toall	0	0	5	0	1.000000
murano	0	0	1	0	0.999999
avs	2	0	2	0	1.000000
normalmente	0	0	1	0	0.999999
otherwise	0	1	1	0	0.999999
sentences	0	0	1	0	0.999999
rma	2	1	5	0	1.000000
tailored	0	0	1	0	0.999999
lai	4	0	8	0	1.000000
after	0	1	28	0	1.000000
vik	4	1	2	0	1.000000
coupe	0	1	2	0	1.000000
iba	2	0	1	0	0.999999
nyc	4	0	1	0	0.999999
among	0	1	5	0	1.000000
fea	4	1	12	0	1.000000
oc	3	0	50	0	1.000000
dx	0	1	2	0	1.000000
prevailed	0	0	1	0	0.999999
we	0	0	205	0	1.000000
me	1	0	1146	0	1.000000
moteur	0	0	1	0	0.999999
month	0	0	18	0	1.000000
deftly	0	0	1	0	0.999999
danfoss	0	1	1	0	0.999999
conditions	0	1	3	0	1.000000
peace	0	0	10	0	1.000000
amiri	0	1	1	0	0.999999
finality	0	1	1	0	0.999999
backgr	0	0	1	0	0.999999
almgren	0	0	1	0	0.999999
piq	4	1	1	0	0.999999
tavern	0	1	1	0	0.999999
rhp	2	1	1	0	0.999999
docked	0	0	6	0	1.000000
uch	2	0	180	0	1.000000
dimethyl	0	0	1	0	0.999999
voy	4	0	2	0	1.000000
smiled	0	0	2	0	1.000000
waves	0	0	2	0	1.000000
warrior	0	1	7	0	1.000000
bythe	0	0	1	0	0.999999
suv	2	1	7	0	1.000000
expectation	0	0	1	0	0.999999
bombas	0	1	1	0	0.999999
tim	2	0	2	0	1.000000
blonde	0	1	1	0	0.999999
ncert	0	0	1	0	0.999999
livestock	0	0	1	0	0.999999
falls	0	0	1	0	0.999999
orcish	0	0	6	0	1.000000
sysopare	0	1	1	0	0.999999
kwh	0	1	1	0	0.999999
only	0	0	181	0	1.000000
urdaneta	0	1	1	0	0.999999
helps	0	0	5	0	1.000000
inventory	0	1	6	0	1.000000
lasting	0	1	1	0	0.999999
lui	2	0	3	0	1.000000
wales	0	1	1	0	0.999999
six	2	0	12	0	1.000000
rsy	2	0	1	0	0.999999
sofia	0	1	1	0	0.999999
ow	1	0	824	0	1.000000
blocks	0	0	5	0	1.000000
get	0	0	138	0	1.000000
wholesale	0	1	1	0	0.999999
microsoft	0	1	12	0	1.000000
ync	2	0	3	0	1.000000
inserts	0	1	1	0	0.999999
regarded	0	0	2	0	1.000000
nwe	4	0	1	0	0.999999
cartographyset	0	1	1	0	0.999999
paint	0	0	3	0	1.000000
wo	2	0	2	0	1.000000
falta	0	0	1	0	0.999999
peking	0	1	35	0	1.000000
using	0	1	6	0	1.000000
depending	0	0	10	0	1.000000
divisions	0	0	1	0	0.999999
xce	4	0	1	0	0.999999
racing	0	0	4	0	1.000000
icons	0	1	9	0	1.000000
dhrmaocht	0	0	1	0	0.999999
allows	0	1	10	0	1.000000
co	0	1	23	0	1.000000
wwf	4	0	1	0	0.999999
flag	0	1	1	0	0.999999
ser	0	0	7	0	1.000000
forums	0	1	15	0	1.000000
wha	4	1	92	0	1.000000
impact	0	1	1	0	0.999999
xxx	2	1	3	0	1.000000
mod	4	1	99	0	1.000000
techn	0	0	1	0	0.999999
prudential	0	1	1	0	0.999999
directly	0	0	35	0	1.000000
atu	4	0	1	0	0.999999
sounds	0	0	9	0	1.000000
operatorclick	0	1	1	0	0.999999
species	0	0	36	0	1.000000
zae	4	0	1	0	0.999999
visas	0	0	2	0	1.000000
winners	0	1	1	0	0.999999
msie	0	1	1	0	0.999999
si	1	0	30	0	1.000000
esh	2	0	9	0	1.000000
dannylove	0	1	1	0	0.999999
surpassed	0	0	1	0	0.999999
silvia	0	0	3	0	1.000000
aja	2	0	3	0	1.000000
scam	0	1	1	0	0.999999
oftrees	0	0	1	0	0.999999
daq	2	1	1	0	0.999999
cox	0	1	1	0	0.999999
searchers	0	0	1	0	0.999999
om	3	1	10	0	1.000000
diptrace	0	1	1	0	0.999999
soothed	0	0	1	0	0.999999
rooms	0	0	12	0	1.000000
ensure	0	0	13	0	1.000000
gna	2	0	2	0	1.000000
assistance	0	0	11	0	1.000000
dag	0	0	2	0	1.000000
crevices	0	0	1	0	0.999999
dem	4	1	26	0	1.000000
eza	2	1	1	0	0.999999
appointed	0	0	1	0	0.999999
treasures	0	0	4	0	1.000000
ram	4	1	1	0	0.999999
vigorous	0	0	1	0	0.999999
guttons	0	0	1	0	0.999999
naturally	0	0	4	0	1.000000
bryan	0	1	4	0	1.000000
uvs	2	0	1	0	0.999999
oly	4	1	5	0	1.000000
manual	0	1	10	0	1.000000
detailed	0	0	7	0	1.000000
sydney	0	1	4	0	1.000000
oc	3	1	56	0	1.000000
adonis	0	1	2	0	1.000000
believe	0	1	1	0	0.999999
janet	0	0	1	0	0.999999
nathaniel	0	0	1	0	0.999999
pay	0	1	3	0	1.000000
hemisphere	0	0	2	0	1.000000
supported	0	0	3	0	1.000000
lee	2	0	2	0	1.000000
erased	0	0	1	0	0.999999
tile	0	1	6	0	1.000000
nereus	0	1	1	0	0.999999
hatch	0	0	1	0	0.999999
is	2	1	37	0	1.000000
nordisk	0	0	5	0	1.000000
whatfors	0	0	1	0	0.999999
skills	0	1	2	0	1.000000
waterway	0	0	1	0	0.999999
complex	0	0	9	0	1.000000
naidheachdan	0	0	1	0	0.999999
porq	0	0	1	0	0.999999
pennsylvania	0	0	2	0	1.000000
fou	0	0	2	0	1.000000
publicly	0	0	3	0	1.000000
mighty	0	1	3	0	1.000000
cur	2	0	5	0	1.000000
economics	0	1	1	0	0.999999
assassins	0	0	1	0	0.999999
jana	0	1	1	0	0.999999
bbr	2	0	1	0	0.999999
frames	0	0	1	0	0.999999
television	0	0	6	0	1.000000
populations	0	0	4	0	1.000000
dier	0	0	1	0	0.999999
earl	0	1	2	0	1.000000
akt	4	1	2	0	1.000000
ftp	4	1	1	0	0.999999
bite	0	0	3	0	1.000000
feature	0	0	36	0	1.000000
mmary	0	0	2	0	1.000000
doc	4	1	26	0	1.000000
duitsland	0	1	2	0	1.000000
ior	4	0	1	0	0.999999
leo	2	0	2	0	1.000000
telegraphic	0	0	1	0	0.999999
hei	4	1	4	0	1.000000
scale	0	0	5	0	1.000000
pacbitun	0	1	1	0	0.999999
assemble	0	0	1	0	0.999999
futings	0	0	1	0	0.999999
mon	2	1	32	0	1.000000
pue	4	0	1	0	0.999999
ach	2	1	30	0	1.000000
unpainted	0	0	1	0	0.999999
tr	2	1	3	0	1.000000
n	0	1	45	0	1.000000
sul	4	0	3	0	1.000000
ltt	4	0	1	0	0.999999
affiliates	0	0	5	0	1.000000
pay	2	0	11	0	1.000000
asv	2	1	2	0	1.000000
park	0	0	11	0	1.000000
belden	0	1	1	0	0.999999
ss	0	1	1	0	0.999999
aggressive	0	0	1	0	0.999999
ins	4	0	214	0	1.000000
apple	0	1	4	0	1.000000
pati	0	0	1	0	0.999999
eri	4	0	5	0	1.000000
edm	4	1	5	0	1.000000
margin	0	0	6	0	1.000000
proof	0	0	5	0	1.000000
wo	1	1	16	0	1.000000
avi	4	0	4	0	1.000000
isd	0	1	4	0	1.000000
submitting	0	1	1	0	0.999999
got	0	1	2	0	1.000000
celui	0	0	1	0	0.999999
pao	2	0	2	0	1.000000
riches	0	0	3	0	1.000000
wen	4	1	1	0	0.999999
shy	0	0	2	0	1.000000
shopping	0	0	13	0	1.000000
usmc	0	1	4	0	1.000000
gillette	0	1	1	0	0.999999
bz	1	1	2	0	1.000000
flowmaster	0	1	1	0	0.999999
tech	0	1	10	0	1.000000
cpc	4	1	3	0	1.000000
fender	0	0	4	0	1.000000
car	2	0	20	0	1.000000
ali	2	0	2	0	1.000000
yle	2	1	6	0	1.000000
wdy	2	1	1	0	0.999999
peu	0	0	6	0	1.000000
treatment	0	0	11	0	1.000000
classes	0	1	1	0	0.999999
ebe	4	1	1	0	0.999999
xxx	4	1	1	0	0.999999
bus	2	0	16	0	1.000000
ithaca	0	1	3	0	1.000000
shit	0	0	15	0	1.000000
sab	4	1	4	0	1.000000
peabody	0	1	2	0	1.000000
sub	0	0	2	0	1.000000
em	2	0	27	0	1.000000
allpass	0	1	1	0	0.999999
david	0	1	2	0	1.000000
sub	2	0	2	0	1.000000
grumbled	0	0	1	0	0.999999
gnu	4	0	1	0	0.999999
presidency	0	0	1	0	0.999999
oup	2	1	9	0	1.000000
sre	4	1	3	0	1.000000
ignatius	0	1	1	0	0.999999
loe	2	0	1	0	0.999999
obe	2	0	3	0	1.000000
satisfaction	0	0	1	0	0.999999
exhilarating	0	0	2	0	1.000000
lodges	0	0	6	0	1.000000
liking	0	0	1	0	0.999999
monday	0	1	9	0	1.000000
tyler	0	1	1	0	0.999999
showtime	0	0	1	0	0.999999
netfirms	0	1	2	0	1.000000
ga	1	1	20	0	1.000000
drawn	0	0	1	0	0.999999
hes	2	0	65	0	1.000000
lks	2	0	8	0	1.000000
syr	0	0	1	0	0.999999
strike	0	1	3	0	1.000000
reunion	0	1	2	0	1.000000
bik	4	0	12	0	1.000000
gun	2	0	2	0	1.000000
come	0	0	45	0	1.000000
privately	0	1	1	0	0.999999
dss	0	0	1	0	0.999999
plenty	0	1	1	0	0.999999
gandhinagar	0	1	1	0	0.999999
cfc	4	0	1	0	0.999999
orphan	0	0	1	0	0.999999
equitably	0	0	1	0	0.999999
existe	0	0	2	0	1.000000
compte	0	0	2	0	1.000000
homepage	0	1	3	0	1.000000
cache	0	0	1	0	0.999999
deposit	0	0	4	0	1.000000
ole	2	1	17	0	1.000000
boatmen	0	0	1	0	0.999999
kant	0	1	1	0	0.999999
kat	0	0	1	0	0.999999
ce	2	0	14	0	1.000000
puy	2	1	1	0	0.999999
barbar	0	1	1	0	0.999999
professionally	0	0	1	0	0.999999
resuts	0	0	1	0	0.999999
solie	0	1	1	0	0.999999
numr	0	0	1	0	0.999999
even	0	0	68	0	1.000000
evo	4	1	3	0	1.000000
macal	0	1	1	0	0.999999
mo	1	0	39	0	1.000000
depositaries	0	0	1	0	0.999999
wo	3	0	841	0	1.000000
glance	0	0	1	0	0.999999
eap	2	0	12	0	1.000000
nordisk	0	1	33	0	1.000000
check	0	0	29	0	1.000000
pronouncing	0	0	1	0	0.999999
songbird	0	0	28	0	1.000000
femae	0	0	1	0	0.999999
ckr	2	1	2	0	1.000000
crps	0	1	1	0	0.999999
metallica	0	1	2	0	1.000000
me	3	1	455	0	1.000000
nis	4	1	20	0	1.000000
oc	1	0	6	0	1.000000
ire	2	0	73	0	1.000000
apo	4	1	2	0	1.000000
ier	2	0	72	0	1.000000
om	0	0	3	0	1.000000
destroygame	0	0	5	0	1.000000
creativity	0	0	6	0	1.000000
eup	2	1	2	0	1.000000
blog	0	0	60	0	1.000000
missing	0	0	6	0	1.000000
pittsburgh	0	0	1	0	0.999999
eol	2	1	1	0	0.999999
lee	2	1	6	0	1.000000
lui	4	1	1	0	0.999999
mines	0	1	4	0	1.000000
ros	4	0	21	0	1.000000
pek	4	1	35	0	1.000000
si	0	1	2	0	1.000000
men	4	0	62	0	1.000000
floodingfew	0	1	1	0	0.999999
winset	0	1	1	0	0.999999
pipar	0	1	2	0	1.000000
jerrold	0	1	1	0	0.999999
mon	4	0	123	0	1.000000
brasileira	0	0	1	0	0.999999
foot	0	0	7	0	1.000000
here	0	0	140	0	1.000000
cen	4	0	105	0	1.000000
address	0	1	7	0	1.000000
cintiq	0	1	1	0	0.999999
ag	1	1	73	0	1.000000
ohi	4	0	7	0	1.000000
iro	4	1	2	0	1.000000
gossiped	0	0	1	0	0.999999
arm	4	0	21	0	1.000000
pngs	0	0	2	0	1.000000
towncar	0	1	1	0	0.999999
ngk	2	1	1	0	0.999999
securey	0	0	1	0	0.999999
attained	0	0	1	0	0.999999
refuge	0	0	4	0	1.000000
men	2	1	26	0	1.000000
ove	4	1	82	0	1.000000
suspensi	0	0	1	0	0.999999
tamatha	0	1	1	0	0.999999
otherwise	0	0	3	0	1.000000
pok	4	0	1	0	0.999999
horror	0	0	1	0	0.999999
boar	0	0	3	0	1.000000
tic	2	1	34	0	1.000000
hostsnake	0	1	1	0	0.999999
ele	0	0	1	0	0.999999
soups	0	0	1	0	0.999999
cit	4	1	84	0	1.000000
vas	2	0	1	0	0.999999
aze	2	0	2	0	1.000000
colors	0	0	2	0	1.000000
fea	4	0	73	0	1.000000
fl	0	0	1	0	0.999999
abairti	0	0	1	0	0.999999
specialty	0	0	3	0	1.000000
respect	0	0	2	0	1.000000
we	0	1	105	0	1.000000
sal	2	0	6	0	1.000000
learn	0	0	36	0	1.000000
further	0	1	2	0	1.000000
gu	3	1	136	0	1.000000
suv	0	1	7	0	1.000000
attempted	0	0	1	0	0.999999
camry	0	1	1	0	0.999999
lesbian	0	0	4	0	1.000000
gaeilge	0	1	6	0	1.000000
bzd	0	1	1	0	0.999999
destination	0	0	26	0	1.000000
slipn	0	1	1	0	0.999999
swine	0	0	1	0	0.999999
rocket	0	0	1	0	0.999999
somebody	0	1	1	0	0.999999
rtstbgt	0	0	1	0	0.999999
honor	0	0	4	0	1.000000
tim	4	0	263	0	1.000000
holiday	0	0	3	0	1.000000
emn	2	0	1	0	0.999999
djiboutimap	0	1	1	0	0.999999
strutting	0	0	1	0	0.999999
res	0	0	1	0	0.999999
since	0	1	16	0	1.000000
serious	0	0	7	0	1.000000
diego	0	0	4	0	1.000000
flesh	0	0	2	0	1.000000
busquilla	0	0	2	0	1.000000
vey	2	0	10	0	1.000000
tunichil	0	1	1	0	0.999999
las	4	0	75	0	1.000000
triple	0	1	1	0	0.999999
orcish	0	1	20	0	1.000000
oven	0	0	3	0	1.000000
carolyn	0	1	1	0	0.999999
falls	0	1	3	0	1.000000
wji	4	0	1	0	0.999999
med	4	1	54	0	1.000000
harmony	0	0	3	0	1.000000
ow	3	0	93	0	1.000000
rse	2	1	36	0	1.000000
resolve	0	0	1	0	0.999999
ung	2	0	31	0	1.000000
revenge	0	0	1	0	0.999999
singer	0	0	1	0	0.999999
jobs	0	1	3	0	1.000000
repositories	0	0	2	0	1.000000
ced	2	0	81	0	1.000000
muzik	0	1	1	0	0.999999
professionnels	0	1	1	0	0.999999
ow	1	1	303	0	1.000000
eol	2	0	3	0	1.000000
something	0	1	3	0	1.000000
mfc	4	1	2	0	1.000000
discounts	0	0	1	0	0.999999
cox	2	1	1	0	0.999999
urm	4	0	1	0	0.999999
materials	0	0	15	0	1.000000
racing	0	1	4	0	1.000000
esr	4	1	1	0	0.999999
pea	4	1	12	0	1.000000
ht	0	1	1	0	0.999999
inflatable	0	0	2	0	1.000000
eve	4	0	274	0	1.000000
taa	2	1	1	0	0.999999
adherents	0	0	1	0	0.999999
rse	4	0	2	0	1.000000
miranda	0	1	3	0	1.000000
donation	0	1	2	0	1.000000
con	2	1	8	0	1.000000
resign	0	0	1	0	0.999999
concise	0	0	1	0	0.999999
impact	0	0	6	0	1.000000
streets	0	1	4	0	1.000000
unblockable	0	0	4	0	1.000000
albania	0	1	3	0	1.000000
coatings	0	1	16	0	1.000000
om	3	0	10	0	1.000000
storygames	0	1	1	0	0.999999
cabling	0	0	1	0	0.999999
tua	2	0	2	0	1.000000
dem	2	1	2	0	1.000000
ii	2	1	11	0	1.000000
program	0	1	30	0	1.000000
vende	0	0	1	0	0.999999
goods	0	0	6	0	1.000000
azy	4	1	1	0	0.999999
estemos	0	0	1	0	0.999999
fault	0	0	3	0	1.000000
distribution	0	0	3	0	1.000000
exigencies	0	0	1	0	0.999999
ser	2	0	101	0	1.000000
building	0	0	58	0	1.000000
tak	4	0	103	0	1.000000
ail	2	1	48	0	1.000000
vampire	0	0	1	0	0.999999
voy	2	0	1	0	0.999999
nylon	0	0	1	0	0.999999
wy	1	0	1	0	0.999999
intellisail	0	1	4	0	1.000000
fantasise	0	0	1	0	0.999999
inflamed	0	0	1	0	0.999999
ag	0	1	1	0	0.999999
netopia	0	0	1	0	0.999999
wmf	4	1	1	0	0.999999
found	0	0	52	0	1.000000
blizlike	0	1	1	0	0.999999
dow	2	0	60	0	1.000000
conjunction	0	0	3	0	1.000000
rural	0	0	1	0	0.999999
usb	0	0	1	0	0.999999
andheatherwillis	0	1	1	0	0.999999
remaining	0	0	2	0	1.000000
kiddos	0	0	1	0	0.999999
als	4	0	131	0	1.000000
principal	0	0	1	0	0.999999
ced	4	1	2	0	1.000000
concert	0	0	2	0	1.000000
amulet	0	0	1	0	0.999999
bolivia	0	1	1	0	0.999999
res	4	1	82	0	1.000000
demandais	0	0	1	0	0.999999
whose	0	0	8	0	1.000000
phunk	0	1	1	0	0.999999
lia	2	0	12	0	1.000000
dow	4	1	34	0	1.000000
frames	0	1	1	0	0.999999
my	2	0	262	0	1.000000
nd	0	1	1	0	0.999999
settling	0	0	1	0	0.999999
reinvestment	0	0	1	0	0.999999
naval	0	0	9	0	1.000000
ii	3	1	8	0	1.000000
order	0	0	55	0	1.000000
successful	0	0	11	0	1.000000
lare	0	0	2	0	1.000000
morning	0	0	10	0	1.000000
subordinate	0	0	1	0	0.999999
nis	2	1	5	0	1.000000
novelist	0	0	1	0	0.999999
via	4	1	4	0	1.000000
briefing	0	0	1	0	0.999999
filledsimple	0	1	1	0	0.999999
ham	4	0	2	0	1.000000
hyre	0	1	3	0	1.000000
pl	1	1	5	0	1.000000
hei	4	0	17	0	1.000000
eges	0	0	1	0	0.999999
assemble	0	1	2	0	1.000000
upo	4	0	31	0	1.000000
con	4	1	328	0	1.000000
roi	2	0	1	0	0.999999
dis	2	0	4	0	1.000000
n	0	0	183	0	1.000000
burst	0	0	1	0	0.999999
podcast	0	1	1	0	0.999999
uef	4	1	1	0	0.999999
static	0	0	1	0	0.999999
ht	1	0	283	0	1.000000
dom	4	1	15	0	1.000000
rum	2	0	28	0	1.000000
pay	2	1	3	0	1.000000
wmf	0	1	1	0	0.999999
fue	4	0	9	0	1.000000
stance	0	0	1	0	0.999999
thesis	0	1	1	0	0.999999
writers	0	0	4	0	1.000000
conscious	0	0	3	0	1.000000
ss	0	0	3	0	1.000000
phr	4	0	2	0	1.000000
cfc	2	1	1	0	0.999999
mica	0	1	1	0	0.999999
eri	4	1	4	0	1.000000
get	4	1	45	0	1.000000
onc	2	0	1	0	0.999999
olo	2	1	2	0	1.000000
proof	0	1	6	0	1.000000
gu	1	1	1	0	0.999999
affront	0	0	1	0	0.999999
onvo	0	0	1	0	0.999999
isprotected	0	0	1	0	0.999999
isn	4	1	1	0	0.999999
frank	0	1	18	0	1.000000
fender	0	1	1	0	0.999999
brujeando	0	0	2	0	1.000000
rac	2	0	1	0	0.999999
obtained	0	0	8	0	1.000000
coco	0	1	1	0	0.999999
wilkerson	0	0	1	0	0.999999
dollar	0	1	2	0	1.000000
aq	3	1	1	0	0.999999
loo	4	0	89	0	1.000000
coordinate	0	0	3	0	1.000000
car	2	1	17	0	1.000000
chan	0	0	1	0	0.999999
adware	0	0	2	0	1.000000
tampas	0	0	1	0	0.999999
xxx	4	0	1	0	0.999999
bsu	0	1	1	0	0.999999
meme	0	1	1	0	0.999999
initial	0	0	14	0	1.000000
haven	0	1	3	0	1.000000
shit	0	1	1	0	0.999999
ojays	0	0	1	0	0.999999
onm	4	1	1	0	0.999999
gears	0	1	2	0	1.000000
regulatory	0	0	3	0	1.000000
inhabited	0	0	2	0	1.000000
annually	0	0	2	0	1.000000
sub	0	1	2	0	1.000000
gann	0	1	1	0	0.999999
rac	4	1	17	0	1.000000
unplacticised	0	0	1	0	0.999999
sre	4	0	2	0	1.000000
ballot	0	0	3	0	1.000000
longest	0	0	5	0	1.000000
twi	4	1	4	0	1.000000
soci	0	1	1	0	0.999999
gnu	4	1	1	0	0.999999
afe	2	0	18	0	1.000000
tabc	0	1	1	0	0.999999
ubs	2	1	2	0	1.000000
ga	0	0	2	0	1.000000
visitor	0	0	21	0	1.000000
sba	2	1	1	0	0.999999
sla	4	0	8	0	1.000000
abs	0	1	1	0	0.999999
ach	0	0	1	0	0.999999
monday	0	0	1	0	0.999999
augustan	0	1	1	0	0.999999
cetera	0	0	2	0	1.000000
dakota	0	1	1	0	0.999999
bloggies	0	1	3	0	1.000000
wyd	4	1	1	0	0.999999
hes	2	1	8	0	1.000000
agenda	0	0	4	0	1.000000
dco	2	1	1	0	0.999999
eol	4	0	5	0	1.000000
dentists	0	0	1	0	0.999999
mucosa	0	0	1	0	0.999999
males	0	0	3	0	1.000000
kalman	0	1	3	0	1.000000
softwares	0	0	1	0	0.999999
venha	0	0	1	0	0.999999
donext	0	0	1	0	0.999999
marriage	0	0	2	0	1.000000
itc	4	0	2	0	1.000000
korea	0	1	2	0	1.000000
awh	4	0	1	0	0.999999
sleepy	0	0	1	0	0.999999
marbles	0	0	1	0	0.999999
plenty	0	0	5	0	1.000000
copiar	0	0	2	0	1.000000
ga	3	1	179	0	1.000000
indulgent	0	0	1	0	0.999999
tate	0	0	1	0	0.999999
voter	0	0	1	0	0.999999
six	0	0	12	0	1.000000
homepage	0	0	13	0	1.000000
polly	0	1	1	0	0.999999
wy	3	1	3	0	1.000000
rse	2	0	63	0	1.000000
deposit	0	1	1	0	0.999999
dial	0	0	2	0	1.000000
goes	0	0	4	0	1.000000
voluntary	0	0	3	0	1.000000
golfclubshome	0	1	1	0	0.999999
eritreamap	0	1	1	0	0.999999
walkin	0	0	1	0	0.999999
achats	0	1	1	0	0.999999
slower	0	0	1	0	0.999999
surfers	0	1	1	0	0.999999
wrath	0	1	3	0	1.000000
even	0	1	15	0	1.000000
rightfocail	0	1	1	0	0.999999
dtr	4	0	1	0	0.999999
certificates	0	1	1	0	0.999999
intimidated	0	0	2	0	1.000000
borgetto	0	1	1	0	0.999999
mort	0	1	2	0	1.000000
piquedoux	0	1	1	0	0.999999
girl	0	0	8	0	1.000000
mo	1	1	24	0	1.000000
ckr	2	0	1	0	0.999999
bzd	4	1	1	0	0.999999
switch	0	1	1	0	0.999999
merveilles	0	0	1	0	0.999999
epiphonw	0	0	1	0	0.999999
check	0	1	16	0	1.000000
msrp	0	1	1	0	0.999999
edw	4	0	1	0	0.999999
memo	0	0	2	0	1.000000
parentheses	0	0	1	0	0.999999
ew	1	1	417	0	1.000000
aq	3	0	4	0	1.000000
wned	0	0	1	0	0.999999
bas	0	0	6	0	1.000000
ier	2	1	40	0	1.000000
pittsburgh	0	1	8	0	1.000000
hos	2	1	3	0	1.000000
korbdl	0	0	1	0	0.999999
om	1	1	91	0	1.000000
moors	0	1	1	0	0.999999
missing	0	1	1	0	0.999999
inventory	0	0	2	0	1.000000
mines	0	0	8	0	1.000000
pl	0	0	14	0	1.000000
ec	1	1	104	0	1.000000
shy	4	0	2	0	1.000000
chloride	0	0	1	0	0.999999
mugen	0	0	1	0	0.999999
hunted	0	0	1	0	0.999999
electrics	0	0	1	0	0.999999
grant	0	0	7	0	1.000000
si	0	0	11	0	1.000000
eup	4	1	1	0	0.999999
papel	0	0	1	0	0.999999
mit	4	1	5	0	1.000000
ag	1	0	28	0	1.000000
haugesund	0	1	1	0	0.999999
kta	2	1	1	0	0.999999
bear	0	0	4	0	1.000000
own	2	1	34	0	1.000000
generalcadd	0	1	1	0	0.999999
upo	4	1	7	0	1.000000
saints	0	0	2	0	1.000000
closer	0	0	3	0	1.000000
prevails	0	0	1	0	0.999999
cfc	0	0	1	0	0.999999
colleges	0	0	5	0	1.000000
calendar	0	1	4	0	1.000000
ofa	2	0	4	0	1.000000
jak	4	0	1	0	0.999999
anderson	0	1	1	0	0.999999
delwood	0	1	1	0	0.999999
nd	1	1	503	0	1.000000
archmage	0	1	2	0	1.000000
comoros	0	1	1	0	0.999999
injustice	0	0	2	0	1.000000
mapquest	0	1	2	0	1.000000
budapest	0	1	1	0	0.999999
mah	4	1	3	0	1.000000
consisted	0	1	1	0	0.999999
pok	4	1	3	0	1.000000
mafia	0	0	2	0	1.000000
acr	4	1	19	0	1.000000
requires	0	0	13	0	1.000000
festive	0	0	1	0	0.999999
wit	0	1	1	0	0.999999
tally	0	0	1	0	0.999999
photographic	0	0	1	0	0.999999
caic	0	1	1	0	0.999999
slot	0	0	2	0	1.000000
byproponent	0	1	1	0	0.999999
fiduciary	0	0	6	0	1.000000
doc	2	1	2	0	1.000000
camry	0	0	1	0	0.999999
co	3	0	2369	0	1.000000
arm	2	1	8	0	1.000000
servers	0	0	9	0	1.000000
nem	2	0	1	0	0.999999
testing	0	1	1	0	0.999999
since	0	0	26	0	1.000000
lia	4	1	5	0	1.000000
fcm	0	1	1	0	0.999999
provavelmente	0	0	1	0	0.999999
russell	0	1	1	0	0.999999
garca	0	0	2	0	1.000000
firm	0	0	4	0	1.000000
sal	4	1	27	0	1.000000
loading	0	0	1	0	0.999999
cod	0	1	5	0	1.000000
best	0	0	94	0	1.000000
siyasi	0	0	1	0	0.999999
amexactly	0	1	1	0	0.999999
cts	2	1	95	0	1.000000
pdb	2	1	1	0	0.999999
lik	4	0	209	0	1.000000
sceideal	0	0	1	0	0.999999
hos	4	0	68	0	1.000000
italia	0	0	1	0	0.999999
oza	2	0	1	0	0.999999
quelquechose	0	0	1	0	0.999999
peoples	0	0	1	0	0.999999
las	4	1	39	0	1.000000
lia	4	0	3	0	1.000000
superfund	0	0	2	0	1.000000
centerfold	0	0	3	0	1.000000
wur	4	0	1	0	0.999999
wrought	0	0	2	0	1.000000
she	2	1	21	0	1.000000
ram	4	0	6	0	1.000000
vouloir	0	0	2	0	1.000000
insurance	0	1	1	0	0.999999
para	0	0	13	0	1.000000
short	0	0	23	0	1.000000
emulators	0	0	1	0	0.999999
itdoes	0	0	1	0	0.999999
limb	0	0	1	0	0.999999
pao	4	1	3	0	1.000000
quem	0	0	1	0	0.999999
chsvrolet	0	0	1	0	0.999999
boundaries	0	0	35	0	1.000000
jobs	0	0	35	0	1.000000
nga	4	1	3	0	1.000000
fay	2	1	1	0	0.999999
miserable	0	0	1	0	0.999999
ighting	0	0	1	0	0.999999
apply	0	0	12	0	1.000000
akt	2	1	1	0	0.999999
slu	4	0	3	0	1.000000
mulana	0	1	1	0	0.999999
uch	2	1	19	0	1.000000
tau	4	0	5	0	1.000000
linkupon	0	1	1	0	0.999999
exc	2	0	1	0	0.999999
situation	0	0	6	0	1.000000
monthsmore	0	1	2	0	1.000000
body	0	0	13	0	1.000000
dec	4	0	61	0	1.000000
congressman	0	1	2	0	1.000000
upe	2	0	4	0	1.000000
ellison	0	1	1	0	0.999999
con	2	0	9	0	1.000000
fingerprint	0	1	1	0	0.999999
submitsensitive	0	0	1	0	0.999999
qu	0	1	3	0	1.000000
corvette	0	0	1	0	0.999999
donation	0	0	3	0	1.000000
streets	0	0	10	0	1.000000
isn	2	0	10	0	1.000000
aftermath	0	0	2	0	1.000000
interpersonal	0	1	1	0	0.999999
performer	0	0	1	0	0.999999
dublin	0	1	1	0	0.999999
nokia	0	0	1	0	0.999999
storia	0	0	1	0	0.999999
toledomost	0	1	1	0	0.999999
worker	0	0	2	0	1.000000
nationalist	0	0	1	0	0.999999
dem	2	0	3	0	1.000000
mozambiquemap	0	1	1	0	0.999999
lets	0	1	3	0	1.000000
conversing	0	0	1	0	0.999999
uncertainty	0	0	1	0	0.999999
ii	2	0	1	0	0.999999
rio	2	1	15	0	1.000000
rush	0	1	1	0	0.999999
con	0	1	1	0	0.999999
arc	2	1	28	0	1.000000
lipped	0	0	1	0	0.999999
dht	4	1	4	0	1.000000
peggy	0	1	2	0	1.000000
conveniently	0	0	1	0	0.999999
building	0	1	6	0	1.000000
sla	2	1	1	0	0.999999
procedures	0	0	6	0	1.000000
braziian	0	1	2	0	1.000000
xd	0	1	5	0	1.000000
war	2	0	10	0	1.000000
nth	4	0	1	0	0.999999
exercise	0	0	2	0	1.000000
won	4	0	35	0	1.000000
ce	3	0	217	0	1.000000
sake	0	0	1	0	0.999999
acrobat	0	1	2	0	1.000000
rph	4	0	1	0	0.999999
illustrating	0	0	3	0	1.000000
queensland	0	1	1	0	0.999999
chip	0	0	3	0	1.000000
padstow	0	0	1	0	0.999999
bring	0	0	15	0	1.000000
blizlike	0	0	1	0	0.999999
whitely	0	1	1	0	0.999999
juk	4	0	1	0	0.999999
ensest	0	0	1	0	0.999999
calling	0	0	2	0	1.000000
ser	4	0	266	0	1.000000
dss	2	0	1	0	0.999999
slot	0	1	2	0	1.000000
ali	0	1	3	0	1.000000
als	4	1	47	0	1.000000
principal	0	1	1	0	0.999999
poet	0	0	6	0	1.000000
kep	4	1	1	0	0.999999
lots	0	1	1	0	0.999999
res	4	0	292	0	1.000000
dangers	0	1	1	0	0.999999
fast	0	1	1	0	0.999999
uscm	0	0	1	0	0.999999
dth	2	0	32	0	1.000000
bezel	0	0	2	0	1.000000
cabana	0	0	1	0	0.999999
sith	0	1	1	0	0.999999
deve	0	0	3	0	1.000000
nx	1	1	2	0	1.000000
enc	4	0	57	0	1.000000
welsch	0	1	1	0	0.999999
flattering	0	0	1	0	0.999999
nd	0	0	13	0	1.000000
abandoned	0	0	1	0	0.999999
yri	4	0	7	0	1.000000
bui	4	1	12	0	1.000000
wed	4	0	20	0	1.000000
ove	2	1	46	0	1.000000
widest	0	0	1	0	0.999999
via	4	0	38	0	1.000000
pb	1	1	1	0	0.999999
their	0	0	255	0	1.000000
deaers	0	0	1	0	0.999999
we	1	1	115	0	1.000000
uncements	0	0	1	0	0.999999
harness	0	0	1	0	0.999999
centerlines	0	0	1	0	0.999999
hero	0	0	2	0	1.000000
sustren	0	0	1	0	0.999999
portal	0	0	2	0	1.000000
atollsbelize	0	1	1	0	0.999999
issues	0	0	15	0	1.000000
cfc	0	1	1	0	0.999999
rum	2	1	11	0	1.000000
offer	0	0	39	0	1.000000
grasslands	0	1	3	0	1.000000
my	3	1	16	0	1.000000
menushrink	0	1	1	0	0.999999
etat	0	0	1	0	0.999999
greggory	0	0	1	0	0.999999
fountain	0	0	2	0	1.000000
lai	2	1	3	0	1.000000
vehicle	0	0	9	0	1.000000
wpw	0	0	1	0	0.999999
outdoor	0	1	2	0	1.000000
pussy	0	0	2	0	1.000000
ag	2	0	3	0	1.000000
communication	0	0	12	0	1.000000
ebar	0	0	2	0	1.000000
nom	4	0	16	0	1.000000
bey	4	1	8	0	1.000000
collaborations	0	0	1	0	0.999999
writers	0	1	1	0	0.999999
fl	3	1	81	0	1.000000
cleared	0	0	1	0	0.999999
seatonline	0	1	1	0	0.999999
ybo	4	0	1	0	0.999999
table	0	0	5	0	1.000000
ict	2	0	20	0	1.000000
wmf	2	1	1	0	0.999999
babbage	0	0	1	0	0.999999
powerplant	0	0	1	0	0.999999
atk	2	0	1	0	0.999999
plug	0	1	1	0	0.999999
bee	4	1	8	0	1.000000
azy	2	0	13	0	1.000000
farther	0	0	1	0	0.999999
geology	0	1	1	0	0.999999
ang	4	0	29	0	1.000000
limited	0	1	3	0	1.000000
impressions	0	0	2	0	1.000000
magnolia	0	0	2	0	1.000000
voltage	0	0	2	0	1.000000
rio	0	1	7	0	1.000000
als	2	0	123	0	1.000000
bz	3	1	1	0	0.999999
gan	4	1	3	0	1.000000
livius	0	1	2	0	1.000000
henry	0	1	5	0	1.000000
jim	0	1	1	0	0.999999
mon	2	0	37	0	1.000000
gif	4	0	37	0	1.000000
ricki	0	1	2	0	1.000000
report	0	0	31	0	1.000000
rightenglish	0	1	2	0	1.000000
ata	2	1	18	0	1.000000
bai	2	0	1	0	0.999999
alejandro	0	1	1	0	0.999999
rhp	4	1	1	0	0.999999
yel	4	1	4	0	1.000000
bilderberg	0	0	1	0	0.999999
sav	4	0	21	0	1.000000
rie	2	1	6	0	1.000000
preview	0	0	2	0	1.000000
longest	0	1	1	0	0.999999
afe	2	1	2	0	1.000000
eve	0	1	3	0	1.000000
detaied	0	0	1	0	0.999999
boise	0	0	2	0	1.000000
librarysaturday	0	1	1	0	0.999999
mod	2	1	4	0	1.000000
mmloadmenus	0	1	1	0	0.999999
visitor	0	1	3	0	1.000000
ensured	0	0	1	0	0.999999
sla	4	1	3	0	1.000000
pig	0	0	14	0	1.000000
is	3	1	128	0	1.000000
wit	2	1	1	0	0.999999
bergstrm	0	1	1	0	0.999999
tic	4	1	8	0	1.000000
yc	1	0	2	0	1.000000
passage	0	0	6	0	1.000000
toolbars	0	0	2	0	1.000000
mar	2	0	4	0	1.000000
ncy	2	1	15	0	1.000000
multiethnic	0	0	1	0	0.999999
linwood	0	1	1	0	0.999999
students	0	0	21	0	1.000000
wah	4	0	1	0	0.999999
dalla	0	0	2	0	1.000000
necklace	0	0	1	0	0.999999
settlementthe	0	1	1	0	0.999999
lulu	0	0	3	0	1.000000
antananarivo	0	1	2	0	1.000000
gad	4	0	1	0	0.999999
obe	4	1	2	0	1.000000
ftp	2	1	1	0	0.999999
leo	4	0	3	0	1.000000
francisco	0	0	3	0	1.000000
dignity	0	0	3	0	1.000000
etta	0	1	1	0	0.999999
dele	0	0	1	0	0.999999
stripboard	0	0	1	0	0.999999
vp	1	1	3	0	1.000000
bia	2	1	6	0	1.000000
raw	0	0	3	0	1.000000
gun	4	1	10	0	1.000000
ugn	4	0	1	0	0.999999
ferret	0	1	1	0	0.999999
mcf	4	1	1	0	0.999999
novo	0	1	35	0	1.000000
fb	0	0	2	0	1.000000
sexual	0	0	2	0	1.000000
lp	1	1	123	0	1.000000
preschoolerssaturday	0	1	2	0	1.000000
certificates	0	0	5	0	1.000000
instantly	0	1	1	0	0.999999
departure	0	1	4	0	1.000000
example	0	1	3	0	1.000000
billy	0	1	4	0	1.000000
aja	4	0	2	0	1.000000
disasters	0	0	1	0	0.999999
rt	2	0	10	0	1.000000
dilemmas	0	0	1	0	0.999999
scars	0	0	1	0	0.999999
dco	4	1	57	0	1.000000
ew	1	0	341	0	1.000000
insane	0	0	1	0	0.999999
dis	4	1	97	0	1.000000
fanciful	0	0	1	0	0.999999
gte	2	1	2	0	1.000000
rys	2	0	2	0	1.000000
formula	0	1	2	0	1.000000
heavens	0	0	1	0	0.999999
ec	0	1	4	0	1.000000
men	0	1	6	0	1.000000
flight	0	0	3	0	1.000000
puts	0	1	4	0	1.000000
someone	0	0	13	0	1.000000
museum	0	1	4	0	1.000000
bani	0	0	1	0	0.999999
feminism	0	1	2	0	1.000000
abused	0	0	2	0	1.000000
ec	1	0	5	0	1.000000
rie	4	0	5	0	1.000000
foto	0	0	3	0	1.000000
qip	2	1	1	0	0.999999
disabled	0	0	4	0	1.000000
lee	0	1	4	0	1.000000
respect	0	1	5	0	1.000000
protagonist	0	0	1	0	0.999999
boy	0	0	4	0	1.000000
oly	2	1	2	0	1.000000
aq	1	0	2	0	1.000000
ram	2	0	76	0	1.000000
nightlife	0	0	1	0	0.999999
ire	4	1	6	0	1.000000
xd	2	1	5	0	1.000000
qu	2	0	5	0	1.000000
mygatsby	0	1	1	0	0.999999
bells	0	1	1	0	0.999999
gamestop	0	1	1	0	0.999999
brochure	0	0	1	0	0.999999
uncommon	0	0	1	0	0.999999
dom	2	1	12	0	1.000000
is	1	0	2156	0	1.000000
using	0	0	61	0	1.000000
locks	0	1	3	0	1.000000
own	2	0	196	0	1.000000
nd	2	1	1	0	0.999999
forage	0	0	1	0	0.999999
vagas	0	1	1	0	0.999999
obo	4	1	1	0	0.999999
coastline	0	0	5	0	1.000000
pig	2	1	17	0	1.000000
zl	3	1	1	0	0.999999
rnt	4	0	1	0	0.999999
bset	0	0	1	0	0.999999
amazement	0	1	1	0	0.999999
informative	0	0	1	0	0.999999
res	2	1	98	0	1.000000
hundred	0	0	12	0	1.000000
seagulls	0	0	3	0	1.000000
driven	0	0	7	0	1.000000
eir	2	0	257	0	1.000000
ppt	4	1	1	0	0.999999
vhallenge	0	0	1	0	0.999999
slovakia	0	1	1	0	0.999999
solicitor	0	1	2	0	1.000000
disturbed	0	0	1	0	0.999999
affairs	0	0	2	0	1.000000
thirty	0	0	10	0	1.000000
rma	2	0	3	0	1.000000
heal	0	0	1	0	0.999999
immigration	0	0	7	0	1.000000
rory	0	1	1	0	0.999999
dukes	0	1	1	0	0.999999
october	0	1	12	0	1.000000
juan	0	1	5	0	1.000000
haw	2	0	1	0	0.999999
coupe	0	0	3	0	1.000000
occasional	0	0	1	0	0.999999
example	0	0	31	0	1.000000
nce	4	0	3	0	1.000000
tic	2	0	80	0	1.000000
ew	2	1	4	0	1.000000
fb	3	1	1	0	0.999999
she	4	0	101	0	1.000000
mur	4	1	1	0	0.999999
sva	2	1	1	0	0.999999
locatedsome	0	0	1	0	0.999999
agrada	0	0	2	0	1.000000
statesmanship	0	0	5	0	1.000000
ciated	0	0	1	0	0.999999
observed	0	0	6	0	1.000000
co	3	1	1325	0	1.000000
appearingon	0	0	1	0	0.999999
desperation	0	0	1	0	0.999999
cur	4	1	34	0	1.000000
real	0	1	29	0	1.000000
sal	4	0	61	0	1.000000
vistas	0	0	2	0	1.000000
jimmy	0	1	3	0	1.000000
captured	0	0	1	0	0.999999
orderwe	0	1	1	0	0.999999
aib	4	1	1	0	0.999999
execution	0	0	1	0	0.999999
wrath	0	0	1	0	0.999999
america	0	1	33	0	1.000000
fortified	0	1	1	0	0.999999
sho	4	0	332	0	1.000000
fcm	2	1	1	0	0.999999
button	0	1	3	0	1.000000
rfr	4	1	1	0	0.999999
atoll	0	0	2	0	1.000000
tr	3	0	613	0	1.000000
fay	4	1	2	0	1.000000
dce	2	0	1	0	0.999999
uta	4	1	3	0	1.000000
oza	2	1	1	0	0.999999
sodr	0	1	1	0	0.999999
gad	4	1	2	0	1.000000
grinding	0	1	1	0	0.999999
regulation	0	1	10	0	1.000000
consumer	0	1	2	0	1.000000
cod	2	1	5	0	1.000000
pou	4	0	30	0	1.000000
wne	4	0	2	0	1.000000
lasting	0	0	1	0	0.999999
vas	0	0	1	0	0.999999
ior	0	0	1	0	0.999999
whiz	0	0	1	0	0.999999
shizhao	0	1	1	0	0.999999
wildlife	0	0	15	0	1.000000
yle	2	0	19	0	1.000000
blocks	0	1	2	0	1.000000
introduces	0	0	2	0	1.000000
lee	4	0	4	0	1.000000
nineteenth	0	0	1	0	0.999999
defense	0	0	2	0	1.000000
rule	0	1	7	0	1.000000
microsoft	0	0	1	0	0.999999
waive	0	0	2	0	1.000000
now	2	0	263	0	1.000000
utet	0	0	1	0	0.999999
lui	4	0	2	0	1.000000
hassan	0	1	1	0	0.999999
wra	4	1	6	0	1.000000
syr	4	0	2	0	1.000000
own	4	1	6	0	1.000000
ce	1	1	413	0	1.000000
francisco	0	1	3	0	1.000000
vicky	0	0	1	0	0.999999
fredericksburg	0	0	1	0	0.999999
tr	0	0	5	0	1.000000
cyd	4	1	1	0	0.999999
distribut	0	1	1	0	0.999999
fasting	0	0	1	0	0.999999
ec	3	1	28	0	1.000000
meals	0	1	1	0	0.999999
bp	0	1	1	0	0.999999
saving	0	0	5	0	1.000000
tak	4	1	15	0	1.000000
gnu	2	0	1	0	0.999999
machines	0	0	6	0	1.000000
isd	4	1	4	0	1.000000
ila	2	1	3	0	1.000000
parte	0	0	9	0	1.000000
dec	4	1	134	0	1.000000
aiv	2	1	1	0	0.999999
adaptive	0	0	1	0	0.999999
moskwa	0	1	2	0	1.000000
cy	3	1	8	0	1.000000
collective	0	0	3	0	1.000000
nd	3	0	9	0	1.000000
ram	2	1	34	0	1.000000
guilds	0	1	4	0	1.000000
pay	4	0	17	0	1.000000
have	0	0	461	0	1.000000
judgementsbest	0	1	1	0	0.999999
con	0	0	7	0	1.000000
osh	2	1	1	0	0.999999
minute	0	0	10	0	1.000000
rca	2	0	5	0	1.000000
zusammen	0	0	2	0	1.000000
whichranks	0	0	1	0	0.999999
sab	4	0	2	0	1.000000
procedures	0	1	1	0	0.999999
reason	0	0	13	0	1.000000
ss	3	1	7	0	1.000000
tiled	0	1	1	0	0.999999
dem	4	0	27	0	1.000000
eza	2	0	5	0	1.000000
mmorpg	0	0	1	0	0.999999
car	4	0	173	0	1.000000
trn	4	1	14	0	1.000000
conditioned	0	0	3	0	1.000000
bendel	0	1	2	0	1.000000
ape	2	1	14	0	1.000000
nym	2	0	1	0	0.999999
quoted	0	0	1	0	0.999999
province	0	0	2	0	1.000000
thereafter	0	0	2	0	1.000000
believe	0	0	17	0	1.000000
cetic	0	1	1	0	0.999999
travertine	0	1	1	0	0.999999
acquired	0	0	1	0	0.999999
handbook	0	1	2	0	1.000000
nec	2	1	1	0	0.999999
th	1	1	319	0	1.000000
indsay	0	0	1	0	0.999999
upon	0	1	7	0	1.000000
silvia	0	1	18	0	1.000000
wpw	2	0	1	0	0.999999
offs	0	0	2	0	1.000000
rnt	2	0	11	0	1.000000
crditos	0	0	1	0	0.999999
paralyzed	0	0	1	0	0.999999
workmans	0	1	2	0	1.000000
fast	0	0	20	0	1.000000
existed	0	0	1	0	0.999999
economics	0	0	2	0	1.000000
ung	2	1	17	0	1.000000
em	0	0	27	0	1.000000
whenever	0	1	1	0	0.999999
seaux	0	0	1	0	0.999999
aut	0	1	2	0	1.000000
mur	2	0	3	0	1.000000
card	0	0	11	0	1.000000
my	1	0	280	0	1.000000
new	0	1	330	0	1.000000
catalogs	0	1	1	0	0.999999
outfile	0	1	1	0	0.999999
dag	2	0	2	0	1.000000
dd	1	1	24	0	1.000000
create	0	1	9	0	1.000000
earlier	0	1	2	0	1.000000
them	0	1	1	0	0.999999
mod	0	1	4	0	1.000000
alternatives	0	0	1	0	0.999999
doc	4	0	89	0	1.000000
governor	0	1	2	0	1.000000
apts	0	0	4	0	1.000000
typed	0	0	1	0	0.999999
tuna	0	0	1	0	0.999999
adjacent	0	0	2	0	1.000000
gymnastics	0	1	1	0	0.999999
pious	0	0	2	0	1.000000
basis	0	0	10	0	1.000000
hum	0	1	1	0	0.999999
portal	0	1	1	0	0.999999
dii	2	0	1	0	0.999999
iwt	2	0	1	0	0.999999
evo	2	0	1	0	0.999999
ach	2	0	76	0	1.000000
subjection	0	0	1	0	0.999999
mmissi	0	0	1	0	0.999999
baron	0	1	1	0	0.999999
arc	4	1	49	0	1.000000
iba	4	0	4	0	1.000000
game	0	0	158	0	1.000000
agrochemicals	0	1	16	0	1.000000
hasbeen	0	0	1	0	0.999999
abs	4	0	17	0	1.000000
oropastes	0	1	1	0	0.999999
emerging	0	1	11	0	1.000000
park	0	1	73	0	1.000000
bf	3	0	1	0	0.999999
urc	4	0	4	0	1.000000
si	2	0	11	0	1.000000
mra	2	0	1	0	0.999999
vehicle	0	1	2	0	1.000000
cra	4	0	336	0	1.000000
martine	0	1	1	0	0.999999
this	0	1	231	0	1.000000
won	0	0	14	0	1.000000
fl	3	0	166	0	1.000000
ebo	4	0	2	0	1.000000
rum	4	0	9	0	1.000000
nom	4	1	2	0	1.000000
kg	1	0	9	0	1.000000
got	0	0	21	0	1.000000
haw	4	0	3	0	1.000000
agreement	0	1	3	0	1.000000
d	0	0	139	0	1.000000
fiction	0	0	1	0	0.999999
jim	2	1	1	0	0.999999
practitioner	0	0	1	0	0.999999
cavaliers	0	0	1	0	0.999999
rei	2	1	1	0	0.999999
battlefield	0	1	1	0	0.999999
temporal	0	0	1	0	0.999999
gan	4	0	1	0	0.999999
ang	4	1	17	0	1.000000
action	0	0	8	0	1.000000
gif	0	0	2	0	1.000000
programmed	0	0	1	0	0.999999
herbstsymposium	0	1	8	0	1.000000
nag	4	0	2	0	1.000000
kat	4	1	3	0	1.000000
categorised	0	0	1	0	0.999999
iro	2	0	1	0	0.999999
chad	0	1	1	0	0.999999
approach	0	0	2	0	1.000000
hartford	0	1	1	0	0.999999
rt	3	1	9	0	1.000000
irrigation	0	0	1	0	0.999999
epa	4	0	1	0	0.999999
dansisiir	0	0	1	0	0.999999
qcl	0	1	1	0	0.999999
em	2	1	122	0	1.000000
society	0	0	9	0	1.000000
dn	1	0	15	0	1.000000
marketers	0	0	2	0	1.000000
eri	2	1	4	0	1.000000
david	0	0	2	0	1.000000
kli	4	1	1	0	0.999999
struck	0	0	1	0	0.999999
vai	0	0	3	0	1.000000
paparazzo	0	0	1	0	0.999999
willie	0	1	1	0	0.999999
xth	2	0	1	0	0.999999
undertakers	0	1	1	0	0.999999
shaddai	0	1	1	0	0.999999
dag	4	1	1	0	0.999999
ove	0	0	1	0	0.999999
mousemove	0	0	1	0	0.999999
upo	2	1	1	0	0.999999
jeep	0	1	1	0	0.999999
mccartney	0	0	2	0	1.000000
traveling	0	0	17	0	1.000000
amh	4	0	2	0	1.000000
ga	1	0	22	0	1.000000
nwe	0	0	1	0	0.999999
diego	0	1	7	0	1.000000
inner	0	1	2	0	1.000000
oir	4	1	1	0	0.999999
reunion	0	0	1	0	0.999999
chemical	0	1	30	0	1.000000
hits	0	0	1	0	0.999999
wherein	0	0	2	0	1.000000
joli	0	0	2	0	1.000000
favourites	0	0	1	0	0.999999
come	0	1	14	0	1.000000
nzb	2	0	1	0	0.999999
recuerdos	0	0	2	0	1.000000
delirious	0	1	1	0	0.999999
shoulder	0	0	3	0	1.000000
review	0	0	46	0	1.000000
women	0	1	16	0	1.000000
table	0	1	4	0	1.000000
rhode	0	1	1	0	0.999999
alleviating	0	0	1	0	0.999999
champions	0	0	1	0	0.999999
bands	0	1	1	0	0.999999
rodin	0	1	1	0	0.999999
certeza	0	0	1	0	0.999999
cortelyou	0	1	17	0	1.000000
amador	0	1	1	0	0.999999
beauties	0	0	1	0	0.999999
fao	4	0	7	0	1.000000
gzi	4	1	17	0	1.000000
cmp	4	0	1	0	0.999999
geotechnical	0	1	1	0	0.999999
tutorial	0	0	1	0	0.999999
herezenegra	0	0	1	0	0.999999
rma	4	1	1	0	0.999999
language	0	1	4	0	1.000000
ebe	2	1	2	0	1.000000
sexual	0	1	3	0	1.000000
evo	4	0	2	0	1.000000
nom	0	0	1	0	0.999999
xx	3	1	1	0	0.999999
ins	0	0	2	0	1.000000
vai	2	0	3	0	1.000000
las	2	0	12	0	1.000000
supervulco	0	1	7	0	1.000000
oven	0	1	1	0	0.999999
republicmap	0	1	4	0	1.000000
buisness	0	0	2	0	1.000000
ybo	2	1	1	0	0.999999
nis	4	0	18	0	1.000000
verview	0	0	2	0	1.000000
mignon	0	0	1	0	0.999999
creativity	0	1	3	0	1.000000
eachif	0	1	1	0	0.999999
flight	0	1	1	0	0.999999
leon	0	1	1	0	0.999999
browse	0	1	6	0	1.000000
endeavoured	0	0	1	0	0.999999
nabi	0	1	1	0	0.999999
enforce	0	0	2	0	1.000000
kli	2	0	1	0	0.999999
rimini	0	1	1	0	0.999999
prominent	0	0	3	0	1.000000
thisinformation	0	0	1	0	0.999999
museum	0	0	4	0	1.000000
symptoms	0	0	1	0	0.999999
organizational	0	0	1	0	0.999999
disabled	0	1	1	0	0.999999
wts	4	1	3	0	1.000000
clearance	0	0	1	0	0.999999
comfortable	0	0	9	0	1.000000
chloride	0	1	11	0	1.000000
strike	0	0	2	0	1.000000
pascal	0	1	4	0	1.000000
worried	0	0	1	0	0.999999
pointing	0	0	1	0	0.999999
gan	2	0	22	0	1.000000
pergunta	0	0	1	0	0.999999
pv	3	1	39	0	1.000000
bells	0	0	2	0	1.000000
blaxer	0	0	1	0	0.999999
dom	2	0	17	0	1.000000
stamen	0	0	1	0	0.999999
assez	0	0	2	0	1.000000
iro	4	0	1	0	0.999999
innocent	0	0	1	0	0.999999
percentage	0	0	3	0	1.000000
is	1	1	426	0	1.000000
whereyou	0	0	1	0	0.999999
wts	2	1	3	0	1.000000
generation	0	0	4	0	1.000000
pngs	0	1	1	0	0.999999
nd	2	0	13	0	1.000000
email	0	1	10	0	1.000000
anything	0	0	28	0	1.000000
godwin	0	1	1	0	0.999999
zig	2	1	1	0	0.999999
undresses	0	0	2	0	1.000000
boy	2	0	6	0	1.000000
now	4	1	43	0	1.000000
ley	2	1	58	0	1.000000
nwe	2	0	1	0	0.999999
my	0	0	262	0	1.000000
halo	0	1	3	0	1.000000
input	0	0	4	0	1.000000
raw	2	1	1	0	0.999999
frigate	0	0	3	0	1.000000
umr	2	0	1	0	0.999999
ham	2	1	45	0	1.000000
bye	4	0	1	0	0.999999
kwh	2	1	1	0	0.999999
immigration	0	1	12	0	1.000000
ppt	0	1	1	0	0.999999
sargeras	0	0	1	0	0.999999
mois	0	0	2	0	1.000000
fight	0	1	2	0	1.000000
sights	0	0	2	0	1.000000
flavours	0	0	1	0	0.999999
eel	2	0	47	0	1.000000
fantasies	0	0	1	0	0.999999
affiliates	0	1	10	0	1.000000
loe	4	1	1	0	0.999999
obe	2	1	4	0	1.000000
onw	2	0	1	0	0.999999
she	4	1	53	0	1.000000
exaggerating	0	0	2	0	1.000000
spelas	0	0	1	0	0.999999
directi	0	0	1	0	0.999999
brewster	0	1	1	0	0.999999
ym	1	0	5	0	1.000000
sub	4	1	33	0	1.000000
ors	2	1	67	0	1.000000
waterfront	0	1	2	0	1.000000
locations	0	0	18	0	1.000000
america	0	0	2	0	1.000000
qu	3	0	509	0	1.000000
birch	0	1	1	0	0.999999
exploitation	0	0	1	0	0.999999
hyperspectral	0	0	2	0	1.000000
ucr	4	1	1	0	0.999999
chassis	0	1	2	0	1.000000
slimmest	0	0	1	0	0.999999
googindex	0	1	3	0	1.000000
ride	0	0	8	0	1.000000
atoll	0	1	10	0	1.000000
flowing	0	0	1	0	0.999999
frak	0	0	1	0	0.999999
gk	1	1	1	0	0.999999
municipa	0	1	1	0	0.999999
brita	0	1	1	0	0.999999
punit	0	1	2	0	1.000000
fantastical	0	0	1	0	0.999999
ht	3	1	18	0	1.000000
consumer	0	0	1	0	0.999999
mienten	0	0	1	0	0.999999
wne	4	1	1	0	0.999999
wildlife	0	1	9	0	1.000000
ins	2	1	27	0	1.000000
zeu	4	1	2	0	1.000000
pig	0	1	17	0	1.000000
bp	2	1	1	0	0.999999
tim	2	1	7	0	1.000000
harriburg	0	0	1	0	0.999999
ssd	2	1	2	0	1.000000
soundlab	0	1	1	0	0.999999
lee	4	1	7	0	1.000000
subaru	0	0	2	0	1.000000
something	0	0	42	0	1.000000
own	4	0	88	0	1.000000
mex	4	1	25	0	1.000000
nyc	4	1	3	0	1.000000
nth	2	0	25	0	1.000000
barra	0	0	1	0	0.999999
someone	0	1	1	0	0.999999
syr	4	1	1	0	0.999999
macbook	0	1	2	0	1.000000
immigrant	0	0	1	0	0.999999
past	0	0	16	0	1.000000
legion	0	1	2	0	1.000000
me	1	1	226	0	1.000000
ec	3	0	40	0	1.000000
verified	0	0	1	0	0.999999
xis	2	1	4	0	1.000000
ior	2	0	47	0	1.000000
pea	4	0	22	0	1.000000
accordion	0	1	1	0	0.999999
ss	1	1	215	0	1.000000
specifically	0	1	3	0	1.000000
dd	3	1	1	0	0.999999
ilk	4	0	1	0	0.999999
now	0	0	179	0	1.000000
thybo	0	1	1	0	0.999999
tapware	0	1	1	0	0.999999
rma	4	0	10	0	1.000000
avi	2	1	5	0	1.000000
cy	3	0	11	0	1.000000
amazingly	0	1	1	0	0.999999
eagle	0	0	3	0	1.000000
ovo	2	1	36	0	1.000000
otherpersonal	0	0	1	0	0.999999
border	0	0	83	0	1.000000
cru	4	1	14	0	1.000000
encyc	0	0	1	0	0.999999
jeannette	0	0	1	0	0.999999
profiting	0	0	1	0	0.999999
emss	0	1	1	0	0.999999
tank	0	0	1	0	0.999999
oral	0	1	1	0	0.999999
gnu	0	0	1	0	0.999999
blames	0	0	2	0	1.000000
thoughts	0	0	4	0	1.000000
carried	0	0	3	0	1.000000
stapleton	0	0	1	0	0.999999
rso	2	0	1	0	0.999999
new	2	0	200	0	1.000000
zune	0	1	2	0	1.000000
nme	4	1	1	0	0.999999
gulf	0	1	2	0	1.000000
freedom	0	1	3	0	1.000000
ga	2	1	3	0	1.000000
ail	2	0	127	0	1.000000
eve	2	1	9	0	1.000000
ug	3	0	5	0	1.000000
roul	0	0	1	0	0.999999
ixs	4	1	2	0	1.000000
domesticate	0	0	1	0	0.999999
idiom	0	0	1	0	0.999999
iry	2	0	3	0	1.000000
coding	0	0	2	0	1.000000
biking	0	0	2	0	1.000000
paint	0	1	3	0	1.000000
nce	0	0	2	0	1.000000
halstead	0	1	1	0	0.999999
thme	0	0	1	0	0.999999
krol	0	1	6	0	1.000000
she	0	0	74	0	1.000000
depending	0	1	1	0	0.999999
national	0	0	27	0	1.000000
denton	0	1	1	0	0.999999
fantasy	0	0	1	0	0.999999
youwish	0	0	5	0	1.000000
allows	0	0	22	0	1.000000
co	0	0	9	0	1.000000
rifle	0	0	1	0	0.999999
flag	0	0	11	0	1.000000
lands	0	0	2	0	1.000000
tobago	0	1	1	0	0.999999
largest	0	0	105	0	1.000000
pissed	0	0	2	0	1.000000
bgraham	0	0	1	0	0.999999
countermarched	0	0	1	0	0.999999
illicit	0	1	1	0	0.999999
nis	2	0	2	0	1.000000
hio	2	1	38	0	1.000000
em	0	1	122	0	1.000000
disappears	0	0	1	0	0.999999
bantering	0	0	1	0	0.999999
nga	2	0	10	0	1.000000
stones	0	0	2	0	1.000000
party	0	0	23	0	1.000000
dd	0	0	1	0	0.999999
teg	2	1	1	0	0.999999
sor	2	1	4	0	1.000000
attending	0	0	1	0	0.999999
intriguing	0	0	1	0	0.999999
dd	1	0	33	0	1.000000
megan	0	1	3	0	1.000000
farmibg	0	0	1	0	0.999999
klub	0	0	3	0	1.000000
recently	0	0	13	0	1.000000
panah	0	1	1	0	0.999999
aja	2	1	1	0	0.999999
after	0	0	75	0	1.000000
turnkey	0	0	1	0	0.999999
iva	2	0	3	0	1.000000
fcm	4	1	1	0	0.999999
create	0	0	44	0	1.000000
khaki	0	0	2	0	1.000000
denominations	0	0	1	0	0.999999
gna	2	1	1	0	0.999999
them	0	0	132	0	1.000000
statistically	0	0	1	0	0.999999
oir	2	0	10	0	1.000000
idi	4	1	1	0	0.999999
genetics	0	0	1	0	0.999999
baba	0	1	2	0	1.000000
acr	2	1	5	0	1.000000
partly	0	0	4	0	1.000000
clacking	0	0	15	0	1.000000
con	4	0	730	0	1.000000
sails	0	0	1	0	0.999999
cti	2	0	14	0	1.000000
envy	0	0	3	0	1.000000
podcast	0	0	7	0	1.000000
fife	0	1	1	0	0.999999
ali	4	1	5	0	1.000000
game	0	1	21	0	1.000000
fraggle	0	1	1	0	0.999999
theoretical	0	0	1	0	0.999999
funziona	0	0	1	0	0.999999
jua	4	1	5	0	1.000000
inherited	0	0	1	0	0.999999
lain	0	0	1	0	0.999999
empirehistorical	0	1	1	0	0.999999
rt	1	0	434	0	1.000000
ym	3	0	4	0	1.000000
hatch	0	1	1	0	0.999999
is	2	0	1277	0	1.000000
cra	4	1	55	0	1.000000
uil	2	0	1	0	0.999999
th	2	1	3	0	1.000000
get	4	0	163	0	1.000000
iva	4	0	1	0	0.999999
ebo	4	1	9	0	1.000000
vai	4	0	8	0	1.000000
dec	2	1	83	0	1.000000
veriz	0	1	1	0	0.999999
war	4	1	125	0	1.000000
agreement	0	0	4	0	1.000000
aswell	0	0	1	0	0.999999
gps	4	1	1	0	0.999999
hero	0	1	2	0	1.000000
war	2	1	20	0	1.000000
mcrae	0	1	1	0	0.999999
identify	0	0	1	0	0.999999
options	0	0	30	0	1.000000
mockery	0	0	1	0	0.999999
battlefield	0	0	1	0	0.999999
gadis	0	0	1	0	0.999999
populations	0	1	2	0	1.000000
action	0	1	5	0	1.000000
sharing	0	0	9	0	1.000000
wort	0	0	1	0	0.999999
chan	0	1	4	0	1.000000
crossing	0	0	1	0	0.999999
nn	1	0	17	0	1.000000
engish	0	1	2	0	1.000000
feature	0	1	3	0	1.000000
dynasty	0	0	1	0	0.999999
nx	3	1	1	0	0.999999
approach	0	1	1	0	0.999999
tutti	0	0	3	0	1.000000
advance	0	0	7	0	1.000000
dem	0	0	1	0	0.999999
bas	2	0	6	0	1.000000
dx	1	1	4	0	1.000000
fertilizer	0	1	1	0	0.999999
yoek	0	0	1	0	0.999999
ponto	0	0	1	0	0.999999
mules	0	0	1	0	0.999999
x	0	1	70	0	1.000000
bsu	2	1	1	0	0.999999
touring	0	1	1	0	0.999999
dn	1	1	2	0	1.000000
mit	0	0	1	0	0.999999
hellip	0	0	5	0	1.000000
twi	4	0	5	0	1.000000
pl	2	0	14	0	1.000000
ele	4	1	10	0	1.000000
gif	2	0	2	0	1.000000
dag	4	0	2	0	1.000000
irrigation	0	1	1	0	0.999999
ubs	2	0	7	0	1.000000
abi	2	1	2	0	1.000000
territory	0	0	7	0	1.000000
dht	0	1	3	0	1.000000
abs	0	0	1	0	0.999999
si	3	0	664	0	1.000000
distressed	0	0	1	0	0.999999
funny	0	0	1	0	0.999999
ins	4	1	99	0	1.000000
footprints	0	1	2	0	1.000000
amh	4	1	1	0	0.999999
vaporize	0	0	1	0	0.999999
subaru	0	1	3	0	1.000000
interaction	0	0	2	0	1.000000
avi	4	1	2	0	1.000000
divisi	0	1	1	0	0.999999
boo	4	0	69	0	1.000000
pv	3	0	36	0	1.000000
acollapsed	0	0	1	0	0.999999
noticed	0	0	4	0	1.000000
hac	2	1	2	0	1.000000
towers	0	1	1	0	0.999999
trends	0	1	11	0	1.000000
nco	2	0	1	0	0.999999
monuments	0	0	1	0	0.999999
my	1	1	109	0	1.000000
body	0	1	5	0	1.000000
marriage	0	1	3	0	1.000000
tablet	0	0	3	0	1.000000
hints	0	0	2	0	1.000000
hie	2	0	1	0	0.999999
milwaukee	0	0	1	0	0.999999
hotel	0	1	2	0	1.000000
tech	0	0	3	0	1.000000
feet	0	1	1	0	0.999999
tak	0	1	1	0	0.999999
ga	3	0	347	0	1.000000
ofa	4	0	3	0	1.000000
th	3	1	1589	0	1.000000
idi	4	0	5	0	1.000000
abs	4	1	9	0	1.000000
lus	2	1	11	0	1.000000
uytj	0	0	1	0	0.999999
cultivating	0	0	2	0	1.000000
surveysc	0	0	1	0	0.999999
pants	0	0	4	0	1.000000
magnetic	0	0	1	0	0.999999
beates	0	1	1	0	0.999999
qualidade	0	0	1	0	0.999999
offer	0	1	2	0	1.000000
ool	2	1	15	0	1.000000
faxed	0	0	2	0	1.000000
xx	3	0	1	0	0.999999
via	2	1	28	0	1.000000
dx	2	1	2	0	1.000000
squid	0	0	1	0	0.999999
chu	4	0	11	0	1.000000
got	2	1	3	0	1.000000
dumbbells	0	0	1	0	0.999999
mox	4	1	1	0	0.999999
earlier	0	0	1	0	0.999999
girl	0	1	2	0	1.000000
prescription	0	1	1	0	0.999999
lf	1	1	27	0	1.000000
rugged	0	0	1	0	0.999999
steek	0	0	1	0	0.999999
aldor	0	0	1	0	0.999999
business	0	0	53	0	1.000000
moroccomap	0	1	1	0	0.999999
survive	0	0	2	0	1.000000
bare	0	0	2	0	1.000000
throne	0	0	3	0	1.000000
voe	4	0	3	0	1.000000
th	3	0	8476	0	1.000000
broadleaf	0	1	2	0	1.000000
flutriafol	0	1	4	0	1.000000
lks	2	1	3	0	1.000000
giz	4	1	2	0	1.000000
wwf	0	0	1	0	0.999999
om	1	0	873	0	1.000000
chun	0	0	3	0	1.000000
gje	4	1	3	0	1.000000
arredamenti	0	0	2	0	1.000000
crystallize	0	0	1	0	0.999999
signer	0	0	2	0	1.000000
ser	4	1	101	0	1.000000
shooty	0	0	1	0	0.999999
cfc	4	1	1	0	0.999999
sixth	0	0	1	0	0.999999
estimate	0	0	2	0	1.000000
tak	2	1	25	0	1.000000
easiest	0	0	1	0	0.999999
cod	4	1	18	0	1.000000
cayolocated	0	1	1	0	0.999999
ali	4	0	83	0	1.000000
isd	2	1	4	0	1.000000
hie	4	0	1	0	0.999999
bai	4	0	4	0	1.000000
sin	0	0	1	0	0.999999
will	0	1	9	0	1.000000
sandwiched	0	0	1	0	0.999999
rises	0	0	1	0	0.999999
accrues	0	0	1	0	0.999999
contracting	0	1	2	0	1.000000
nappies	0	1	3	0	1.000000
crewless	0	0	1	0	0.999999
email	0	0	43	0	1.000000
sxs	4	1	2	0	1.000000
hac	4	0	7	0	1.000000
hnes	0	1	1	0	0.999999
dependable	0	0	2	0	1.000000
postgraduates	0	0	1	0	0.999999
chet	0	0	2	0	1.000000
modify	0	0	24	0	1.000000
precautionary	0	0	1	0	0.999999
spartak	0	0	4	0	1.000000
boy	2	1	9	0	1.000000
als	0	0	2	0	1.000000
acknowledgement	0	0	4	0	1.000000
cit	2	1	2	0	1.000000
mah	4	0	1	0	0.999999
ham	2	0	9	0	1.000000
acr	4	0	23	0	1.000000
halo	0	0	2	0	1.000000
diwt	0	0	1	0	0.999999
harcourtbusiness	0	0	2	0	1.000000
ley	4	1	1	0	0.999999
maurizio	0	1	2	0	1.000000
increase	0	0	15	0	1.000000
covers	0	0	8	0	1.000000
travellers	0	0	1	0	0.999999
rma	0	1	1	0	0.999999
hes	4	0	9	0	1.000000
germantown	0	0	1	0	0.999999
eel	2	1	8	0	1.000000
merged	0	0	1	0	0.999999
arm	2	0	24	0	1.000000
roused	0	0	2	0	1.000000
rum	0	0	4	0	1.000000
sub	4	0	127	0	1.000000
providing	0	1	2	0	1.000000
hardships	0	0	1	0	0.999999
ors	2	0	204	0	1.000000
brewster	0	0	2	0	1.000000
acute	0	0	9	0	1.000000
vvr	4	0	1	0	0.999999
remarkable	0	0	5	0	1.000000
dht	2	1	3	0	1.000000
ii	1	1	30	0	1.000000
meth	0	0	1	0	0.999999
rightinformation	0	1	1	0	0.999999
prestigious	0	0	2	0	1.000000
magnetic	0	1	3	0	1.000000
nd	1	0	4774	0	1.000000
distinctive	0	0	3	0	1.000000
kg	2	0	9	0	1.000000
chassis	0	0	1	0	0.999999
qu	3	1	58	0	1.000000
traveling	0	1	2	0	1.000000
ohi	4	1	38	0	1.000000
educators	0	1	1	0	0.999999
toruighim	0	0	1	0	0.999999
arm	4	1	33	0	1.000000
gramming	0	0	1	0	0.999999
mahratta	0	1	1	0	0.999999
via	0	1	3	0	1.000000
nakedness	0	0	1	0	0.999999
only	0	1	18	0	1.000000
anarchy	0	0	1	0	0.999999
frog	0	0	1	0	0.999999
score	0	1	2	0	1.000000
timelapse	0	0	1	0	0.999999
thatbelizeans	0	1	1	0	0.999999
ins	2	0	71	0	1.000000
dcome	0	1	1	0	0.999999
llh	2	0	1	0	0.999999
pl	3	1	170	0	1.000000
pao	4	0	1	0	0.999999
withdrawn	0	0	1	0	0.999999
mage	0	0	1	0	0.999999
sin	2	0	11	0	1.000000
wwf	2	1	8	0	1.000000
dss	4	0	1	0	0.999999
walker	0	1	1	0	0.999999
wha	4	0	168	0	1.000000
comfortably	0	0	1	0	0.999999
onc	4	1	12	0	1.000000
fou	4	0	102	0	1.000000
mex	4	0	7	0	1.000000
instructors	0	0	3	0	1.000000
manufacturers	0	1	11	0	1.000000
josiah	0	0	1	0	0.999999
privileges	0	0	1	0	0.999999
partir	0	0	2	0	1.000000
wst	4	1	1	0	0.999999
sal	2	1	3	0	1.000000
cooper	0	1	2	0	1.000000
harry	0	1	4	0	1.000000
afo	2	0	1	0	0.999999
realize	0	0	10	0	1.000000
xd	1	1	5	0	1.000000
real	0	0	50	0	1.000000
eduardo	0	1	1	0	0.999999
we	3	0	652	0	1.000000
destination	0	1	2	0	1.000000
accessibility	0	0	5	0	1.000000
preferences	0	0	2	0	1.000000
megapixe	0	1	1	0	0.999999
craftmanship	0	0	1	0	0.999999
amazingly	0	0	1	0	0.999999
now	0	1	40	0	1.000000
satirical	0	0	1	0	0.999999
vacations	0	0	1	0	0.999999
oc	1	1	5	0	1.000000
eagle	0	1	1	0	0.999999
receipt	0	1	39	0	1.000000
mod	4	0	99	0	1.000000
sickest	0	0	1	0	0.999999
delivery	0	1	6	0	1.000000
uschi	0	0	1	0	0.999999
frank	0	0	7	0	1.000000
tank	0	1	2	0	1.000000
been	0	1	4	0	1.000000
xii	4	1	1	0	0.999999
ini	4	1	9	0	1.000000
windsor	0	1	2	0	1.000000
htn	2	1	1	0	0.999999
bible	0	0	1	0	0.999999
rightaggregating	0	1	1	0	0.999999
ow	3	1	7	0	1.000000
washed	0	0	2	0	1.000000
encryptionsoftware	0	0	1	0	0.999999
deliveries	0	1	1	0	0.999999
vtgg	0	0	1	0	0.999999
freedom	0	0	13	0	1.000000
ros	0	1	1	0	0.999999
demonstrations	0	0	1	0	0.999999
eve	2	0	31	0	1.000000
rso	2	1	2	0	1.000000
donc	0	0	1	0	0.999999
assistance	0	1	5	0	1.000000
kat	2	1	1	0	0.999999
encyclopedia	0	0	11	0	1.000000
testify	0	0	1	0	0.999999
concours	0	0	2	0	1.000000
relative	0	0	2	0	1.000000
rei	4	1	3	0	1.000000
picturesque	0	0	1	0	0.999999
national	0	1	50	0	1.000000
obo	0	1	1	0	0.999999
nth	2	1	1	0	0.999999
cha	4	0	293	0	1.000000
gps	0	1	1	0	0.999999
hum	2	1	1	0	0.999999
fantasy	0	1	1	0	0.999999
hemisphere	0	1	2	0	1.000000
relapse	0	1	1	0	0.999999
dbz	4	1	2	0	1.000000
leading	0	1	1	0	0.999999
puar	0	0	1	0	0.999999
bullet	0	0	1	0	0.999999
co	1	0	27	0	1.000000
gunn	0	0	1	0	0.999999
jeg	4	0	1	0	0.999999
kep	4	0	14	0	1.000000
bulk	0	0	1	0	0.999999
habitats	0	0	3	0	1.000000
anthropology	0	1	1	0	0.999999
often	0	0	23	0	1.000000
omn	4	1	1	0	0.999999
preview	0	1	1	0	0.999999
abi	4	1	2	0	1.000000
sunaturals	0	1	1	0	0.999999
accredited	0	0	3	0	1.000000
odfice	0	0	1	0	0.999999
ahm	4	1	1	0	0.999999
extend	0	0	1	0	0.999999
sor	2	0	11	0	1.000000
recreation	0	1	3	0	1.000000
farewell	0	0	4	0	1.000000
sneak	0	0	4	0	1.000000
party	0	1	9	0	1.000000
researchs	0	1	1	0	0.999999
wydawnictwa	0	1	1	0	0.999999
tutorial	0	1	1	0	0.999999
akt	4	0	1	0	0.999999
intel	0	1	1	0	0.999999
ove	2	0	113	0	1.000000
hie	2	1	6	0	1.000000
ilk	2	0	3	0	1.000000
bz	3	0	1	0	0.999999
wolf	0	1	2	0	1.000000
bromley	0	1	1	0	0.999999
shy	2	0	2	0	1.000000
hindustan	0	1	1	0	0.999999
junk	0	0	1	0	0.999999
dividends	0	0	2	0	1.000000
sind	0	0	2	0	1.000000
analysis	0	0	18	0	1.000000
footing	0	0	1	0	0.999999
ag	0	0	3	0	1.000000
issues	0	1	3	0	1.000000
vans	0	0	2	0	1.000000
upar	0	0	1	0	0.999999
grooved	0	0	1	0	0.999999
varit	0	0	2	0	1.000000
ysh	2	1	1	0	0.999999
cti	2	1	4	0	1.000000
liquid	0	1	1	0	0.999999
usb	0	1	2	0	1.000000
semi	0	0	2	0	1.000000
mar	4	1	149	0	1.000000
ag	2	1	1	0	0.999999
defaultexpanded	0	1	1	0	0.999999
get	2	1	69	0	1.000000
apple	0	0	2	0	1.000000
bey	4	0	7	0	1.000000
subconscious	0	0	1	0	0.999999
rt	1	1	183	0	1.000000
animation	0	0	2	0	1.000000
kg	0	0	9	0	1.000000
cams	0	0	2	0	1.000000
amplia	0	1	1	0	0.999999
th	2	0	54	0	1.000000
nyc	0	0	1	0	0.999999
we	1	0	208	0	1.000000
lone	0	1	1	0	0.999999
owning	0	0	1	0	0.999999
wen	4	0	18	0	1.000000
handmade	0	0	1	0	0.999999
brv	4	0	1	0	0.999999
ddrive	0	0	1	0	0.999999
bee	4	0	173	0	1.000000
exc	0	0	1	0	0.999999
couch	0	1	1	0	0.999999
limited	0	0	23	0	1.000000
options	0	1	3	0	1.000000
vas	4	0	7	0	1.000000
fiber	0	0	1	0	0.999999
henry	0	0	1	0	0.999999
sharing	0	1	3	0	1.000000
xn	3	0	1	0	0.999999
ely	4	0	1	0	0.999999
nn	1	1	23	0	1.000000
dec	0	1	83	0	1.000000
classes	0	0	6	0	1.000000
usrr	0	1	1	0	0.999999
cick	0	1	3	0	1.000000
groodies	0	0	1	0	0.999999
wed	0	1	4	0	1.000000
possessing	0	0	1	0	0.999999
touring	0	0	2	0	1.000000
bas	2	1	1	0	0.999999
dedication	0	0	2	0	1.000000
rhythm	0	0	1	0	0.999999
yel	4	0	6	0	1.000000
xec	4	1	2	0	1.000000
ele	4	0	47	0	1.000000
developement	0	0	2	0	1.000000
booth	0	1	1	0	0.999999
rie	2	0	9	0	1.000000
mon	0	0	11	0	1.000000
peten	0	1	1	0	0.999999
leo	0	0	2	0	1.000000
won	2	0	14	0	1.000000
gif	2	1	2	0	1.000000
predominated	0	0	1	0	0.999999
comprise	0	0	1	0	0.999999
breathtaking	0	0	1	0	0.999999
finch	0	1	1	0	0.999999
desborough	0	1	1	0	0.999999
si	3	1	198	0	1.000000
sketches	0	0	3	0	1.000000
trwy	0	0	1	0	0.999999
tic	4	0	13	0	1.000000
settlementin	0	1	1	0	0.999999
lus	4	1	1	0	0.999999
mit	2	0	51	0	1.000000
lubaantun	0	1	1	0	0.999999
trail	0	0	4	0	1.000000
onc	2	1	2	0	1.000000
amh	2	0	1	0	0.999999
kikuchi	0	0	1	0	0.999999
boo	4	1	28	0	1.000000
twin	0	1	2	0	1.000000
kwh	4	1	1	0	0.999999
whenever	0	0	8	0	1.000000
sceal	0	1	1	0	0.999999
trends	0	0	2	0	1.000000
co	2	1	23	0	1.000000
bringing	0	0	4	0	1.000000
privately	0	0	2	0	1.000000
teja	0	0	1	0	0.999999
paying	0	0	1	0	0.999999
zb	1	0	1	0	0.999999
lulu	0	1	1	0	0.999999
rac	2	1	1	0	0.999999
ove	4	0	123	0	1.000000
dollar	0	0	4	0	1.000000
agradar	0	0	1	0	0.999999
fl	1	0	2	0	1.000000
maharashtra	0	1	1	0	0.999999
darobian	0	1	1	0	0.999999
vp	1	0	3	0	1.000000
sheeted	0	0	1	0	0.999999
mage	0	1	1	0	0.999999
ce	2	1	9	0	1.000000
ool	2	0	56	0	1.000000
link	0	0	54	0	1.000000
stelae	0	0	1	0	0.999999
settlementdesigned	0	1	1	0	0.999999
gun	4	0	2	0	1.000000
hum	4	0	126	0	1.000000
hacked	0	0	1	0	0.999999
via	2	0	39	0	1.000000
couple	0	0	16	0	1.000000
calculate	0	1	3	0	1.000000
polyethylene	0	1	1	0	0.999999
douglassville	0	0	1	0	0.999999
boy	4	1	6	0	1.000000
cobia	0	0	1	0	0.999999
smj	4	0	1	0	0.999999
qualified	0	1	3	0	1.000000
departure	0	0	3	0	1.000000
dupe	0	0	1	0	0.999999
abs	2	1	2	0	1.000000
twice	0	0	2	0	1.000000
qu	1	1	3	0	1.000000
oob	2	1	1	0	0.999999
peu	4	0	9	0	1.000000
transported	0	0	1	0	0.999999
prescription	0	0	4	0	1.000000
leonardo	0	1	1	0	0.999999
me	3	0	546	0	1.000000
charge	0	0	7	0	1.000000
rwa	4	1	5	0	1.000000
upgraded	0	0	1	0	0.999999
concerning	0	0	1	0	0.999999
banquet	0	0	1	0	0.999999
sav	4	1	13	0	1.000000
dakota	0	0	6	0	1.000000
nontimber	0	0	1	0	0.999999
med	2	0	82	0	1.000000
reminded	0	0	4	0	1.000000
nursery	0	0	2	0	1.000000
shopping	0	1	1	0	0.999999
submitting	0	0	1	0	0.999999
dce	0	0	1	0	0.999999
weblogbest	0	1	2	0	1.000000
wy	3	0	5	0	1.000000
smie	0	0	1	0	0.999999
comrtais	0	0	1	0	0.999999
tak	2	0	6	0	1.000000
frequencies	0	0	2	0	1.000000
ire	4	0	2	0	1.000000
rgg	2	1	2	0	1.000000
jordan	0	1	2	0	1.000000
instantly	0	0	6	0	1.000000
brochure	0	1	3	0	1.000000
directorate	0	1	4	0	1.000000
belgian	0	1	1	0	0.999999
excusive	0	0	1	0	0.999999
atk	4	0	2	0	1.000000
ers	2	1	327	0	1.000000
will	0	0	426	0	1.000000
em	3	0	155	0	1.000000
we	3	1	262	0	1.000000
hac	4	1	7	0	1.000000
res	2	0	188	0	1.000000
connecting	0	0	1	0	0.999999
modify	0	1	5	0	1.000000
ely	2	1	13	0	1.000000
men	2	0	62	0	1.000000
ppt	4	0	2	0	1.000000
ori	2	1	5	0	1.000000
ybe	2	0	7	0	1.000000
dx	3	1	6	0	1.000000
paulson	0	0	1	0	0.999999
arrays	0	0	1	0	0.999999
identifiers	0	0	1	0	0.999999
plasma	0	0	2	0	1.000000
cmp	0	0	1	0	0.999999
ag	3	1	105	0	1.000000
problema	0	0	1	0	0.999999
mention	0	0	4	0	1.000000
cookbooks	0	1	1	0	0.999999
cit	4	0	65	0	1.000000
wed	2	1	4	0	1.000000
tim	4	1	23	0	1.000000
covers	0	1	3	0	1.000000
thesole	0	0	1	0	0.999999
colors	0	1	7	0	1.000000
rt	2	1	1	0	0.999999
removal	0	1	1	0	0.999999
ids	2	0	13	0	1.000000
proponga	0	0	2	0	1.000000
ubi	4	0	1	0	0.999999
mur	4	0	5	0	1.000000
aja	4	1	2	0	1.000000
further	0	0	14	0	1.000000
pump	0	0	1	0	0.999999
vans	0	1	1	0	0.999999
xx	1	0	1	0	0.999999
gu	3	0	217	0	1.000000
pumas	0	1	1	0	0.999999
providing	0	0	23	0	1.000000
calmer	0	0	1	0	0.999999
guzman	0	0	1	0	0.999999
cur	4	0	75	0	1.000000
bia	4	0	1	0	0.999999
bey	2	1	2	0	1.000000
mugen	0	1	1	0	0.999999
grant	0	1	1	0	0.999999
obed	0	1	1	0	0.999999
uls	2	1	1	0	0.999999
dis	4	0	212	0	1.000000
awesomely	0	0	1	0	0.999999
termos	0	0	1	0	0.999999
si	1	1	13	0	1.000000
horseshoe	0	0	1	0	0.999999
qualified	0	0	3	0	1.000000
mandated	0	1	7	0	1.000000
deve	0	1	3	0	1.000000
forthe	0	0	1	0	0.999999
heraldus	0	1	1	0	0.999999
via	0	0	34	0	1.000000
corsica	0	1	2	0	1.000000
atlaseducational	0	1	1	0	0.999999
cacking	0	0	1	0	0.999999
unsustainable	0	0	1	0	0.999999
slip	0	0	2	0	1.000000
ntr	2	1	1	0	0.999999
averaging	0	0	2	0	1.000000
ward	0	0	2	0	1.000000
isandsinges	0	1	1	0	0.999999
med	4	0	48	0	1.000000
bruges	0	1	1	0	0.999999
wowinterface	0	1	1	0	0.999999
wise	0	1	1	0	0.999999
golld	0	0	1	0	0.999999
seasonal	0	0	2	0	1.000000
singer	0	1	1	0	0.999999
type	0	1	17	0	1.000000
sul	2	0	2	0	1.000000
riggs	0	1	1	0	0.999999
onc	4	0	39	0	1.000000
sin	2	1	9	0	1.000000
ce	0	1	9	0	1.000000
wreck	0	0	2	0	1.000000
mafia	0	1	1	0	0.999999
unfulfilled	0	0	1	0	0.999999
lai	4	1	1	0	0.999999
inconvenience	0	0	1	0	0.999999
fou	4	1	30	0	1.000000
ug	1	0	36	0	1.000000
rnt	0	0	1	0	0.999999
thesis	0	0	1	0	0.999999
ce	1	0	848	0	1.000000
ritaorange	0	1	1	0	0.999999
got	4	1	9	0	1.000000
vey	2	1	30	0	1.000000
audio	0	0	17	0	1.000000
iba	0	0	1	0	0.999999
female	0	1	5	0	1.000000
ori	4	1	20	0	1.000000
nx	1	0	15	0	1.000000
hide	0	0	2	0	1.000000
meals	0	0	1	0	0.999999
servers	0	1	15	0	1.000000
oev	2	0	1	0	0.999999
rhp	0	1	1	0	0.999999
sin	4	0	86	0	1.000000
horrified	0	0	1	0	0.999999
suscr	0	1	1	0	0.999999
