needs	0	1	2	0	1.000000
glover	0	1	8	0	1.000000
thunderbird	0	1	1	0	0.999999
vaey	0	1	2	0	1.000000
ell	2	1	39	0	1.000000
nvel	0	0	1	0	0.999999
vir	4	0	12	0	1.000000
hyp	4	0	4	0	1.000000
controllers	0	0	3	0	1.000000
hq	3	1	12	0	1.000000
menu	0	1	4	0	1.000000
tinguely	0	1	2	0	1.000000
keven	0	1	1	0	0.999999
reads	0	1	1	0	0.999999
docet	0	0	1	0	0.999999
nip	2	0	1	0	0.999999
budget	0	0	7	0	1.000000
llo	4	0	1	0	0.999999
radioactive	0	1	5	0	1.000000
gua	4	0	21	0	1.000000
ont	2	1	54	0	1.000000
ann	2	0	8	0	1.000000
ps	0	0	1	0	0.999999
womb	0	0	1	0	0.999999
morgue	0	0	1	0	0.999999
account	0	1	8	0	1.000000
attractive	0	1	1	0	0.999999
bigtarget	0	1	14	0	1.000000
siraj	0	1	1	0	0.999999
abundant	0	0	2	0	1.000000
bifurcated	0	0	1	0	0.999999
k	0	0	29	0	1.000000
per	4	0	431	0	1.000000
assign	0	0	3	0	1.000000
xinye	0	1	11	0	1.000000
u	0	1	85	0	1.000000
damaris	0	1	1	0	0.999999
updated	0	1	6	0	1.000000
flame	0	0	1	0	0.999999
eum	2	1	5	0	1.000000
boing	0	1	4	0	1.000000
trafic	0	0	1	0	0.999999
ten	0	0	12	0	1.000000
eck	2	1	18	0	1.000000
august	0	1	22	0	1.000000
presentations	0	0	2	0	1.000000
uss	2	1	4	0	1.000000
maidaa	0	1	2	0	1.000000
left	0	0	69	0	1.000000
afraid	0	1	1	0	0.999999
prestige	0	0	1	0	0.999999
canines	0	0	1	0	0.999999
martyrology	0	1	2	0	1.000000
wrong	0	1	3	0	1.000000
wou	4	0	114	0	1.000000
dad	4	1	8	0	1.000000
scott	0	0	1	0	0.999999
cb	1	1	6	0	1.000000
timeemail	0	0	1	0	0.999999
viewing	0	0	15	0	1.000000
rifles	0	0	2	0	1.000000
corrected	0	1	15	0	1.000000
lm	1	0	19	0	1.000000
blur	0	0	1	0	0.999999
oum	2	1	1	0	0.999999
fid	4	0	6	0	1.000000
fro	4	0	648	0	1.000000
irl	2	0	8	0	1.000000
typically	0	0	4	0	1.000000
hep	2	0	7	0	1.000000
saul	0	1	1	0	0.999999
aabama	0	1	1	0	0.999999
bap	2	1	1	0	0.999999
jo	3	0	124	0	1.000000
wl	1	0	2	0	1.000000
wurk	0	0	1	0	0.999999
brav	0	1	1	0	0.999999
lve	2	1	2	0	1.000000
javascript	0	0	3	0	1.000000
anchoring	0	0	2	0	1.000000
nature	0	1	4	0	1.000000
mestizo	0	1	1	0	0.999999
worng	0	1	1	0	0.999999
por	4	0	73	0	1.000000
det	4	1	12	0	1.000000
managerphone	0	1	1	0	0.999999
mother	0	1	2	0	1.000000
nightgown	0	0	1	0	0.999999
clubs	0	1	2	0	1.000000
amy	2	0	3	0	1.000000
programa	0	0	1	0	0.999999
recognition	0	1	1	0	0.999999
ass	0	0	6	0	1.000000
ax	3	1	1	0	0.999999
inquiries	0	0	2	0	1.000000
donate	0	0	2	0	1.000000
adem	0	0	1	0	0.999999
gh	1	1	75	0	1.000000
xun	4	1	7	0	1.000000
things	0	0	50	0	1.000000
danger	0	0	3	0	1.000000
ad	1	1	160	0	1.000000
emulator	0	1	2	0	1.000000
nerf	0	1	2	0	1.000000
na	1	0	130	0	1.000000
an	3	1	341	0	1.000000
fav	0	0	2	0	1.000000
upstairs	0	0	3	0	1.000000
poh	0	0	1	0	0.999999
vessels	0	1	1	0	0.999999
lle	2	1	18	0	1.000000
ujh	2	0	1	0	0.999999
orders	0	0	8	0	1.000000
nna	2	0	40	0	1.000000
way	2	1	29	0	1.000000
fi	2	1	1	0	0.999999
popularity	0	0	1	0	0.999999
informationifusers	0	1	1	0	0.999999
those	0	1	9	0	1.000000
lap	4	0	2	0	1.000000
specify	0	0	5	0	1.000000
made	0	0	79	0	1.000000
skeptic	0	1	1	0	0.999999
implantological	0	0	2	0	1.000000
koerante	0	1	2	0	1.000000
xmb	4	1	1	0	0.999999
surface	0	1	2	0	1.000000
nda	4	0	5	0	1.000000
tah	2	1	2	0	1.000000
hop	0	0	4	0	1.000000
rta	2	1	9	0	1.000000
viadu	0	0	1	0	0.999999
place	0	1	3	0	1.000000
lives	0	0	5	0	1.000000
digart	0	0	1	0	0.999999
te	3	1	218	0	1.000000
procrastinator	0	1	1	0	0.999999
bradley	0	1	1	0	0.999999
cust	0	0	2	0	1.000000
dan	2	0	6	0	1.000000
anytime	0	0	3	0	1.000000
ten	4	1	12	0	1.000000
herman	0	1	3	0	1.000000
architecture	0	0	2	0	1.000000
dallas	0	1	2	0	1.000000
prick	0	0	1	0	0.999999
sai	4	1	8	0	1.000000
press	0	0	8	0	1.000000
damaged	0	0	2	0	1.000000
packages	0	0	7	0	1.000000
tex	4	0	70	0	1.000000
mandatory	0	1	3	0	1.000000
defiance	0	1	3	0	1.000000
ebb	4	1	1	0	0.999999
perspectives	0	1	5	0	1.000000
harley	0	1	1	0	0.999999
saphitic	0	0	1	0	0.999999
abbozzo	0	0	1	0	0.999999
serials	0	1	1	0	0.999999
spousal	0	1	1	0	0.999999
awe	2	1	3	0	1.000000
supply	0	1	4	0	1.000000
hop	4	1	3	0	1.000000
kn	3	1	14	0	1.000000
edt	0	1	2	0	1.000000
libyamap	0	1	1	0	0.999999
pleasing	0	0	2	0	1.000000
pul	4	0	11	0	1.000000
sundays	0	1	2	0	1.000000
suidae	0	1	1	0	0.999999
xax	4	1	1	0	0.999999
xybyrlyr	0	1	1	0	0.999999
assured	0	1	1	0	0.999999
snappper	0	0	1	0	0.999999
ty	1	1	406	0	1.000000
rg	1	1	14	0	1.000000
cb	2	0	1	0	0.999999
rcish	0	0	1	0	0.999999
chinook	0	1	4	0	1.000000
ted	4	1	2	0	1.000000
bri	4	0	47	0	1.000000
micr	0	1	1	0	0.999999
describeany	0	0	1	0	0.999999
invest	0	0	1	0	0.999999
pilipinas	0	1	1	0	0.999999
agent	0	0	7	0	1.000000
regains	0	1	1	0	0.999999
ennio	0	1	2	0	1.000000
if	1	0	214	0	1.000000
esy	2	1	1	0	0.999999
jazz	0	1	1	0	0.999999
autogrill	0	1	1	0	0.999999
voting	0	0	4	0	1.000000
social	0	1	5	0	1.000000
et	2	0	73	0	1.000000
scholars	0	0	3	0	1.000000
integrate	0	0	1	0	0.999999
duals	0	1	1	0	0.999999
primariy	0	0	1	0	0.999999
mv	1	1	1	0	0.999999
da	2	1	14	0	1.000000
uce	2	1	1	0	0.999999
adem	0	1	1	0	0.999999
aug	2	1	10	0	1.000000
filmed	0	1	1	0	0.999999
learned	0	1	1	0	0.999999
pegar	0	0	1	0	0.999999
niners	0	1	1	0	0.999999
nbc	2	1	2	0	1.000000
errorstr	0	1	1	0	0.999999
disputes	0	0	1	0	0.999999
boomers	0	0	1	0	0.999999
ass	4	1	48	0	1.000000
award	0	0	7	0	1.000000
cou	4	0	290	0	1.000000
guidelines	0	0	4	0	1.000000
oma	2	0	8	0	1.000000
justificationg	0	0	1	0	0.999999
davey	0	0	2	0	1.000000
fargo	0	0	14	0	1.000000
catoctin	0	0	1	0	0.999999
toss	0	0	2	0	1.000000
online	0	1	41	0	1.000000
add	0	1	9	0	1.000000
reaptor	0	0	1	0	0.999999
ock	2	1	42	0	1.000000
pounds	0	0	8	0	1.000000
pho	4	0	59	0	1.000000
nu	3	0	146	0	1.000000
vel	2	1	33	0	1.000000
nte	4	0	2	0	1.000000
baptist	0	1	1	0	0.999999
twink	0	1	1	0	0.999999
nu	2	0	1	0	0.999999
slapped	0	0	1	0	0.999999
latam	0	1	11	0	1.000000
dipping	0	0	1	0	0.999999
wv	1	1	3	0	1.000000
residents	0	0	4	0	1.000000
sarit	0	0	1	0	0.999999
ceardlanna	0	0	1	0	0.999999
xa	3	1	9	0	1.000000
twelve	0	0	5	0	1.000000
partita	0	0	1	0	0.999999
gh	3	1	3	0	1.000000
ext	4	0	82	0	1.000000
manufacturer	0	0	3	0	1.000000
drivers	0	0	5	0	1.000000
an	1	0	1337	0	1.000000
ad	2	1	13	0	1.000000
net	4	1	50	0	1.000000
halting	0	0	1	0	0.999999
igc	2	0	1	0	0.999999
fictitious	0	0	1	0	0.999999
may	4	0	117	0	1.000000
ath	0	0	1	0	0.999999
qua	2	1	1	0	0.999999
srb	4	0	1	0	0.999999
management	0	0	18	0	1.000000
birdwatcher	0	0	2	0	1.000000
sincair	0	1	1	0	0.999999
hawk	0	0	3	0	1.000000
explainedyear	0	1	1	0	0.999999
amar	0	1	1	0	0.999999
process	0	1	2	0	1.000000
vap	4	1	1	0	0.999999
k	0	1	37	0	1.000000
intuitive	0	0	1	0	0.999999
ont	4	0	12	0	1.000000
ius	2	0	3	0	1.000000
erf	2	1	3	0	1.000000
ground	0	1	2	0	1.000000
ud	3	0	5	0	1.000000
ebb	2	1	1	0	0.999999
spoilers	0	0	1	0	0.999999
thetraining	0	1	1	0	0.999999
mfied	0	0	2	0	1.000000
these	0	1	30	0	1.000000
experiment	0	0	5	0	1.000000
jams	0	0	1	0	0.999999
heads	0	0	1	0	0.999999
underwater	0	1	2	0	1.000000
dna	2	0	1	0	0.999999
psx	2	1	1	0	0.999999
ml	1	0	10	0	1.000000
cuts	0	0	1	0	0.999999
christina	0	0	1	0	0.999999
rings	0	0	3	0	1.000000
dzi	4	1	1	0	0.999999
variables	0	0	1	0	0.999999
zi	3	1	9	0	1.000000
ume	2	0	8	0	1.000000
vivaldi	0	1	1	0	0.999999
oma	4	0	4	0	1.000000
rep	0	1	3	0	1.000000
promised	0	0	2	0	1.000000
isk	2	0	14	0	1.000000
idaho	0	1	1	0	0.999999
jen	4	0	1	0	0.999999
et	2	1	16	0	1.000000
begin	0	1	1	0	0.999999
victorious	0	0	1	0	0.999999
xty	2	0	1	0	0.999999
awe	0	1	3	0	1.000000
blo	2	0	1	0	0.999999
if	2	0	210	0	1.000000
ell	4	1	1	0	0.999999
germany	0	1	10	0	1.000000
inset	0	0	1	0	0.999999
sey	2	1	1	0	0.999999
thu	2	1	25	0	1.000000
arrived	0	0	5	0	1.000000
dame	0	1	1	0	0.999999
caed	0	0	4	0	1.000000
eos	0	1	1	0	0.999999
tami	0	1	1	0	0.999999
wondering	0	0	2	0	1.000000
studying	0	0	5	0	1.000000
backing	0	0	1	0	0.999999
tru	4	1	49	0	1.000000
cote	0	1	2	0	1.000000
tah	0	0	1	0	0.999999
gh	0	0	1	0	0.999999
contend	0	0	1	0	0.999999
keyb	0	0	1	0	0.999999
dedicated	0	1	1	0	0.999999
worldofwarcraft	0	0	1	0	0.999999
surface	0	0	7	0	1.000000
if	0	1	163	0	1.000000
memory	0	0	6	0	1.000000
improvethe	0	0	1	0	0.999999
zi	0	0	1	0	0.999999
fla	2	1	1	0	0.999999
pin	2	0	4	0	1.000000
intermediate	0	0	6	0	1.000000
tunic	0	0	1	0	0.999999
lm	3	1	2	0	1.000000
sp	0	0	1	0	0.999999
deceived	0	0	2	0	1.000000
wv	1	0	1	0	0.999999
gritty	0	0	1	0	0.999999
wetland	0	0	2	0	1.000000
bc	1	1	23	0	1.000000
dad	2	1	8	0	1.000000
refreshment	0	0	1	0	0.999999
cl	1	0	1	0	0.999999
inp	4	0	9	0	1.000000
double	0	0	6	0	1.000000
afb	4	0	2	0	1.000000
journalisme	0	1	1	0	0.999999
barras	0	1	1	0	0.999999
ski	4	1	6	0	1.000000
roseville	0	0	1	0	0.999999
inlets	0	0	2	0	1.000000
art	2	0	175	0	1.000000
hpgl	0	1	6	0	1.000000
browsing	0	0	2	0	1.000000
ichating	0	0	2	0	1.000000
twenty	0	0	6	0	1.000000
wea	4	1	4	0	1.000000
mao	2	1	1	0	0.999999
unique	0	1	3	0	1.000000
group	0	0	18	0	1.000000
bw	3	0	1	0	0.999999
librariesown	0	0	2	0	1.000000
ame	2	0	350	0	1.000000
percy	0	1	1	0	0.999999
opponent	0	0	4	0	1.000000
interests	0	0	8	0	1.000000
nda	2	1	26	0	1.000000
nbc	4	1	2	0	1.000000
pre	0	0	7	0	1.000000
sylvi	0	1	3	0	1.000000
patience	0	0	1	0	0.999999
challenger	0	1	1	0	0.999999
merrill	0	0	2	0	1.000000
pirate	0	0	1	0	0.999999
give	0	0	35	0	1.000000
ema	4	0	55	0	1.000000
vc	0	1	1	0	0.999999
zin	4	0	3	0	1.000000
brice	0	0	1	0	0.999999
tur	4	0	34	0	1.000000
tra	0	1	2	0	1.000000
baboon	0	1	1	0	0.999999
vol	4	1	6	0	1.000000
seo	0	0	1	0	0.999999
ont	2	0	47	0	1.000000
chr	0	0	1	0	0.999999
ps	0	1	12	0	1.000000
und	4	1	23	0	1.000000
promise	0	0	3	0	1.000000
pletchoes	0	0	1	0	0.999999
pyramidal	0	0	1	0	0.999999
namespace	0	0	2	0	1.000000
kerry	0	1	1	0	0.999999
finishing	0	0	2	0	1.000000
gr	3	1	166	0	1.000000
mundo	0	0	3	0	1.000000
spn	2	1	1	0	0.999999
skin	0	1	1	0	0.999999
assign	0	1	7	0	1.000000
ycu	2	1	1	0	0.999999
birdsif	0	1	1	0	0.999999
itt	2	0	3	0	1.000000
cue	2	1	3	0	1.000000
ann	4	0	51	0	1.000000
un	2	1	6	0	1.000000
updated	0	0	10	0	1.000000
quotations	0	0	1	0	0.999999
unn	2	1	1	0	0.999999
an	0	0	381	0	1.000000
craphonso	0	0	1	0	0.999999
conditioners	0	0	1	0	0.999999
gic	2	0	27	0	1.000000
oj	3	0	1	0	0.999999
louisiana	0	1	2	0	1.000000
esprant	0	0	2	0	1.000000
airport	0	0	2	0	1.000000
pal	0	0	1	0	0.999999
founder	0	0	1	0	0.999999
injured	0	0	3	0	1.000000
firmware	0	1	1	0	0.999999
yll	2	0	1	0	0.999999
cl	1	1	6	0	1.000000
and	2	1	371	0	1.000000
graduated	0	0	2	0	1.000000
to	3	1	363	0	1.000000
pla	4	0	417	0	1.000000
meet	0	0	45	0	1.000000
wou	4	1	6	0	1.000000
stalled	0	0	1	0	0.999999
giza	0	1	1	0	0.999999
grassroots	0	0	1	0	0.999999
said	0	0	47	0	1.000000
wrong	0	0	4	0	1.000000
successfully	0	0	2	0	1.000000
elv	4	1	6	0	1.000000
minded	0	0	3	0	1.000000
add	4	0	194	0	1.000000
blatantly	0	0	1	0	0.999999
fro	4	1	36	0	1.000000
mou	4	1	11	0	1.000000
engadget	0	1	1	0	0.999999
explicitly	0	0	2	0	1.000000
keenest	0	0	1	0	0.999999
dlc	4	1	1	0	0.999999
bir	4	1	26	0	1.000000
je	2	1	9	0	1.000000
listings	0	0	5	0	1.000000
drawer	0	0	1	0	0.999999
tst	2	1	1	0	0.999999
trace	0	0	2	0	1.000000
apl	4	1	2	0	1.000000
lc	2	1	2	0	1.000000
phe	2	0	1	0	0.999999
released	0	0	9	0	1.000000
invalid	0	0	1	0	0.999999
transcripts	0	1	1	0	0.999999
raliquid	0	1	1	0	0.999999
twain	0	0	1	0	0.999999
seed	0	0	1	0	0.999999
opposite	0	0	4	0	1.000000
foldschool	0	1	1	0	0.999999
showgroundsbelmopan	0	1	1	0	0.999999
terminate	0	0	1	0	0.999999
weshare	0	1	1	0	0.999999
centri	0	1	1	0	0.999999
ml	2	0	1	0	0.999999
nud	2	0	2	0	1.000000
blankly	0	0	1	0	0.999999
mother	0	0	13	0	1.000000
sfx	2	1	1	0	0.999999
aremade	0	0	1	0	0.999999
da	3	1	190	0	1.000000
trip	0	1	2	0	1.000000
nna	4	0	2	0	1.000000
hep	0	0	7	0	1.000000
phy	2	0	20	0	1.000000
carefulto	0	0	5	0	1.000000
hpe	4	1	10	0	1.000000
gua	2	0	2	0	1.000000
anx	4	0	1	0	0.999999
hgeland	0	1	1	0	0.999999
rq	1	0	1	0	0.999999
ton	2	1	97	0	1.000000
cati	0	0	1	0	0.999999
explanation	0	0	1	0	0.999999
nan	2	1	2	0	1.000000
fix	2	0	6	0	1.000000
spd	0	1	1	0	0.999999
things	0	1	18	0	1.000000
reverted	0	1	2	0	1.000000
asi	2	1	1	0	0.999999
oes	2	1	9	0	1.000000
totals	0	0	6	0	1.000000
ont	4	1	15	0	1.000000
shanika	0	0	1	0	0.999999
legs	0	0	5	0	1.000000
surprisingly	0	0	3	0	1.000000
proficiency	0	0	1	0	0.999999
does	0	0	43	0	1.000000
upstairs	0	1	1	0	0.999999
announce	0	1	1	0	0.999999
mountain	0	0	2	0	1.000000
ace	4	0	4	0	1.000000
orders	0	1	1	0	0.999999
pourraient	0	0	2	0	1.000000
rep	4	0	157	0	1.000000
cgi	2	1	2	0	1.000000
xml	2	1	1	0	0.999999
submarines	0	0	1	0	0.999999
made	0	1	1	0	0.999999
premium	0	1	1	0	0.999999
quiz	0	0	1	0	0.999999
disk	0	1	1	0	0.999999
www	2	1	2	0	1.000000
seeing	0	0	10	0	1.000000
wing	0	1	1	0	0.999999
detaining	0	0	1	0	0.999999
nogrip	0	1	2	0	1.000000
eph	4	0	1	0	0.999999
dan	2	1	6	0	1.000000
eso	2	1	6	0	1.000000
eca	2	0	1	0	0.999999
avtomatics	0	0	1	0	0.999999
court	0	0	11	0	1.000000
quot	0	0	202	0	1.000000
complaining	0	0	1	0	0.999999
william	0	1	2	0	1.000000
jungle	0	0	12	0	1.000000
gr	3	0	357	0	1.000000
spotlights	0	0	1	0	0.999999
strength	0	0	1	0	0.999999
nda	2	0	15	0	1.000000
uem	2	1	1	0	0.999999
lov	4	0	68	0	1.000000
imposed	0	0	1	0	0.999999
mb	1	0	10	0	1.000000
sas	2	1	37	0	1.000000
klik	0	1	1	0	0.999999
supply	0	0	18	0	1.000000
streetmarine	0	1	1	0	0.999999
philippines	0	1	2	0	1.000000
hospitals	0	0	2	0	1.000000
calls	0	0	8	0	1.000000
global	0	1	27	0	1.000000
iki	2	0	2	0	1.000000
utr	4	1	1	0	0.999999
patents	0	0	1	0	0.999999
scrap	0	1	1	0	0.999999
water	0	1	12	0	1.000000
wok	4	0	1	0	0.999999
digimapordnance	0	1	1	0	0.999999
teaches	0	0	2	0	1.000000
legal	0	1	4	0	1.000000
lizbona	0	1	1	0	0.999999
eminem	0	1	1	0	0.999999
iz	1	0	10	0	1.000000
cultures	0	0	4	0	1.000000
said	0	1	1	0	0.999999
compared	0	0	2	0	1.000000
darkmoon	0	0	1	0	0.999999
rg	1	0	30	0	1.000000
olv	4	0	2	0	1.000000
aoc	0	1	1	0	0.999999
agent	0	1	5	0	1.000000
applications	0	1	4	0	1.000000
jon	4	0	2	0	1.000000
scream	0	0	1	0	0.999999
aug	0	1	8	0	1.000000
amo	4	0	36	0	1.000000
for	0	0	1516	0	1.000000
lol	2	1	2	0	1.000000
original	0	0	31	0	1.000000
bhs	2	0	1	0	0.999999
markedly	0	0	1	0	0.999999
lby	2	0	5	0	1.000000
uffizi	0	1	1	0	0.999999
obtaining	0	0	5	0	1.000000
araw	0	0	2	0	1.000000
traveled	0	0	2	0	1.000000
accommodate	0	0	4	0	1.000000
keptup	0	0	1	0	0.999999
voting	0	1	15	0	1.000000
declamation	0	0	1	0	0.999999
spd	4	0	1	0	0.999999
electricity	0	0	2	0	1.000000
rift	0	0	1	0	0.999999
cou	2	1	2	0	1.000000
markets	0	0	5	0	1.000000
enciclopdia	0	0	1	0	0.999999
emilia	0	0	1	0	0.999999
direct	0	0	13	0	1.000000
mv	1	0	4	0	1.000000
entrepreneur	0	0	1	0	0.999999
nun	4	0	3	0	1.000000
force	0	1	5	0	1.000000
award	0	1	3	0	1.000000
mcc	4	0	2	0	1.000000
civilazation	0	1	1	0	0.999999
oma	2	1	2	0	1.000000
governing	0	0	1	0	0.999999
lowering	0	0	1	0	0.999999
ass	4	0	96	0	1.000000
talents	0	0	1	0	0.999999
issouth	0	0	1	0	0.999999
steer	0	0	1	0	0.999999
projection	0	0	1	0	0.999999
diagnostic	0	0	1	0	0.999999
pho	4	1	51	0	1.000000
designed	0	0	28	0	1.000000
comentario	0	0	1	0	0.999999
power	0	1	11	0	1.000000
owa	2	0	1	0	0.999999
net	2	1	47	0	1.000000
quand	0	0	3	0	1.000000
ssa	4	0	1	0	0.999999
timefaq	0	0	1	0	0.999999
robina	0	1	1	0	0.999999
ssmiddy	0	0	1	0	0.999999
rsv	4	1	1	0	0.999999
ace	2	0	129	0	1.000000
knight	0	1	4	0	1.000000
drivers	0	1	2	0	1.000000
rinko	0	0	1	0	0.999999
inf	2	1	2	0	1.000000
fin	4	0	192	0	1.000000
gh	3	0	3	0	1.000000
ume	4	1	1	0	0.999999
wait	0	1	1	0	0.999999
nowan	0	1	1	0	0.999999
sus	2	1	18	0	1.000000
tyd	4	1	2	0	1.000000
escaped	0	0	2	0	1.000000
nsf	4	0	2	0	1.000000
rigid	0	1	2	0	1.000000
qua	2	0	2	0	1.000000
judge	0	1	1	0	0.999999
fal	4	1	7	0	1.000000
fav	4	1	8	0	1.000000
reimbursable	0	0	4	0	1.000000
infeliz	0	0	1	0	0.999999
descripti	0	0	2	0	1.000000
discussi	0	0	1	0	0.999999
cgi	4	1	2	0	1.000000
rdq	4	0	5	0	1.000000
ipss	0	0	1	0	0.999999
correlations	0	0	1	0	0.999999
qua	4	0	53	0	1.000000
people	0	1	9	0	1.000000
employees	0	0	8	0	1.000000
odes	0	0	1	0	0.999999
credit	0	1	1	0	0.999999
patterns	0	0	4	0	1.000000
roots	0	0	1	0	0.999999
sitebest	0	1	1	0	0.999999
srb	2	0	1	0	0.999999
ceux	0	0	2	0	1.000000
und	2	0	202	0	1.000000
dan	0	1	2	0	1.000000
find	0	1	33	0	1.000000
vol	4	0	24	0	1.000000
smetic	0	0	1	0	0.999999
bly	2	0	27	0	1.000000
bodyguard	0	1	1	0	0.999999
wao	4	1	1	0	0.999999
rings	0	1	1	0	0.999999
uco	2	0	1	0	0.999999
leb	4	1	1	0	0.999999
tulare	0	1	1	0	0.999999
artheritis	0	0	1	0	0.999999
per	0	0	74	0	1.000000
msrcury	0	0	1	0	0.999999
bel	2	0	5	0	1.000000
letters	0	1	4	0	1.000000
enable	0	0	6	0	1.000000
jen	4	1	2	0	1.000000
mao	4	1	1	0	0.999999
hg	1	1	2	0	1.000000
mig	2	0	1	0	0.999999
passionate	0	0	1	0	0.999999
countyhmrd	0	0	1	0	0.999999
lcd	4	1	2	0	1.000000
might	0	0	29	0	1.000000
typeof	0	0	4	0	1.000000
scales	0	0	2	0	1.000000
ux	1	0	13	0	1.000000
pin	4	1	9	0	1.000000
talkin	0	0	1	0	0.999999
cue	4	1	2	0	1.000000
pal	2	1	19	0	1.000000
aafe	0	0	1	0	0.999999
ducts	0	0	4	0	1.000000
problemas	0	0	1	0	0.999999
if	0	0	210	0	1.000000
defended	0	0	1	0	0.999999
print	0	1	7	0	1.000000
gh	0	1	2	0	1.000000
sexy	0	1	5	0	1.000000
foreshore	0	1	1	0	0.999999
hil	2	0	1	0	0.999999
phe	4	1	3	0	1.000000
nasal	0	0	1	0	0.999999
desperate	0	0	1	0	0.999999
epr	2	1	1	0	0.999999
mangos	0	0	1	0	0.999999
surgery	0	0	17	0	1.000000
humps	0	1	1	0	0.999999
afb	0	0	2	0	1.000000
evv	4	1	1	0	0.999999
homestays	0	0	1	0	0.999999
mao	0	1	1	0	0.999999
adding	0	1	1	0	0.999999
sp	0	1	6	0	1.000000
injustices	0	0	1	0	0.999999
pgia	0	1	2	0	1.000000
lnicoln	0	0	1	0	0.999999
inp	4	1	1	0	0.999999
execute	0	0	1	0	0.999999
contributed	0	0	3	0	1.000000
posel	0	1	1	0	0.999999
escape	0	1	1	0	0.999999
eio	2	1	1	0	0.999999
medical	0	0	6	0	1.000000
supplement	0	0	2	0	1.000000
asi	4	0	4	0	1.000000
poh	2	0	1	0	0.999999
greenville	0	0	2	0	1.000000
deere	0	0	1	0	0.999999
bioventing	0	1	1	0	0.999999
suitable	0	0	2	0	1.000000
cl	2	1	2	0	1.000000
group	0	1	7	0	1.000000
aco	4	0	2	0	1.000000
ame	2	1	54	0	1.000000
midstory	0	0	2	0	1.000000
estonia	0	1	1	0	0.999999
ted	2	0	865	0	1.000000
du	1	1	4	0	1.000000
movement	0	0	4	0	1.000000
cinderea	0	1	1	0	0.999999
xa	1	1	1	0	0.999999
not	2	0	341	0	1.000000
du	0	0	10	0	1.000000
ralky	0	0	1	0	0.999999
personally	0	1	1	0	0.999999
fi	1	1	1	0	0.999999
vc	2	0	1	0	0.999999
llo	2	0	7	0	1.000000
art	0	0	31	0	1.000000
nk	1	0	136	0	1.000000
worldly	0	0	1	0	0.999999
da	1	1	93	0	1.000000
give	0	1	3	0	1.000000
integrate	0	1	1	0	0.999999
fct	2	0	1	0	0.999999
mpensati	0	1	1	0	0.999999
unesco	0	1	2	0	1.000000
fenetre	0	0	1	0	0.999999
ps	1	0	264	0	1.000000
break	0	0	10	0	1.000000
conservation	0	0	6	0	1.000000
na	3	0	330	0	1.000000
buf	4	1	1	0	0.999999
tha	4	1	57	0	1.000000
gjerde	0	1	2	0	1.000000
fry	2	1	1	0	0.999999
valgte	0	1	1	0	0.999999
uga	4	1	1	0	0.999999
captives	0	0	1	0	0.999999
shuddup	0	1	1	0	0.999999
und	4	0	126	0	1.000000
delay	0	1	1	0	0.999999
historian	0	0	1	0	0.999999
nty	2	0	36	0	1.000000
watches	0	1	1	0	0.999999
ansi	0	1	2	0	1.000000
material	0	1	6	0	1.000000
catching	0	0	3	0	1.000000
itt	2	1	4	0	1.000000
rating	0	1	5	0	1.000000
gaa	4	0	1	0	0.999999
atlases	0	1	1	0	0.999999
sks	2	0	7	0	1.000000
dispenser	0	0	1	0	0.999999
till	0	0	6	0	1.000000
gic	2	1	6	0	1.000000
flu	4	0	4	0	1.000000
privacystatement	0	0	1	0	0.999999
klas	0	1	1	0	0.999999
et	0	1	16	0	1.000000
sp	3	1	188	0	1.000000
ud	2	0	5	0	1.000000
not	0	0	317	0	1.000000
headache	0	0	2	0	1.000000
diary	0	0	4	0	1.000000
dip	2	0	1	0	0.999999
programming	0	0	7	0	1.000000
and	2	0	4241	0	1.000000
net	0	0	20	0	1.000000
oum	4	1	1	0	0.999999
fabric	0	1	2	0	1.000000
ovelrand	0	0	1	0	0.999999
manually	0	0	1	0	0.999999
contemplant	0	0	1	0	0.999999
extender	0	0	1	0	0.999999
sublet	0	0	2	0	1.000000
rpe	4	1	1	0	0.999999
wife	0	0	9	0	1.000000
income	0	0	2	0	1.000000
mapsreasonably	0	1	1	0	0.999999
wbsva	0	1	1	0	0.999999
mpackage	0	1	1	0	0.999999
mou	4	0	41	0	1.000000
sink	0	0	1	0	0.999999
abstracts	0	1	5	0	1.000000
da	0	1	14	0	1.000000
casibo	0	0	1	0	0.999999
bir	4	0	93	0	1.000000
bol	4	1	3	0	1.000000
zul	4	0	1	0	0.999999
reddened	0	0	2	0	1.000000
tru	4	0	82	0	1.000000
rewarding	0	0	3	0	1.000000
plan	0	1	4	0	1.000000
laminate	0	0	1	0	0.999999
grants	0	0	18	0	1.000000
wheat	0	0	1	0	0.999999
awe	4	0	8	0	1.000000
summer	0	0	10	0	1.000000
appicati	0	0	1	0	0.999999
original	0	1	5	0	1.000000
itt	4	0	1	0	0.999999
seo	4	0	1	0	0.999999
russische	0	1	1	0	0.999999
resources	0	0	27	0	1.000000
structured	0	0	10	0	1.000000
pulldown	0	0	1	0	0.999999
teach	0	1	1	0	0.999999
scientific	0	0	7	0	1.000000
utensils	0	0	1	0	0.999999
cases	0	0	12	0	1.000000
suppy	0	0	2	0	1.000000
fugro	0	1	1	0	0.999999
hta	2	1	1	0	0.999999
highy	0	0	1	0	0.999999
dataa	0	1	1	0	0.999999
thatinformation	0	0	1	0	0.999999
fix	2	1	1	0	0.999999
proprietary	0	0	1	0	0.999999
memory	0	1	1	0	0.999999
hotels	0	0	12	0	1.000000
andrich	0	1	1	0	0.999999
matthews	0	0	3	0	1.000000
designed	0	1	1	0	0.999999
affecting	0	0	1	0	0.999999
beast	0	1	3	0	1.000000
belizebelizean	0	1	1	0	0.999999
lynkeus	0	1	1	0	0.999999
usshould	0	1	1	0	0.999999
dmitry	0	1	2	0	1.000000
flux	0	1	1	0	0.999999
consumerbestir	0	1	1	0	0.999999
fct	4	0	1	0	0.999999
months	0	0	38	0	1.000000
practical	0	1	1	0	0.999999
enj	4	1	4	0	1.000000
uss	2	0	4	0	1.000000
drop	0	1	6	0	1.000000
ip	2	0	3	0	1.000000
abstractly	0	0	1	0	0.999999
baker	0	1	1	0	0.999999
settlement	0	0	73	0	1.000000
shade	0	0	1	0	0.999999
fodr	0	0	1	0	0.999999
nonprofit	0	0	2	0	1.000000
remixes	0	0	1	0	0.999999
zal	2	1	7	0	1.000000
lle	2	0	30	0	1.000000
urt	2	1	7	0	1.000000
roumanians	0	1	1	0	0.999999
deviant	0	1	5	0	1.000000
seeing	0	1	2	0	1.000000
farmall	0	1	1	0	0.999999
india	0	1	7	0	1.000000
flcl	0	1	2	0	1.000000
freshwater	0	0	4	0	1.000000
sumtimes	0	0	1	0	0.999999
tracy	0	0	1	0	0.999999
definitely	0	0	5	0	1.000000
eso	2	0	1	0	0.999999
ski	2	1	7	0	1.000000
available	0	1	6	0	1.000000
below	0	0	79	0	1.000000
acts	0	0	2	0	1.000000
habitat	0	0	5	0	1.000000
abode	0	0	1	0	0.999999
germinsky	0	1	1	0	0.999999
ann	0	0	8	0	1.000000
hasselhoff	0	1	1	0	0.999999
allotments	0	0	1	0	0.999999
elb	4	1	1	0	0.999999
court	0	1	7	0	1.000000
yes	4	0	12	0	1.000000
shea	0	0	1	0	0.999999
vob	0	1	1	0	0.999999
zwt	4	0	1	0	0.999999
ath	2	1	27	0	1.000000
vineyards	0	0	2	0	1.000000
anteriormente	0	0	1	0	0.999999
valley	0	0	2	0	1.000000
gr	0	0	2	0	1.000000
frankenmuth	0	0	1	0	0.999999
tightly	0	1	1	0	0.999999
sp	1	0	682	0	1.000000
cao	2	0	1	0	0.999999
agu	4	0	22	0	1.000000
porn	0	1	1	0	0.999999
blend	0	0	1	0	0.999999
emergency	0	0	4	0	1.000000
buoy	0	0	4	0	1.000000
fi	3	1	256	0	1.000000
an	2	1	25	0	1.000000
slovniky	0	0	1	0	0.999999
ass	2	1	30	0	1.000000
applications	0	0	5	0	1.000000
phen	0	1	3	0	1.000000
wattzon	0	1	1	0	0.999999
tra	4	0	294	0	1.000000
for	0	1	193	0	1.000000
zul	2	0	1	0	0.999999
reset	0	1	1	0	0.999999
truth	0	0	7	0	1.000000
purity	0	0	1	0	0.999999
to	1	0	3272	0	1.000000
botswanamap	0	1	1	0	0.999999
small	0	1	4	0	1.000000
xu	3	0	1	0	0.999999
hyp	4	1	3	0	1.000000
lition	0	1	1	0	0.999999
unspeakable	0	0	1	0	0.999999
tients	0	0	2	0	1.000000
yment	0	0	4	0	1.000000
downtownsupreme	0	1	1	0	0.999999
ud	1	0	18	0	1.000000
dad	0	1	7	0	1.000000
hall	0	1	2	0	1.000000
lectures	0	0	2	0	1.000000
cou	2	0	1	0	0.999999
basicsize	0	0	4	0	1.000000
ton	4	0	18	0	1.000000
mcc	4	1	1	0	0.999999
given	0	0	17	0	1.000000
worshipper	0	0	5	0	1.000000
feeswith	0	1	1	0	0.999999
rep	2	0	1	0	0.999999
yes	4	1	8	0	1.000000
trees	0	0	7	0	1.000000
conduits	0	1	1	0	0.999999
alp	4	1	6	0	1.000000
dk	2	0	1	0	0.999999
cl	3	0	378	0	1.000000
isights	0	1	1	0	0.999999
swimming	0	1	1	0	0.999999
nte	2	0	27	0	1.000000
soo	4	0	19	0	1.000000
nan	4	0	4	0	1.000000
owa	2	1	1	0	0.999999
atoned	0	0	1	0	0.999999
smugglers	0	0	1	0	0.999999
gather	0	0	5	0	1.000000
slog	0	0	1	0	0.999999
herons	0	0	3	0	1.000000
zwt	2	0	1	0	0.999999
rganizati	0	0	3	0	1.000000
rrealtor	0	0	1	0	0.999999
kids	0	1	8	0	1.000000
vel	4	1	3	0	1.000000
isto	0	0	2	0	1.000000
essences	0	1	16	0	1.000000
naghahayag	0	0	1	0	0.999999
lly	2	1	78	0	1.000000
accumulates	0	0	25	0	1.000000
island	0	1	24	0	1.000000
ot	1	1	55	0	1.000000
cea	4	0	3	0	1.000000
fix	0	1	1	0	0.999999
crawl	0	0	1	0	0.999999
nuovo	0	0	1	0	0.999999
inf	2	0	7	0	1.000000
yam	4	1	1	0	0.999999
following	0	0	61	0	1.000000
postcards	0	1	2	0	1.000000
dwv	0	1	1	0	0.999999
smiling	0	0	2	0	1.000000
sus	2	0	12	0	1.000000
ten	0	1	1	0	0.999999
zin	4	1	1	0	0.999999
aow	2	1	1	0	0.999999
syst	0	1	1	0	0.999999
launch	0	1	2	0	1.000000
secks	0	0	1	0	0.999999
isa	2	1	4	0	1.000000
zemin	0	1	1	0	0.999999
dif	4	1	2	0	1.000000
wants	0	0	1	0	0.999999
sektion	0	1	1	0	0.999999
companies	0	1	14	0	1.000000
judge	0	0	5	0	1.000000
sympathy	0	0	3	0	1.000000
seo	2	0	1	0	0.999999
trolling	0	0	3	0	1.000000
tumbler	0	0	1	0	0.999999
being	0	0	47	0	1.000000
harvey	0	1	1	0	0.999999
wowstatus	0	0	1	0	0.999999
to	2	0	3046	0	1.000000
cgi	4	0	1	0	0.999999
plan	0	0	27	0	1.000000
cl	0	1	2	0	1.000000
jo	1	1	2	0	1.000000
celebrations	0	0	1	0	0.999999
ees	2	0	37	0	1.000000
und	2	1	32	0	1.000000
turn	0	1	1	0	0.999999
fighter	0	0	1	0	0.999999
federico	0	1	1	0	0.999999
stupid	0	0	6	0	1.000000
je	3	1	34	0	1.000000
ski	0	1	1	0	0.999999
dxfs	0	1	1	0	0.999999
leb	4	0	1	0	0.999999
remember	0	0	20	0	1.000000
nip	4	0	1	0	0.999999
replacing	0	0	1	0	0.999999
onhistory	0	1	1	0	0.999999
farms	0	0	2	0	1.000000
boulder	0	1	3	0	1.000000
engines	0	0	3	0	1.000000
srb	0	0	1	0	0.999999
bauer	0	1	1	0	0.999999
proceedings	0	0	3	0	1.000000
hg	1	0	1	0	0.999999
tha	2	1	7	0	1.000000
sheet	0	1	5	0	1.000000
asiasourceresource	0	1	1	0	0.999999
animated	0	1	1	0	0.999999
fewer	0	0	1	0	0.999999
ethnicity	0	1	2	0	1.000000
na	1	1	139	0	1.000000
ent	4	1	53	0	1.000000
na	2	1	13	0	1.000000
focused	0	0	2	0	1.000000
alone	0	0	11	0	1.000000
susanne	0	1	2	0	1.000000
namibiamap	0	1	1	0	0.999999
pub	0	1	2	0	1.000000
dance	0	1	4	0	1.000000
lcd	0	1	2	0	1.000000
pro	2	1	11	0	1.000000
deck	0	0	2	0	1.000000
ulf	2	1	2	0	1.000000
pin	4	0	6	0	1.000000
borads	0	0	1	0	0.999999
intervention	0	0	3	0	1.000000
sexy	0	0	11	0	1.000000
llega	0	0	2	0	1.000000
ext	2	1	15	0	1.000000
gau	4	0	3	0	1.000000
print	0	0	7	0	1.000000
forecasting	0	0	1	0	0.999999
ad	0	0	19	0	1.000000
hta	2	0	2	0	1.000000
appearing	0	0	10	0	1.000000
cordless	0	1	1	0	0.999999
specializingin	0	0	1	0	0.999999
hil	4	1	15	0	1.000000
ref	0	1	1	0	0.999999
antique	0	0	3	0	1.000000
employed	0	0	1	0	0.999999
maggiori	0	0	1	0	0.999999
hpe	2	1	10	0	1.000000
agame	0	0	1	0	0.999999
encompasses	0	0	1	0	0.999999
christian	0	1	4	0	1.000000
reception	0	0	1	0	0.999999
tend	0	0	4	0	1.000000
unload	0	0	1	0	0.999999
dot	2	1	1	0	0.999999
museumy	0	0	1	0	0.999999
obstacle	0	0	1	0	0.999999
seen	0	0	17	0	1.000000
mark	0	1	4	0	1.000000
jaguarundis	0	1	1	0	0.999999
ip	3	0	4	0	1.000000
perked	0	0	1	0	0.999999
frightening	0	0	1	0	0.999999
boobies	0	0	4	0	1.000000
bm	1	0	3	0	1.000000
gadgets	0	1	2	0	1.000000
keri	0	1	1	0	0.999999
premiere	0	0	2	0	1.000000
seemly	0	0	1	0	0.999999
small	0	0	39	0	1.000000
art	4	0	115	0	1.000000
while	0	0	59	0	1.000000
ski	0	0	2	0	1.000000
pogo	0	1	1	0	0.999999
seams	0	0	1	0	0.999999
structured	0	1	1	0	0.999999
tra	2	0	18	0	1.000000
butt	0	0	1	0	0.999999
llo	2	1	17	0	1.000000
opened	0	0	14	0	1.000000
definitelly	0	0	1	0	0.999999
rop	2	1	7	0	1.000000
ame	4	0	19	0	1.000000
nk	1	1	259	0	1.000000
du	0	1	1	0	0.999999
vc	2	1	1	0	0.999999
mpensati	0	0	1	0	0.999999
ud	1	1	7	0	1.000000
writings	0	0	1	0	0.999999
faceplate	0	1	1	0	0.999999
ps	1	1	120	0	1.000000
modeling	0	1	2	0	1.000000
nux	2	1	7	0	1.000000
marketplace	0	0	2	0	1.000000
drift	0	0	4	0	1.000000
uncomfortable	0	0	1	0	0.999999
lol	0	1	2	0	1.000000
kokila	0	1	1	0	0.999999
mea	4	1	14	0	1.000000
enigma	0	0	2	0	1.000000
feudal	0	0	1	0	0.999999
fledge	0	0	1	0	0.999999
brilliant	0	0	2	0	1.000000
intrusion	0	0	1	0	0.999999
dwv	2	1	1	0	0.999999
myk	4	0	1	0	0.999999
filestored	0	0	1	0	0.999999
tha	4	0	860	0	1.000000
ble	4	0	7	0	1.000000
occurred	0	0	5	0	1.000000
mean	0	1	1	0	0.999999
connais	0	0	1	0	0.999999
passing	0	1	1	0	0.999999
ad	3	1	206	0	1.000000
todd	0	1	1	0	0.999999
delay	0	0	1	0	0.999999
det	2	1	3	0	1.000000
tne	2	1	1	0	0.999999
tales	0	1	1	0	0.999999
verdii	0	0	1	0	0.999999
ell	0	0	1	0	0.999999
apl	2	0	1	0	0.999999
sure	0	0	38	0	1.000000
student	0	1	1	0	0.999999
ax	0	1	1	0	0.999999
unn	2	0	1	0	0.999999
prevented	0	1	1	0	0.999999
nanaimo	0	0	1	0	0.999999
absorbents	0	1	2	0	1.000000
forany	0	0	1	0	0.999999
properties	0	0	1	0	0.999999
hamlet	0	1	1	0	0.999999
landscape	0	1	2	0	1.000000
pelos	0	0	1	0	0.999999
tti	2	1	6	0	1.000000
traits	0	0	1	0	0.999999
difference	0	0	8	0	1.000000
mara	0	0	1	0	0.999999
onj	2	0	1	0	0.999999
ath	4	0	4	0	1.000000
introduce	0	0	1	0	0.999999
ones	0	1	2	0	1.000000
simons	0	1	1	0	0.999999
frequently	0	0	7	0	1.000000
shark	0	1	3	0	1.000000
dan	4	0	37	0	1.000000
un	3	1	231	0	1.000000
chilly	0	0	1	0	0.999999
bellow	0	1	1	0	0.999999
cou	0	1	1	0	0.999999
suspended	0	0	2	0	1.000000
ipn	2	1	1	0	0.999999
aught	0	0	1	0	0.999999
gsm	0	1	1	0	0.999999
hellrider	0	0	1	0	0.999999
depressed	0	0	3	0	1.000000
dip	0	0	1	0	0.999999
ears	0	0	3	0	1.000000
and	0	0	3922	0	1.000000
msg	4	0	1	0	0.999999
bol	4	0	5	0	1.000000
jql	4	0	4	0	1.000000
awe	4	1	4	0	1.000000
jqln	0	0	4	0	1.000000
mhic	0	1	1	0	0.999999
slands	0	0	2	0	1.000000
hat	4	1	4	0	1.000000
sunshine	0	0	1	0	0.999999
incuding	0	0	4	0	1.000000
seo	4	1	4	0	1.000000
trusses	0	1	1	0	0.999999
oll	2	0	6	0	1.000000
cases	0	1	1	0	0.999999
garden	0	0	4	0	1.000000
wea	4	0	37	0	1.000000
teach	0	0	4	0	1.000000
ext	0	1	2	0	1.000000
vadia	0	0	1	0	0.999999
editi	0	0	1	0	0.999999
tter	0	0	1	0	0.999999
img	4	0	4	0	1.000000
oberlin	0	1	1	0	0.999999
sp	2	0	1	0	0.999999
campgrounds	0	0	1	0	0.999999
wanted	0	0	17	0	1.000000
wb	3	1	1	0	0.999999
lir	0	0	1	0	0.999999
believes	0	0	5	0	1.000000
checks	0	0	2	0	1.000000
rispettando	0	0	1	0	0.999999
cheat	0	0	3	0	1.000000
gsm	4	1	1	0	0.999999
analysisi	0	0	1	0	0.999999
upl	4	0	8	0	1.000000
fab	4	1	153	0	1.000000
te	1	0	1157	0	1.000000
human	0	1	6	0	1.000000
frameworks	0	0	1	0	0.999999
commandsto	0	0	5	0	1.000000
features	0	0	25	0	1.000000
newgoogvar	0	1	5	0	1.000000
stella	0	1	1	0	0.999999
riv	4	0	26	0	1.000000
vw	1	1	2	0	1.000000
lpa	2	1	1	0	0.999999
ty	3	0	71	0	1.000000
por	4	1	35	0	1.000000
combined	0	0	3	0	1.000000
mb	0	1	6	0	1.000000
nbc	0	1	2	0	1.000000
michae	0	1	1	0	0.999999
oras	0	0	1	0	0.999999
ty	2	0	2	0	1.000000
enj	4	0	28	0	1.000000
shade	0	1	1	0	0.999999
nkn	2	0	1	0	0.999999
amy	4	0	3	0	1.000000
diabolus	0	1	1	0	0.999999
timbre	0	0	1	0	0.999999
doesn	0	0	11	0	1.000000
ass	2	0	45	0	1.000000
veranstaltungen	0	1	1	0	0.999999
te	2	0	23	0	1.000000
acima	0	0	1	0	0.999999
harbors	0	1	1	0	0.999999
rodeo	0	1	1	0	0.999999
elbow	0	1	1	0	0.999999
possibility	0	0	1	0	0.999999
add	2	1	21	0	1.000000
rectangle	0	0	1	0	0.999999
sera	0	0	1	0	0.999999
banks	0	0	6	0	1.000000
murder	0	1	1	0	0.999999
futbonyj	0	1	1	0	0.999999
fry	4	1	3	0	1.000000
brings	0	0	1	0	0.999999
lov	2	0	2	0	1.000000
mb	3	1	1	0	0.999999
rightunited	0	1	1	0	0.999999
yourself	0	1	3	0	1.000000
obb	2	1	1	0	0.999999
passports	0	1	1	0	0.999999
creature	0	0	1	0	0.999999
sixty	0	0	1	0	0.999999
nna	2	1	19	0	1.000000
being	0	1	5	0	1.000000
disastrous	0	0	1	0	0.999999
elb	4	0	2	0	1.000000
coda	0	0	1	0	0.999999
operating	0	0	7	0	1.000000
sz	3	0	1	0	0.999999
user	0	1	23	0	1.000000
eac	4	0	60	0	1.000000
ath	2	0	60	0	1.000000
buildinga	0	1	1	0	0.999999
scorso	0	0	1	0	0.999999
agu	4	1	2	0	1.000000
dps	0	0	1	0	0.999999
settings	0	0	26	0	1.000000
ip	0	1	6	0	1.000000
iepirkaans	0	1	1	0	0.999999
soit	0	0	2	0	1.000000
an	2	0	381	0	1.000000
eingefhrten	0	0	1	0	0.999999
classifiecs	0	0	1	0	0.999999
bri	4	1	42	0	1.000000
plu	4	1	10	0	1.000000
site	0	1	20	0	1.000000
trusts	0	0	1	0	0.999999
ruledragon	0	1	1	0	0.999999
mortadela	0	0	1	0	0.999999
pre	0	1	4	0	1.000000
notify	0	0	1	0	0.999999
possibility	0	1	5	0	1.000000
mystique	0	1	5	0	1.000000
grd	2	1	1	0	0.999999
afb	2	0	2	0	1.000000
wishing	0	0	3	0	1.000000
isand	0	1	2	0	1.000000
swat	0	1	1	0	0.999999
rta	4	1	1	0	0.999999
ent	2	0	882	0	1.000000
hall	0	0	2	0	1.000000
esy	2	0	3	0	1.000000
psx	0	1	1	0	0.999999
update	0	1	6	0	1.000000
cean	0	0	1	0	0.999999
given	0	1	2	0	1.000000
hg	3	1	1	0	0.999999
advancements	0	0	1	0	0.999999
known	0	0	34	0	1.000000
knew	0	0	12	0	1.000000
liche	0	0	1	0	0.999999
darkness	0	0	1	0	0.999999
cooperation	0	0	1	0	0.999999
participating	0	0	3	0	1.000000
gather	0	1	10	0	1.000000
lc	0	1	2	0	1.000000
solitude	0	0	2	0	1.000000
stripper	0	0	1	0	0.999999
eam	2	0	30	0	1.000000
ted	0	1	2	0	1.000000
disclaimer	0	1	33	0	1.000000
ful	4	1	13	0	1.000000
delight	0	0	3	0	1.000000
gazetteer	0	0	1	0	0.999999
writenovember	0	1	1	0	0.999999
edits	0	0	5	0	1.000000
brake	0	1	1	0	0.999999
eac	0	0	1	0	0.999999
kids	0	0	12	0	1.000000
meu	4	1	1	0	0.999999
gog	4	0	1	0	0.999999
regarding	0	0	19	0	1.000000
proofs	0	0	1	0	0.999999
proctor	0	1	1	0	0.999999
island	0	0	87	0	1.000000
pfg	4	1	1	0	0.999999
kinds	0	0	15	0	1.000000
ax	1	0	27	0	1.000000
associates	0	1	1	0	0.999999
sf	0	1	6	0	1.000000
an	1	1	613	0	1.000000
hpe	0	1	10	0	1.000000
rumbleshot	0	0	1	0	0.999999
waterfalls	0	0	2	0	1.000000
kis	2	0	1	0	0.999999
paints	0	0	1	0	0.999999
birth	0	0	6	0	1.000000
emergence	0	0	1	0	0.999999
tar	0	1	1	0	0.999999
mouth	0	0	8	0	1.000000
listen	0	1	2	0	1.000000
guineamap	0	1	2	0	1.000000
zer	4	0	6	0	1.000000
aire	0	0	1	0	0.999999
way	0	0	105	0	1.000000
un	3	0	410	0	1.000000
inf	4	0	338	0	1.000000
wasnt	0	0	3	0	1.000000
modern	0	0	16	0	1.000000
dvdshrink	0	1	3	0	1.000000
federa	0	1	1	0	0.999999
timber	0	0	2	0	1.000000
unload	0	1	5	0	1.000000
identified	0	0	4	0	1.000000
ten	2	0	72	0	1.000000
bw	1	0	1	0	0.999999
bromobenzyl	0	1	5	0	1.000000
parker	0	1	1	0	0.999999
uga	2	1	1	0	0.999999
cke	2	0	1	0	0.999999
isa	4	1	3	0	1.000000
cb	0	0	1	0	0.999999
candiani	0	1	1	0	0.999999
trip	0	0	22	0	1.000000
un	1	0	122	0	1.000000
see	4	1	40	0	1.000000
coloca	0	0	1	0	0.999999
underwater	0	0	4	0	1.000000
dot	4	1	2	0	1.000000
ml	1	1	14	0	1.000000
hop	2	0	16	0	1.000000
winchelsea	0	1	1	0	0.999999
constants	0	0	1	0	0.999999
atr	4	0	3	0	1.000000
nip	4	1	1	0	0.999999
suvaniears	0	0	1	0	0.999999
mig	4	0	46	0	1.000000
wjite	0	0	1	0	0.999999
vitae	0	0	1	0	0.999999
pre	2	0	15	0	1.000000
vsh	4	1	1	0	0.999999
betroths	0	1	1	0	0.999999
toinformation	0	0	1	0	0.999999
chile	0	1	1	0	0.999999
animated	0	0	2	0	1.000000
gh	2	0	1	0	0.999999
clown	0	1	1	0	0.999999
nurse	0	0	1	0	0.999999
streetnational	0	1	2	0	1.000000
rpe	2	0	2	0	1.000000
fav	2	0	2	0	1.000000
acy	2	1	17	0	1.000000
sinnamon	0	1	12	0	1.000000
virginio	0	1	1	0	0.999999
franklin	0	1	2	0	1.000000
et	3	0	44	0	1.000000
ceengineering	0	1	2	0	1.000000
aga	4	1	6	0	1.000000
anyway	0	1	1	0	0.999999
yam	4	0	2	0	1.000000
roseate	0	0	2	0	1.000000
darling	0	0	2	0	1.000000
asnumber	0	0	1	0	0.999999
faving	0	0	1	0	0.999999
malawi	0	1	1	0	0.999999
peak	0	0	2	0	1.000000
bev	4	0	3	0	1.000000
iuav	0	1	1	0	0.999999
monk	0	0	1	0	0.999999
pigot	0	1	1	0	0.999999
yale	0	1	1	0	0.999999
settlementb	0	1	1	0	0.999999
yj	1	1	1	0	0.999999
categorized	0	0	1	0	0.999999
erste	0	1	1	0	0.999999
episode	0	0	2	0	1.000000
antique	0	1	2	0	1.000000
hunt	0	0	2	0	1.000000
sweetness	0	0	1	0	0.999999
notado	0	0	1	0	0.999999
oeuvres	0	0	1	0	0.999999
hil	4	0	4	0	1.000000
unn	4	0	2	0	1.000000
vermint	0	0	2	0	1.000000
dell	0	0	1	0	0.999999
poh	4	0	1	0	0.999999
nan	0	0	1	0	0.999999
irving	0	1	1	0	0.999999
congregate	0	0	1	0	0.999999
christian	0	0	6	0	1.000000
promo	0	0	2	0	1.000000
albeit	0	0	1	0	0.999999
examples	0	0	6	0	1.000000
draenor	0	1	1	0	0.999999
xte	2	1	1	0	0.999999
rehoming	0	0	1	0	0.999999
treasure	0	0	2	0	1.000000
statistical	0	1	2	0	1.000000
art	4	1	78	0	1.000000
sui	4	0	15	0	1.000000
highly	0	1	1	0	0.999999
snowboard	0	1	1	0	0.999999
for	4	0	1786	0	1.000000
ema	2	1	2	0	1.000000
treadway	0	1	1	0	0.999999
closethe	0	0	1	0	0.999999
zi	3	0	5	0	1.000000
tra	2	1	19	0	1.000000
deferent	0	1	1	0	0.999999
fla	4	0	52	0	1.000000
pelicans	0	0	1	0	0.999999
certainly	0	0	9	0	1.000000
rg	3	1	3	0	1.000000
ema	4	1	11	0	1.000000
nud	4	0	27	0	1.000000
bc	3	0	2	0	1.000000
nests	0	0	2	0	1.000000
darkside	0	0	1	0	0.999999
doll	0	1	1	0	0.999999
tur	4	1	17	0	1.000000
grown	0	0	2	0	1.000000
aesthetics	0	0	2	0	1.000000
flip	0	0	1	0	0.999999
may	2	0	100	0	1.000000
named	0	0	14	0	1.000000
inf	0	1	1	0	0.999999
ofr	4	0	3	0	1.000000
ot	3	0	216	0	1.000000
mandolins	0	0	1	0	0.999999
offers	0	0	28	0	1.000000
lol	0	0	6	0	1.000000
yie	4	0	4	0	1.000000
ble	4	1	3	0	1.000000
helbest	0	0	1	0	0.999999
fix	4	0	14	0	1.000000
lbe	2	1	1	0	0.999999
fotografias	0	0	2	0	1.000000
windshield	0	0	1	0	0.999999
fake	0	1	1	0	0.999999
passing	0	0	6	0	1.000000
sokleides	0	1	1	0	0.999999
nigel	0	1	1	0	0.999999
next	0	1	6	0	1.000000
apl	2	1	1	0	0.999999
det	2	0	3	0	1.000000
massacre	0	0	2	0	1.000000
indescribably	0	0	1	0	0.999999
ann	4	1	26	0	1.000000
ax	0	0	1	0	0.999999
sia	2	1	28	0	1.000000
macros	0	0	2	0	1.000000
practical	0	0	2	0	1.000000
student	0	0	15	0	1.000000
tugtar	0	0	1	0	0.999999
airport	0	1	3	0	1.000000
sf	3	1	1	0	0.999999
psx	4	1	1	0	0.999999
stretch	0	0	2	0	1.000000
cgi	0	1	2	0	1.000000
dun	4	0	1	0	0.999999
properties	0	1	1	0	0.999999
contacts	0	1	12	0	1.000000
harvesting	0	0	1	0	0.999999
nothing	0	1	2	0	1.000000
rubbing	0	0	1	0	0.999999
gsm	2	1	1	0	0.999999
see	2	1	37	0	1.000000
biological	0	1	1	0	0.999999
kaspersky	0	0	1	0	0.999999
ath	4	1	4	0	1.000000
scores	0	1	15	0	1.000000
ell	2	0	151	0	1.000000
guriazinhas	0	0	1	0	0.999999
oys	2	1	1	0	0.999999
nu	0	0	1	0	0.999999
add	4	1	104	0	1.000000
abnormally	0	1	1	0	0.999999
sus	0	1	3	0	1.000000
dan	4	1	36	0	1.000000
bosflo	0	1	1	0	0.999999
ten	2	1	14	0	1.000000
lifetime	0	1	1	0	0.999999
budget	0	1	1	0	0.999999
vc	1	1	42	0	1.000000
bap	4	1	1	0	0.999999
ius	2	1	5	0	1.000000
dip	0	1	1	0	0.999999
influential	0	0	1	0	0.999999
wv	0	0	1	0	0.999999
tempests	0	0	1	0	0.999999
irreemplazable	0	1	1	0	0.999999
phe	2	1	1	0	0.999999
arcadia	0	1	1	0	0.999999
encyclopaedia	0	0	1	0	0.999999
advertised	0	0	1	0	0.999999
mou	2	0	2	0	1.000000
tristan	0	0	2	0	1.000000
bob	0	1	2	0	1.000000
broker	0	1	1	0	0.999999
stein	0	1	1	0	0.999999
por	2	0	10	0	1.000000
lvo	0	0	1	0	0.999999
boards	0	1	1	0	0.999999
competition	0	0	3	0	1.000000
revolution	0	0	3	0	1.000000
flexibility	0	0	1	0	0.999999
beginning	0	0	16	0	1.000000
enforces	0	0	1	0	0.999999
junge	0	1	1	0	0.999999
husy	0	1	1	0	0.999999
protecting	0	0	4	0	1.000000
lateral	0	0	2	0	1.000000
lve	4	1	1	0	0.999999
settlement	0	1	3	0	1.000000
usually	0	0	21	0	1.000000
grupo	0	1	1	0	0.999999
hat	0	1	1	0	0.999999
sony	0	1	1	0	0.999999
incredible	0	0	12	0	1.000000
opr	4	1	3	0	1.000000
ext	0	0	3	0	1.000000
osaka	0	1	1	0	0.999999
credit	0	0	10	0	1.000000
warhol	0	1	1	0	0.999999
recorders	0	1	1	0	0.999999
uis	2	0	8	0	1.000000
handicapped	0	0	1	0	0.999999
piglet	0	0	1	0	0.999999
largenetwork	0	0	1	0	0.999999
scientists	0	1	1	0	0.999999
prend	0	0	1	0	0.999999
pyr	4	1	1	0	0.999999
per	0	1	1	0	0.999999
ties	0	0	1	0	0.999999
hangar	0	1	2	0	1.000000
peaceful	0	0	5	0	1.000000
finding	0	0	5	0	1.000000
seeger	0	1	1	0	0.999999
isk	4	0	1	0	0.999999
nouveaux	0	0	1	0	0.999999
www	4	0	53	0	1.000000
cats	0	0	1	0	0.999999
contained	0	0	13	0	1.000000
watchman	0	0	1	0	0.999999
rep	4	1	64	0	1.000000
lir	2	0	1	0	0.999999
critiques	0	0	2	0	1.000000
lincoln	0	1	40	0	1.000000
tit	2	0	2	0	1.000000
nbc	0	0	1	0	0.999999
prospects	0	0	1	0	0.999999
buz	4	0	1	0	0.999999
doesn	0	1	2	0	1.000000
aco	2	1	1	0	0.999999
wjey	0	0	1	0	0.999999
wing	0	0	6	0	1.000000
twxas	0	0	1	0	0.999999
generator	0	1	2	0	1.000000
composite	0	0	1	0	0.999999
du	2	0	10	0	1.000000
thereto	0	0	5	0	1.000000
rightkunna	0	1	1	0	0.999999
waterproof	0	1	2	0	1.000000
javascript	0	1	33	0	1.000000
partes	0	1	1	0	0.999999
ski	2	0	2	0	1.000000
img	2	0	2	0	1.000000
per	2	0	140	0	1.000000
rvi	4	0	1	0	0.999999
eys	2	0	9	0	1.000000
det	4	0	48	0	1.000000
hull	0	0	2	0	1.000000
dsus	0	1	1	0	0.999999
eph	2	1	4	0	1.000000
cay	2	0	2	0	1.000000
fs	2	0	2	0	1.000000
passports	0	0	2	0	1.000000
regent	0	1	1	0	0.999999
lev	4	1	35	0	1.000000
recognition	0	0	1	0	0.999999
ps	2	0	1	0	0.999999
fry	0	1	1	0	0.999999
bm	3	1	46	0	1.000000
gh	1	0	198	0	1.000000
dent	0	1	1	0	0.999999
chr	4	1	25	0	1.000000
edt	4	1	2	0	1.000000
parede	0	0	1	0	0.999999
global	0	0	13	0	1.000000
user	0	0	50	0	1.000000
ad	1	0	403	0	1.000000
bc	2	0	3	0	1.000000
deliver	0	0	3	0	1.000000
delivering	0	0	3	0	1.000000
cano	0	0	1	0	0.999999
intute	0	1	2	0	1.000000
gato	0	0	2	0	1.000000
cinica	0	1	1	0	0.999999
telecommuting	0	0	1	0	0.999999
protectionupon	0	1	1	0	0.999999
solidworks	0	1	6	0	1.000000
meu	0	1	1	0	0.999999
plu	4	0	29	0	1.000000
should	0	0	79	0	1.000000
oac	4	1	1	0	0.999999
uth	0	0	1	0	0.999999
amo	4	1	12	0	1.000000
patient	0	0	10	0	1.000000
hep	4	0	10	0	1.000000
unignore	0	0	14	0	1.000000
desde	0	1	1	0	0.999999
spearhead	0	0	1	0	0.999999
tard	0	0	1	0	0.999999
newbies	0	0	2	0	1.000000
coerente	0	0	1	0	0.999999
pyr	4	0	6	0	1.000000
reward	0	0	1	0	0.999999
ml	0	0	1	0	0.999999
te	3	0	476	0	1.000000
jo	3	1	68	0	1.000000
fre	4	1	125	0	1.000000
tur	2	0	1	0	0.999999
markets	0	1	11	0	1.000000
oum	0	1	1	0	0.999999
rta	4	0	3	0	1.000000
manualy	0	0	1	0	0.999999
ud	0	0	5	0	1.000000
transit	0	0	1	0	0.999999
flower	0	0	1	0	0.999999
architecture	0	1	1	0	0.999999
brandywine	0	0	1	0	0.999999
landscape	0	0	3	0	1.000000
magazyn	0	0	1	0	0.999999
nstate	0	1	1	0	0.999999
nad	2	0	2	0	1.000000
jo	0	0	1	0	0.999999
blo	4	1	77	0	1.000000
peaceful	0	1	1	0	0.999999
eam	2	1	15	0	1.000000
byl	4	0	1	0	0.999999
serials	0	0	2	0	1.000000
xan	4	1	8	0	1.000000
emu	4	1	11	0	1.000000
william	0	0	1	0	0.999999
equally	0	0	2	0	1.000000
atolls	0	0	10	0	1.000000
kyle	0	1	1	0	0.999999
garage	0	1	1	0	0.999999
creeched	0	0	2	0	1.000000
ful	4	0	71	0	1.000000
vel	4	0	3	0	1.000000
sks	2	1	1	0	0.999999
name	0	0	70	0	1.000000
cae	4	0	7	0	1.000000
gms	4	0	1	0	0.999999
caodaism	0	1	1	0	0.999999
ace	2	1	76	0	1.000000
banks	0	1	1	0	0.999999
registration	0	1	1	0	0.999999
ted	4	0	3	0	1.000000
knight	0	0	1	0	0.999999
and	4	1	164	0	1.000000
imperial	0	1	2	0	1.000000
prevented	0	0	1	0	0.999999
ume	2	1	5	0	1.000000
sas	4	1	1	0	0.999999
rop	4	0	1	0	0.999999
wait	0	0	13	0	1.000000
endescription	0	0	1	0	0.999999
if	3	0	5	0	1.000000
erik	0	1	1	0	0.999999
birth	0	1	2	0	1.000000
milla	0	0	1	0	0.999999
rut	2	1	1	0	0.999999
eac	2	0	1	0	0.999999
meu	2	1	1	0	0.999999
cosplaying	0	1	1	0	0.999999
eboot	0	1	1	0	0.999999
oam	2	0	5	0	1.000000
klondike	0	1	2	0	1.000000
sus	4	0	43	0	1.000000
disguise	0	0	1	0	0.999999
comelico	0	1	1	0	0.999999
increases	0	0	1	0	0.999999
claracha	0	0	1	0	0.999999
ees	4	0	1	0	0.999999
construction	0	0	14	0	1.000000
postar	0	0	2	0	1.000000
people	0	0	102	0	1.000000
bliana	0	0	1	0	0.999999
feels	0	0	3	0	1.000000
inputs	0	0	5	0	1.000000
yourself	0	0	9	0	1.000000
nan	2	0	2	0	1.000000
cke	2	1	1	0	0.999999
moda	0	0	1	0	0.999999
dud	4	0	1	0	0.999999
ford	0	1	41	0	1.000000
sfx	0	1	1	0	0.999999
add	0	0	28	0	1.000000
cky	0	0	1	0	0.999999
nax	2	1	8	0	1.000000
ample	0	0	5	0	1.000000
structure	0	1	2	0	1.000000
transplant	0	0	1	0	0.999999
tulare	0	0	1	0	0.999999
dot	4	0	5	0	1.000000
radio	0	0	11	0	1.000000
davila	0	1	1	0	0.999999
howls	0	0	1	0	0.999999
hut	4	0	1	0	0.999999
polling	0	0	1	0	0.999999
fct	0	0	1	0	0.999999
vezes	0	0	2	0	1.000000
fab	4	0	18	0	1.000000
byany	0	0	1	0	0.999999
tongli	0	1	1	0	0.999999
fxi	2	1	1	0	0.999999
pi	3	0	206	0	1.000000
gh	2	1	2	0	1.000000
phy	4	1	1	0	0.999999
pi	2	0	4	0	1.000000
forth	0	0	4	0	1.000000
jst	2	0	2	0	1.000000
hrleman	0	1	1	0	0.999999
nty	0	0	1	0	0.999999
districtthe	0	1	1	0	0.999999
soon	0	0	16	0	1.000000
cardellini	0	1	1	0	0.999999
gdr	4	1	25	0	1.000000
roseate	0	1	1	0	0.999999
story	0	0	36	0	1.000000
virgil	0	1	1	0	0.999999
impatience	0	0	1	0	0.999999
aertsz	0	1	1	0	0.999999
bourbon	0	0	1	0	0.999999
superiorinformation	0	1	1	0	0.999999
foundation	0	0	3	0	1.000000
historic	0	1	4	0	1.000000
nto	2	0	134	0	1.000000
cebifrons	0	0	1	0	0.999999
hil	2	1	1	0	0.999999
obl	4	1	1	0	0.999999
needful	0	0	1	0	0.999999
surgery	0	1	7	0	1.000000
uefa	0	1	1	0	0.999999
cast	0	1	1	0	0.999999
refuses	0	0	1	0	0.999999
ent	4	0	153	0	1.000000
graveyard	0	1	2	0	1.000000
these	0	0	117	0	1.000000
adding	0	0	7	0	1.000000
camp	0	0	2	0	1.000000
must	0	0	110	0	1.000000
sendo	0	0	1	0	0.999999
paving	0	0	2	0	1.000000
wananchi	0	0	1	0	0.999999
habari	0	0	1	0	0.999999
cuts	0	1	1	0	0.999999
aoc	2	1	1	0	0.999999
rut	4	0	1	0	0.999999
name	0	1	25	0	1.000000
sonar	0	0	1	0	0.999999
garick	0	1	1	0	0.999999
rep	0	0	1	0	0.999999
examples	0	1	3	0	1.000000
posted	0	1	102	0	1.000000
aco	4	1	2	0	1.000000
begin	0	0	11	0	1.000000
rez	2	0	2	0	1.000000
whoop	0	0	1	0	0.999999
pav	4	1	4	0	1.000000
jacksonvillefl	0	0	1	0	0.999999
voetbalclub	0	0	1	0	0.999999
aug	4	0	2	0	1.000000
cartoons	0	0	1	0	0.999999
reset	0	0	1	0	0.999999
mmendati	0	0	1	0	0.999999
smidsy	0	0	1	0	0.999999
retirement	0	0	1	0	0.999999
plotting	0	0	2	0	1.000000
deployment	0	0	1	0	0.999999
lve	0	1	1	0	0.999999
pgina	0	1	1	0	0.999999
art	0	1	21	0	1.000000
nud	4	1	16	0	1.000000
menu	0	0	2	0	1.000000
leb	2	1	1	0	0.999999
rg	3	0	5	0	1.000000
remained	0	0	5	0	1.000000
thu	0	1	25	0	1.000000
maintenant	0	0	1	0	0.999999
shattrath	0	1	2	0	1.000000
know	0	1	1	0	0.999999
overall	0	1	4	0	1.000000
gua	4	1	14	0	1.000000
aesthetics	0	1	1	0	0.999999
ann	2	1	15	0	1.000000
aoc	4	1	1	0	0.999999
inf	0	0	6	0	1.000000
vancouver	0	1	4	0	1.000000
wv	0	1	2	0	1.000000
dicianni	0	1	1	0	0.999999
hourly	0	0	1	0	0.999999
sellinb	0	0	1	0	0.999999
fix	4	1	62	0	1.000000
diabetic	0	1	1	0	0.999999
dilsenach	0	0	1	0	0.999999
fake	0	0	1	0	0.999999
usi	4	1	6	0	1.000000
hq	1	1	1	0	0.999999
estaras	0	0	2	0	1.000000
bc	1	0	5	0	1.000000
strlker	0	0	1	0	0.999999
actually	0	0	22	0	1.000000
dwv	4	1	1	0	0.999999
philadelphia	0	0	1	0	0.999999
fab	2	0	1	0	0.999999
may	0	0	100	0	1.000000
rating	0	0	1	0	0.999999
tacs	0	0	1	0	0.999999
highway	0	1	13	0	1.000000
ski	4	0	44	0	1.000000
coronado	0	1	1	0	0.999999
surprised	0	0	4	0	1.000000
countrys	0	0	2	0	1.000000
irl	2	1	3	0	1.000000
canon	0	0	3	0	1.000000
risque	0	0	1	0	0.999999
cleese	0	1	1	0	0.999999
contacts	0	0	2	0	1.000000
broadband	0	0	1	0	0.999999
oei	2	1	1	0	0.999999
pin	2	1	5	0	1.000000
diary	0	1	1	0	0.999999
www	0	0	53	0	1.000000
dip	2	1	1	0	0.999999
hop	0	1	1	0	0.999999
wraps	0	0	4	0	1.000000
net	0	1	3	0	1.000000
see	2	0	121	0	1.000000
rightdaily	0	1	3	0	1.000000
yglesias	0	1	1	0	0.999999
gdr	2	1	12	0	1.000000
liberal	0	0	1	0	0.999999
hennepin	0	1	1	0	0.999999
sarah	0	1	3	0	1.000000
oys	2	0	5	0	1.000000
happenings	0	1	1	0	0.999999
standard	0	0	15	0	1.000000
rehabiitative	0	1	1	0	0.999999
thanksgiving	0	1	2	0	1.000000
unusua	0	0	1	0	0.999999
garcia	0	1	1	0	0.999999
bol	2	0	4	0	1.000000
update	0	0	15	0	1.000000
lvo	4	0	1	0	0.999999
rat	4	1	17	0	1.000000
overland	0	1	55	0	1.000000
pid	2	0	8	0	1.000000
marches	0	0	1	0	0.999999
tts	2	1	1	0	0.999999
announce	0	0	2	0	1.000000
oj	1	0	1	0	0.999999
to	3	0	499	0	1.000000
broker	0	0	1	0	0.999999
fs	3	0	1	0	0.999999
oma	4	1	8	0	1.000000
ceu	2	0	1	0	0.999999
haloid	0	1	1	0	0.999999
arguing	0	1	1	0	0.999999
examined	0	0	1	0	0.999999
look	0	1	4	0	1.000000
murder	0	0	2	0	1.000000
moorish	0	1	1	0	0.999999
resources	0	1	9	0	1.000000
usually	0	1	3	0	1.000000
racingvideoz	0	1	2	0	1.000000
teutonic	0	1	1	0	0.999999
searched	0	0	5	0	1.000000
sikis	0	0	1	0	0.999999
poetry	0	1	3	0	1.000000
fistful	0	1	1	0	0.999999
longitude	0	1	1	0	0.999999
sacramento	0	0	2	0	1.000000
okc	4	1	2	0	1.000000
ass	0	1	4	0	1.000000
xmb	2	1	1	0	0.999999
hat	0	0	5	0	1.000000
muses	0	1	1	0	0.999999
fabricanti	0	1	8	0	1.000000
chris	0	1	1	0	0.999999
dites	0	0	2	0	1.000000
jahrestagung	0	1	9	0	1.000000
gradually	0	0	1	0	0.999999
enfim	0	1	1	0	0.999999
missed	0	0	7	0	1.000000
sf	2	1	6	0	1.000000
drama	0	0	3	0	1.000000
vhs	2	1	1	0	0.999999
tit	4	0	30	0	1.000000
xml	0	1	1	0	0.999999
hangar	0	0	4	0	1.000000
relationships	0	0	2	0	1.000000
kn	1	0	3	0	1.000000
illustrious	0	1	1	0	0.999999
eos	4	1	1	0	0.999999
atpkta	0	1	1	0	0.999999
je	0	1	9	0	1.000000
revolution	0	1	3	0	1.000000
bearer	0	0	1	0	0.999999
belizegoff	0	1	1	0	0.999999
helping	0	0	2	0	1.000000
steal	0	1	1	0	0.999999
reputation	0	0	4	0	1.000000
lap	4	1	3	0	1.000000
mexico	0	1	16	0	1.000000
ton	2	0	62	0	1.000000
bandanna	0	0	1	0	0.999999
including	0	0	54	0	1.000000
kessler	0	1	1	0	0.999999
lincoln	0	0	21	0	1.000000
irv	4	1	1	0	0.999999
electoral	0	0	2	0	1.000000
outreach	0	1	1	0	0.999999
orf	2	1	1	0	0.999999
talkback	0	0	1	0	0.999999
lol	4	0	6	0	1.000000
eddie	0	1	1	0	0.999999
sz	1	1	2	0	1.000000
knowles	0	1	3	0	1.000000
kenm	0	1	1	0	0.999999
waterproof	0	0	1	0	0.999999
thorize	0	0	1	0	0.999999
generator	0	0	4	0	1.000000
surges	0	1	1	0	0.999999
eys	2	1	6	0	1.000000
breaking	0	0	6	0	1.000000
tracy	0	1	2	0	1.000000
minority	0	0	5	0	1.000000
oportunitty	0	0	1	0	0.999999
da	3	0	466	0	1.000000
theimgs	0	1	1	0	0.999999
commerce	0	0	5	0	1.000000
directors	0	0	1	0	0.999999
tod	4	1	25	0	1.000000
ful	2	1	8	0	1.000000
byseveral	0	0	1	0	0.999999
piss	0	0	2	0	1.000000
tex	4	1	52	0	1.000000
commerce	0	1	3	0	1.000000
incredibly	0	0	2	0	1.000000
laz	4	0	2	0	1.000000
fridayholy	0	1	1	0	0.999999
pro	0	0	1	0	0.999999
dip	4	1	2	0	1.000000
paradise	0	1	2	0	1.000000
distinguishable	0	0	2	0	1.000000
chr	4	0	13	0	1.000000
ip	1	1	90	0	1.000000
asi	2	0	2	0	1.000000
smithson	0	1	1	0	0.999999
bc	2	1	7	0	1.000000
bloom	0	0	1	0	0.999999
hof	4	1	1	0	0.999999
fred	0	1	2	0	1.000000
professionists	0	0	1	0	0.999999
voeux	0	0	2	0	1.000000
senates	0	1	1	0	0.999999
mountain	0	1	5	0	1.000000
niki	0	1	1	0	0.999999
replaces	0	0	1	0	0.999999
listed	0	1	5	0	1.000000
parting	0	0	2	0	1.000000
zlski	0	1	1	0	0.999999
standard	0	1	7	0	1.000000
talented	0	0	5	0	1.000000
cgi	2	0	1	0	0.999999
hike	0	0	2	0	1.000000
diversify	0	0	3	0	1.000000
if	1	1	187	0	1.000000
should	0	1	3	0	1.000000
bc	0	0	3	0	1.000000
isten	0	0	3	0	1.000000
hiv	4	0	1	0	0.999999
skin	0	0	4	0	1.000000
www	2	0	55	0	1.000000
securitest	0	1	1	0	0.999999
pal	4	0	13	0	1.000000
lvo	2	0	1	0	0.999999
harey	0	1	1	0	0.999999
deviant	0	0	2	0	1.000000
thu	4	0	20	0	1.000000
solution	0	0	10	0	1.000000
mitchells	0	0	1	0	0.999999
grn	2	0	1	0	0.999999
vrgf	0	0	1	0	0.999999
infirmities	0	0	1	0	0.999999
vtg	4	0	1	0	0.999999
lc	1	1	7	0	1.000000
da	2	0	25	0	1.000000
impacts	0	0	1	0	0.999999
chunk	0	0	1	0	0.999999
ndu	2	1	2	0	1.000000
tongues	0	0	4	0	1.000000
igc	4	0	1	0	0.999999
dupuy	0	1	1	0	0.999999
kourtney	0	1	1	0	0.999999
cara	0	0	1	0	0.999999
jy	3	1	1	0	0.999999
porem	0	0	1	0	0.999999
cou	4	1	127	0	1.000000
ais	4	0	1	0	0.999999
stated	0	0	6	0	1.000000
posterior	0	0	1	0	0.999999
contributions	0	0	3	0	1.000000
limer	0	0	1	0	0.999999
bingo	0	0	1	0	0.999999
philippines	0	0	1	0	0.999999
compromising	0	0	1	0	0.999999
refurbished	0	0	1	0	0.999999
dependence	0	0	1	0	0.999999
online	0	0	80	0	1.000000
gms	0	0	1	0	0.999999
nan	4	1	10	0	1.000000
coatimundisand	0	1	1	0	0.999999
stable	0	1	17	0	1.000000
du	3	1	52	0	1.000000
leitores	0	0	2	0	1.000000
donate	0	1	1	0	0.999999
html	0	0	9	0	1.000000
nu	3	1	43	0	1.000000
legal	0	0	10	0	1.000000
vve	2	0	1	0	0.999999
pining	0	0	1	0	0.999999
executives	0	0	1	0	0.999999
pub	2	1	2	0	1.000000
universo	0	1	2	0	1.000000
nancy	0	1	1	0	0.999999
roads	0	0	1	0	0.999999
karol	0	0	12	0	1.000000
deserving	0	0	1	0	0.999999
malditas	0	0	1	0	0.999999
tra	4	1	104	0	1.000000
precipitation	0	1	1	0	0.999999
ext	4	1	14	0	1.000000
if	3	1	6	0	1.000000
and	4	0	3936	0	1.000000
wowgold	0	0	1	0	0.999999
ad	2	0	19	0	1.000000
marty	0	0	1	0	0.999999
following	0	1	4	0	1.000000
meager	0	0	5	0	1.000000
alf	2	0	17	0	1.000000
contains	0	0	13	0	1.000000
cea	2	1	2	0	1.000000
deleted	0	1	2	0	1.000000
belief	0	0	1	0	0.999999
dand	0	1	1	0	0.999999
elfish	0	0	1	0	0.999999
option	0	1	6	0	1.000000
xto	2	0	1	0	0.999999
camz	0	1	1	0	0.999999
fab	0	1	1	0	0.999999
dedicated	0	0	7	0	1.000000
humbugs	0	0	1	0	0.999999
oideachas	0	1	1	0	0.999999
det	0	0	2	0	1.000000
acts	0	1	1	0	0.999999
eio	2	0	1	0	0.999999
hordes	0	0	2	0	1.000000
construction	0	1	18	0	1.000000
agriculture	0	0	4	0	1.000000
lowering	0	1	2	0	1.000000
marjorie	0	1	1	0	0.999999
paving	0	1	1	0	0.999999
xu	3	1	7	0	1.000000
urt	4	0	1	0	0.999999
fighter	0	1	1	0	0.999999
ford	0	0	22	0	1.000000
gentry	0	0	1	0	0.999999
yes	2	1	16	0	1.000000
zer	2	1	31	0	1.000000
plot	0	0	2	0	1.000000
ps	3	0	6	0	1.000000
salud	0	1	1	0	0.999999
radio	0	1	22	0	1.000000
wld	2	0	1	0	0.999999
contains	0	1	1	0	0.999999
nax	2	0	1	0	0.999999
threaded	0	1	1	0	0.999999
splendid	0	0	2	0	1.000000
wrecked	0	0	2	0	1.000000
eos	2	1	6	0	1.000000
rack	0	1	1	0	0.999999
mya	4	1	1	0	0.999999
seo	2	1	2	0	1.000000
inks	0	1	16	0	1.000000
warty	0	0	1	0	0.999999
pi	3	1	175	0	1.000000
ume	4	0	1	0	0.999999
guesthouses	0	0	1	0	0.999999
vhs	0	1	1	0	0.999999
social	0	0	21	0	1.000000
vshn	0	1	1	0	0.999999
ml	3	0	1	0	0.999999
ceremonythe	0	1	1	0	0.999999
dps	2	0	1	0	0.999999
emper	0	1	1	0	0.999999
strobe	0	1	1	0	0.999999
hargrett	0	1	2	0	1.000000
dimenhydrinate	0	1	1	0	0.999999
oam	2	1	1	0	0.999999
fav	4	0	46	0	1.000000
gavanized	0	1	1	0	0.999999
shing	0	1	1	0	0.999999
dlc	0	1	1	0	0.999999
parkhalf	0	1	1	0	0.999999
pre	4	1	94	0	1.000000
humanity	0	1	1	0	0.999999
hispanohablante	0	0	2	0	1.000000
foundation	0	1	11	0	1.000000
collections	0	0	7	0	1.000000
kn	0	0	1	0	0.999999
obl	4	0	14	0	1.000000
hack	0	0	2	0	1.000000
know	0	0	81	0	1.000000
schmenner	0	0	1	0	0.999999
xte	4	0	1	0	0.999999
bby	2	0	1	0	0.999999
camp	0	1	1	0	0.999999
sleep	0	0	1	0	0.999999
mpt	2	1	5	0	1.000000
teaching	0	1	4	0	1.000000
vap	4	0	2	0	1.000000
contests	0	0	2	0	1.000000
jur	4	0	3	0	1.000000
sans	0	0	4	0	1.000000
flanked	0	0	1	0	0.999999
mark	0	0	9	0	1.000000
see	0	1	34	0	1.000000
vc	0	0	1	0	0.999999
considerations	0	0	2	0	1.000000
du	3	0	102	0	1.000000
art	2	1	71	0	1.000000
netsunx	0	1	1	0	0.999999
coa	2	0	1	0	0.999999
posted	0	0	15	0	1.000000
a	0	0	2386	0	1.000000
stupid	0	1	2	0	1.000000
selected	0	0	6	0	1.000000
rightcyfle	0	1	1	0	0.999999
heping	0	0	1	0	0.999999
plumage	0	0	5	0	1.000000
aug	4	1	34	0	1.000000
operating	0	1	3	0	1.000000
spd	4	1	1	0	0.999999
pav	4	0	5	0	1.000000
grande	0	0	7	0	1.000000
feminist	0	1	3	0	1.000000
witness	0	1	2	0	1.000000
urbish	0	0	1	0	0.999999
tts	2	0	4	0	1.000000
silent	0	0	1	0	0.999999
stars	0	0	6	0	1.000000
ias	2	1	10	0	1.000000
dramatically	0	0	2	0	1.000000
seemingly	0	0	1	0	0.999999
umy	2	0	1	0	0.999999
arealways	0	0	1	0	0.999999
gr	1	0	4	0	1.000000
redskins	0	1	1	0	0.999999
progecad	0	1	1	0	0.999999
gellner	0	1	1	0	0.999999
vc	3	0	2	0	1.000000
overall	0	0	1	0	0.999999
spiritua	0	0	1	0	0.999999
tar	2	0	28	0	1.000000
expressly	0	1	5	0	1.000000
orp	4	0	2	0	1.000000
bishop	0	0	1	0	0.999999
written	0	0	8	0	1.000000
mean	0	0	19	0	1.000000
lby	2	1	14	0	1.000000
dangriga	0	1	5	0	1.000000
itens	0	0	1	0	0.999999
slovenian	0	1	1	0	0.999999
todd	0	0	1	0	0.999999
uzb	4	1	1	0	0.999999
ref	2	0	15	0	1.000000
rarely	0	0	1	0	0.999999
fab	2	1	1	0	0.999999
sp	1	1	27	0	1.000000
rep	2	1	4	0	1.000000
bulletin	0	0	1	0	0.999999
actually	0	1	3	0	1.000000
izd	4	0	1	0	0.999999
un	2	0	37	0	1.000000
sour	0	1	3	0	1.000000
narrow	0	0	2	0	1.000000
charts	0	0	2	0	1.000000
urt	0	0	1	0	0.999999
ty	1	0	582	0	1.000000
gimpse	0	0	1	0	0.999999
epitome	0	0	1	0	0.999999
simultaneous	0	0	2	0	1.000000
scott	0	1	8	0	1.000000
pal	0	1	1	0	0.999999
ty	0	0	2	0	1.000000
ax	2	1	1	0	0.999999
sermons	0	0	2	0	1.000000
silent	0	1	1	0	0.999999
monty	0	1	2	0	1.000000
pla	4	1	101	0	1.000000
compelled	0	0	1	0	0.999999
rat	2	1	3	0	1.000000
movement	0	1	2	0	1.000000
needs	0	0	29	0	1.000000
grabs	0	0	1	0	0.999999
ones	0	0	11	0	1.000000
whim	0	0	1	0	0.999999
expedition	0	0	1	0	0.999999
webpage	0	0	1	0	0.999999
subscribers	0	0	8	0	1.000000
nty	4	0	1	0	0.999999
mailboard	0	1	1	0	0.999999
aga	2	1	2	0	1.000000
coa	4	1	30	0	1.000000
glazzies	0	0	1	0	0.999999
fi	0	1	1	0	0.999999
pul	4	1	1	0	0.999999
overland	0	0	2	0	1.000000
ormond	0	1	1	0	0.999999
subjects	0	0	3	0	1.000000
relational	0	1	1	0	0.999999
habits	0	0	1	0	0.999999
newtonian	0	0	1	0	0.999999
gate	0	0	2	0	1.000000
assisting	0	0	1	0	0.999999
webcam	0	1	1	0	0.999999
thatmeans	0	1	1	0	0.999999
account	0	0	27	0	1.000000
academically	0	0	1	0	0.999999
look	0	0	31	0	1.000000
explanatory	0	0	1	0	0.999999
shoreline	0	0	1	0	0.999999
yohannes	0	1	1	0	0.999999
dlc	2	1	1	0	0.999999
cleve	0	0	1	0	0.999999
agenzie	0	1	1	0	0.999999
kom	4	1	1	0	0.999999
fer	2	0	70	0	1.000000
solomon	0	1	1	0	0.999999
grow	0	0	3	0	1.000000
ebb	0	1	1	0	0.999999
eck	2	0	42	0	1.000000
simplesteps	0	1	1	0	0.999999
ceu	4	0	3	0	1.000000
thu	4	1	46	0	1.000000
xan	4	0	1	0	0.999999
suspect	0	0	2	0	1.000000
maple	0	0	1	0	0.999999
webby	0	1	1	0	0.999999
fries	0	0	2	0	1.000000
je	1	1	16	0	1.000000
giantguanacaste	0	0	1	0	0.999999
feather	0	0	1	0	0.999999
ebay	0	1	5	0	1.000000
hbi	4	0	1	0	0.999999
te	1	1	618	0	1.000000
ted	0	0	1	0	0.999999
cater	0	0	1	0	0.999999
je	0	0	35	0	1.000000
clubs	0	0	1	0	0.999999
water	0	0	67	0	1.000000
helping	0	1	3	0	1.000000
epic	0	0	1	0	0.999999
corrected	0	0	1	0	0.999999
riv	4	1	23	0	1.000000
zer	2	0	5	0	1.000000
pub	4	0	84	0	1.000000
ace	4	1	1	0	0.999999
oll	2	1	15	0	1.000000
ux	1	1	28	0	1.000000
including	0	1	6	0	1.000000
pro	4	1	371	0	1.000000
exist	0	0	6	0	1.000000
quitt	0	0	2	0	1.000000
simiar	0	0	1	0	0.999999
lol	4	1	2	0	1.000000
lifetime	0	0	4	0	1.000000
ouremployees	0	0	1	0	0.999999
not	0	1	26	0	1.000000
login	0	0	18	0	1.000000
priate	0	0	2	0	1.000000
sinnamon	0	0	7	0	1.000000
complicadssimo	0	0	1	0	0.999999
trafficked	0	0	1	0	0.999999
jcp	4	0	1	0	0.999999
continued	0	0	6	0	1.000000
conservation	0	1	6	0	1.000000
ose	2	1	62	0	1.000000
oclc	0	1	1	0	0.999999
dhange	0	0	1	0	0.999999
activated	0	0	2	0	1.000000
adjective	0	0	2	0	1.000000
nip	0	0	1	0	0.999999
scientific	0	1	1	0	0.999999
educao	0	0	1	0	0.999999
monthly	0	0	2	0	1.000000
journaling	0	0	1	0	0.999999
fin	0	0	2	0	1.000000
rib	4	0	2	0	1.000000
lov	4	1	39	0	1.000000
ful	2	0	132	0	1.000000
enabled	0	1	1	0	0.999999
hirschman	0	1	1	0	0.999999
rop	2	0	7	0	1.000000
yuw	4	1	1	0	0.999999
variation	0	0	10	0	1.000000
porn	0	0	4	0	1.000000
jill	0	1	2	0	1.000000
mea	2	1	1	0	0.999999
iki	2	1	7	0	1.000000
dip	4	0	3	0	1.000000
zi	1	0	20	0	1.000000
sundsvalen	0	1	2	0	1.000000
tpw	4	1	1	0	0.999999
ip	1	0	241	0	1.000000
paradise	0	0	5	0	1.000000
favenna	0	0	1	0	0.999999
creams	0	0	2	0	1.000000
savannahs	0	0	2	0	1.000000
registration	0	0	12	0	1.000000
iz	1	1	7	0	1.000000
an	3	0	4467	0	1.000000
plugin	0	0	2	0	1.000000
ggy	2	1	2	0	1.000000
hof	4	0	1	0	0.999999
way	2	0	149	0	1.000000
those	0	0	45	0	1.000000
crenshaw	0	1	1	0	0.999999
costumes	0	1	1	0	0.999999
many	0	0	117	0	1.000000
temper	0	0	2	0	1.000000
hike	0	1	1	0	0.999999
epr	2	0	1	0	0.999999
pantene	0	0	1	0	0.999999
advising	0	0	1	0	0.999999
bc	0	1	7	0	1.000000
pools	0	1	1	0	0.999999
rta	2	0	1	0	0.999999
revolver	0	0	1	0	0.999999
cathy	0	0	1	0	0.999999
lm	1	1	5	0	1.000000
ent	2	1	642	0	1.000000
photography	0	1	4	0	1.000000
dateit	0	1	1	0	0.999999
nad	4	0	3	0	1.000000
blogging	0	1	1	0	0.999999
missouri	0	1	2	0	1.000000
available	0	0	79	0	1.000000
schweiz	0	1	1	0	0.999999
lc	1	0	1	0	0.999999
rays	0	0	1	0	0.999999
kroeger	0	1	1	0	0.999999
fer	4	0	8	0	1.000000
watches	0	0	3	0	1.000000
rtu	4	0	3	0	1.000000
tenemos	0	0	3	0	1.000000
na	0	0	34	0	1.000000
sincere	0	0	3	0	1.000000
mandatory	0	0	1	0	0.999999
gute	0	0	1	0	0.999999
pi	1	1	4	0	1.000000
ivate	0	0	1	0	0.999999
wl	3	0	1	0	0.999999
simplycam	0	1	1	0	0.999999
ffresno	0	0	1	0	0.999999
pre	4	0	253	0	1.000000
cok	4	1	1	0	0.999999
www	4	1	2	0	1.000000
valley	0	1	2	0	1.000000
illustrator	0	0	1	0	0.999999
xan	2	1	2	0	1.000000
html	0	1	10	0	1.000000
inexplicados	0	1	1	0	0.999999
disclaimer	0	0	5	0	1.000000
planting	0	1	1	0	0.999999
roads	0	1	3	0	1.000000
tides	0	0	1	0	0.999999
hat	2	1	124	0	1.000000
buoy	0	1	1	0	0.999999
obv	4	0	4	0	1.000000
isu	4	1	2	0	1.000000
hack	0	1	2	0	1.000000
describeactual	0	0	1	0	0.999999
tienne	0	0	1	0	0.999999
senegal	0	1	1	0	0.999999
sf	0	0	1	0	0.999999
baskets	0	0	1	0	0.999999
cae	2	0	1	0	0.999999
fin	4	1	60	0	1.000000
curriculum	0	0	1	0	0.999999
nbc	4	0	1	0	0.999999
store	0	1	7	0	1.000000
misguided	0	0	1	0	0.999999
frieze	0	0	1	0	0.999999
hazardous	0	1	4	0	1.000000
pro	4	0	894	0	1.000000
chr	2	0	1	0	0.999999
jo	2	0	1	0	0.999999
pla	0	0	2	0	1.000000
oraircraft	0	0	2	0	1.000000
crr	4	1	1	0	0.999999
lol	2	0	6	0	1.000000
tandem	0	0	1	0	0.999999
webcam	0	0	1	0	0.999999
giulia	0	0	3	0	1.000000
touch	0	1	2	0	1.000000
bob	2	1	2	0	1.000000
listen	0	0	10	0	1.000000
luz	4	1	2	0	1.000000
shrink	0	0	1	0	0.999999
zer	4	1	2	0	1.000000
fab	0	0	1	0	0.999999
rainy	0	0	2	0	1.000000
interm	0	1	1	0	0.999999
learned	0	0	17	0	1.000000
crookedtree	0	1	1	0	0.999999
aqu	4	1	1	0	0.999999
vc	1	0	36	0	1.000000
novela	0	0	2	0	1.000000
interc	0	0	1	0	0.999999
alp	4	0	4	0	1.000000
srb	2	1	1	0	0.999999
gong	0	1	2	0	1.000000
exclamatory	0	0	1	0	0.999999
pelagos	0	1	1	0	0.999999
elusive	0	0	1	0	0.999999
find	0	0	82	0	1.000000
footer	0	0	1	0	0.999999
bly	2	1	6	0	1.000000
ock	2	0	57	0	1.000000
paints	0	1	16	0	1.000000
plot	0	1	1	0	0.999999
seo	0	1	1	0	0.999999
bel	2	1	5	0	1.000000
mig	4	1	9	0	1.000000
require	0	0	14	0	1.000000
rack	0	0	1	0	0.999999
inks	0	0	3	0	1.000000
tome	0	1	3	0	1.000000
xa	3	0	1	0	0.999999
ot	1	0	669	0	1.000000
ggy	2	0	1	0	0.999999
descended	0	0	1	0	0.999999
manufacturer	0	1	3	0	1.000000
amo	2	1	4	0	1.000000
useh	0	0	5	0	1.000000
projectcollection	0	1	1	0	0.999999
venduto	0	0	1	0	0.999999
nebraska	0	0	1	0	0.999999
admit	0	0	2	0	1.000000
orderto	0	0	1	0	0.999999
xmb	0	1	1	0	0.999999
campeachy	0	0	1	0	0.999999
isa	2	0	13	0	1.000000
specialize	0	0	1	0	0.999999
caprice	0	1	2	0	1.000000
photography	0	0	4	0	1.000000
many	0	1	16	0	1.000000
nowa	0	1	1	0	0.999999
inferno	0	0	2	0	1.000000
anthea	0	1	1	0	0.999999
creta	0	1	1	0	0.999999
neodestrcuto	0	1	1	0	0.999999
bev	4	1	1	0	0.999999
excavated	0	0	3	0	1.000000
abbr	0	0	1	0	0.999999
cky	4	0	1	0	0.999999
swimming	0	0	2	0	1.000000
lying	0	0	4	0	1.000000
lir	4	0	1	0	0.999999
flickr	0	0	1	0	0.999999
erf	2	0	3	0	1.000000
fho	4	0	2	0	1.000000
pre	2	1	6	0	1.000000
bgt	2	0	1	0	0.999999
apostrophe	0	1	1	0	0.999999
je	2	0	35	0	1.000000
scientists	0	0	3	0	1.000000
bbo	4	0	1	0	0.999999
sleep	0	1	1	0	0.999999
counley	0	1	1	0	0.999999
mpt	2	0	26	0	1.000000
goodbye	0	0	2	0	1.000000
asi	4	1	24	0	1.000000
por	2	1	4	0	1.000000
a	0	1	294	0	1.000000
see	0	0	121	0	1.000000
material	0	0	12	0	1.000000
poms	0	1	1	0	0.999999
considerations	0	1	1	0	0.999999
methodist	0	1	2	0	1.000000
jeanne	0	1	1	0	0.999999
pointe	0	1	1	0	0.999999
rumps	0	0	1	0	0.999999
corporate	0	0	4	0	1.000000
aser	0	0	2	0	1.000000
awe	0	0	1	0	0.999999
for	4	1	319	0	1.000000
sheet	0	0	2	0	1.000000
growing	0	0	9	0	1.000000
rat	4	0	73	0	1.000000
mb	1	1	17	0	1.000000
outil	0	1	1	0	0.999999
brachet	0	1	2	0	1.000000
tah	2	0	1	0	0.999999
determination	0	0	3	0	1.000000
personally	0	0	20	0	1.000000
sey	2	0	4	0	1.000000
merece	0	0	1	0	0.999999
republics	0	1	3	0	1.000000
xa	1	0	1	0	0.999999
tar	4	1	8	0	1.000000
greening	0	1	1	0	0.999999
ias	2	0	9	0	1.000000
dorf	0	1	1	0	0.999999
forklift	0	0	1	0	0.999999
vel	2	0	69	0	1.000000
argentino	0	0	4	0	1.000000
peculiarity	0	0	1	0	0.999999
bir	2	0	1	0	0.999999
ext	2	0	74	0	1.000000
aqu	4	0	4	0	1.000000
na	3	1	246	0	1.000000
raj	2	1	1	0	0.999999
kearney	0	1	1	0	0.999999
touch	0	0	6	0	1.000000
launch	0	0	12	0	1.000000
ril	4	0	1	0	0.999999
relocate	0	0	2	0	1.000000
ref	2	1	1	0	0.999999
nose	0	0	2	0	1.000000
willingly	0	0	1	0	0.999999
nty	2	1	66	0	1.000000
eages	0	1	1	0	0.999999
an	0	1	25	0	1.000000
dad	2	0	5	0	1.000000
next	0	0	24	0	1.000000
shops	0	0	9	0	1.000000
underlying	0	0	1	0	0.999999
tend	0	1	6	0	1.000000
ref	4	1	13	0	1.000000
awy	4	0	1	0	0.999999
gaa	4	1	1	0	0.999999
centerfolds	0	0	1	0	0.999999
tox	4	1	5	0	1.000000
flu	4	1	11	0	1.000000
charts	0	1	4	0	1.000000
electric	0	0	2	0	1.000000
sets	0	1	2	0	1.000000
ble	2	1	138	0	1.000000
evaluate	0	0	2	0	1.000000
melton	0	1	1	0	0.999999
ax	2	0	1	0	0.999999
swinburne	0	1	1	0	0.999999
obl	2	0	1	0	0.999999
biological	0	0	1	0	0.999999
babak	0	1	1	0	0.999999
programming	0	1	1	0	0.999999
scores	0	0	3	0	1.000000
cky	2	0	7	0	1.000000
fabric	0	0	5	0	1.000000
leather	0	0	1	0	0.999999
leisure	0	0	2	0	1.000000
expedition	0	1	1	0	0.999999
snowboard	0	0	1	0	0.999999
mb	2	0	2	0	1.000000
moda	0	1	1	0	0.999999
boats	0	0	9	0	1.000000
coa	4	0	38	0	1.000000
girs	0	0	3	0	1.000000
cay	4	0	20	0	1.000000
da	0	0	25	0	1.000000
zav	4	1	2	0	1.000000
meet	0	1	6	0	1.000000
mea	4	0	75	0	1.000000
subjects	0	1	2	0	1.000000
rant	0	0	2	0	1.000000
finger	0	0	4	0	1.000000
wnek	0	1	1	0	0.999999
resembled	0	0	2	0	1.000000
gate	0	1	2	0	1.000000
sf	1	0	3	0	1.000000
polish	0	0	3	0	1.000000
boards	0	0	2	0	1.000000
tti	2	0	5	0	1.000000
slovenia	0	1	2	0	1.000000
mae	2	0	2	0	1.000000
persuade	0	0	2	0	1.000000
ad	3	0	426	0	1.000000
beginning	0	1	2	0	1.000000
socks	0	0	1	0	0.999999
stair	0	1	2	0	1.000000
universe	0	1	1	0	0.999999
edt	2	1	2	0	1.000000
u	0	0	37	0	1.000000
tales	0	0	2	0	1.000000
imporata	0	0	1	0	0.999999
sure	0	1	1	0	0.999999
fer	2	1	9	0	1.000000
vhs	4	1	1	0	0.999999
lovable	0	0	1	0	0.999999
grandparents	0	0	1	0	0.999999
became	0	0	10	0	1.000000
civi	0	1	1	0	0.999999
mumbai	0	0	1	0	0.999999
devotchka	0	0	3	0	1.000000
rof	2	1	1	0	0.999999
uis	2	1	4	0	1.000000
for	2	1	197	0	1.000000
fabricas	0	1	1	0	0.999999
harddrive	0	0	1	0	0.999999
philadelphia	0	1	1	0	0.999999
ebay	0	0	2	0	1.000000
bbe	2	0	1	0	0.999999
je	1	0	39	0	1.000000
multipurpose	0	0	1	0	0.999999
commenced	0	0	1	0	0.999999
dot	0	1	1	0	0.999999
plath	0	1	2	0	1.000000
brews	0	0	1	0	0.999999
pub	4	1	71	0	1.000000
commerciaux	0	1	1	0	0.999999
unx	2	1	1	0	0.999999
epic	0	1	2	0	1.000000
book	0	0	24	0	1.000000
lesnar	0	1	1	0	0.999999
abrao	0	1	1	0	0.999999
drop	0	0	6	0	1.000000
listings	0	1	3	0	1.000000
sik	4	0	1	0	0.999999
unlockingthe	0	1	1	0	0.999999
apl	4	0	2	0	1.000000
dragging	0	0	1	0	0.999999
packgings	0	1	2	0	1.000000
released	0	1	9	0	1.000000
voluntarily	0	0	1	0	0.999999
murmured	0	0	1	0	0.999999
faster	0	1	2	0	1.000000
et	1	0	658	0	1.000000
rop	4	1	1	0	0.999999
opposite	0	1	2	0	1.000000
elv	4	0	2	0	1.000000
per	2	1	29	0	1.000000
ose	2	0	143	0	1.000000
wade	0	1	2	0	1.000000
monthly	0	1	1	0	0.999999
below	0	1	8	0	1.000000
loft	0	1	1	0	0.999999
gmtetag	0	1	65	0	1.000000
gms	2	0	1	0	0.999999
ftw	4	0	3	0	1.000000
ann	0	1	9	0	1.000000
je	3	0	29	0	1.000000
accuracy	0	0	1	0	0.999999
yfr	4	1	1	0	0.999999
mead	0	1	1	0	0.999999
te	0	0	23	0	1.000000
enabled	0	0	9	0	1.000000
mgmt	0	1	1	0	0.999999
memories	0	0	3	0	1.000000
wanted	0	1	6	0	1.000000
dhtml	0	1	1	0	0.999999
burundimap	0	1	1	0	0.999999
zi	1	1	19	0	1.000000
irrefutable	0	0	1	0	0.999999
originating	0	0	2	0	1.000000
way	4	1	7	0	1.000000
not	4	0	400	0	1.000000
printers	0	0	1	0	0.999999
lap	2	0	2	0	1.000000
human	0	0	107	0	1.000000
laptops	0	0	1	0	0.999999
grove	0	1	2	0	1.000000
yes	0	0	10	0	1.000000
features	0	1	7	0	1.000000
least	0	0	34	0	1.000000
does	0	1	9	0	1.000000
trades	0	0	1	0	0.999999
kigali	0	1	2	0	1.000000
provinces	0	0	1	0	0.999999
pal	2	0	2	0	1.000000
mmm	4	0	1	0	0.999999
mb	2	1	6	0	1.000000
forecast	0	0	2	0	1.000000
hep	4	1	1	0	0.999999
knew	0	1	1	0	0.999999
cl	3	1	326	0	1.000000
firefox	0	1	4	0	1.000000
lap	0	1	2	0	1.000000
quiz	0	1	1	0	0.999999
sickness	0	0	1	0	0.999999
renown	0	1	1	0	0.999999
ty	3	1	36	0	1.000000
developmentamount	0	1	1	0	0.999999
kug	4	0	1	0	0.999999
whereas	0	0	1	0	0.999999
battlefront	0	0	1	0	0.999999
mapcity	0	1	1	0	0.999999
sp	2	1	6	0	1.000000
mae	4	0	1	0	0.999999
add	2	0	28	0	1.000000
invite	0	0	2	0	1.000000
fs	1	1	21	0	1.000000
blogging	0	0	2	0	1.000000
mmm	2	1	1	0	0.999999
allcopiados	0	0	1	0	0.999999
mb	3	0	2	0	1.000000
agu	2	1	1	0	0.999999
frontier	0	1	3	0	1.000000
ip	3	1	13	0	1.000000
tah	4	0	3	0	1.000000
ton	4	1	2	0	1.000000
dservice	0	0	1	0	0.999999
treaties	0	0	2	0	1.000000
uem	2	0	2	0	1.000000
wamena	0	0	1	0	0.999999
sas	2	0	10	0	1.000000
yck	2	1	1	0	0.999999
cig	4	0	4	0	1.000000
recognise	0	0	1	0	0.999999
xfs	2	1	1	0	0.999999
additives	0	1	16	0	1.000000
devoted	0	0	1	0	0.999999
shouldn	0	0	2	0	1.000000
nte	2	1	13	0	1.000000
ais	2	0	44	0	1.000000
mexicanas	0	0	1	0	0.999999
pi	0	0	4	0	1.000000
fba	4	1	1	0	0.999999
tides	0	1	1	0	0.999999
focal	0	1	1	0	0.999999
lcd	2	1	2	0	1.000000
rigin	0	0	1	0	0.999999
innovative	0	0	7	0	1.000000
hat	2	0	896	0	1.000000
southward	0	0	2	0	1.000000
spacious	0	0	1	0	0.999999
imperial	0	0	1	0	0.999999
usuay	0	0	1	0	0.999999
faqs	0	1	1	0	0.999999
harmed	0	0	2	0	1.000000
italiana	0	0	1	0	0.999999
zi	2	0	1	0	0.999999
kx	1	0	2	0	1.000000
mapvarious	0	1	1	0	0.999999
spd	2	1	3	0	1.000000
notify	0	1	1	0	0.999999
por	0	1	3	0	1.000000
store	0	0	6	0	1.000000
bza	4	0	1	0	0.999999
uss	4	1	1	0	0.999999
familiar	0	0	8	0	1.000000
marcos	0	1	1	0	0.999999
multinational	0	0	1	0	0.999999
sus	4	1	10	0	1.000000
giulia	0	1	5	0	1.000000
nu	1	1	5	0	1.000000
direct	0	1	5	0	1.000000
encontramos	0	0	1	0	0.999999
connecticut	0	1	2	0	1.000000
force	0	0	4	0	1.000000
zor	4	1	1	0	0.999999
directories	0	1	1	0	0.999999
barnham	0	1	1	0	0.999999
ctrl	0	1	3	0	1.000000
ees	2	1	15	0	1.000000
witness	0	0	3	0	1.000000
macoo	0	0	1	0	0.999999
turn	0	0	10	0	1.000000
ame	0	0	2	0	1.000000
bob	4	1	3	0	1.000000
amy	0	0	1	0	0.999999
corporate	0	1	2	0	1.000000
beseem	0	0	1	0	0.999999
kang	0	1	2	0	1.000000
eos	2	0	17	0	1.000000
pro	2	0	1	0	0.999999
power	0	0	34	0	1.000000
specify	0	1	1	0	0.999999
fin	2	1	2	0	1.000000
net	2	0	44	0	1.000000
hat	4	0	15	0	1.000000
racesimcentral	0	1	1	0	0.999999
caffa	0	1	1	0	0.999999
procedurefrom	0	1	1	0	0.999999
cartage	0	0	1	0	0.999999
fhe	4	1	1	0	0.999999
attired	0	0	1	0	0.999999
farms	0	1	1	0	0.999999
beats	0	0	1	0	0.999999
jon	4	1	5	0	1.000000
bby	2	1	2	0	1.000000
stockings	0	1	1	0	0.999999
blockquote	0	0	1	0	0.999999
welder	0	0	1	0	0.999999
ese	2	1	63	0	1.000000
collaborating	0	0	1	0	0.999999
disposition	0	0	1	0	0.999999
ps	2	1	12	0	1.000000
keel	0	0	3	0	1.000000
gim	4	0	1	0	0.999999
vob	4	1	2	0	1.000000
wv	2	0	1	0	0.999999
cke	4	0	2	0	1.000000
foraging	0	0	2	0	1.000000
tyn	2	1	1	0	0.999999
iz	3	0	1	0	0.999999
fal	4	0	29	0	1.000000
particularservices	0	0	1	0	0.999999
accepts	0	0	2	0	1.000000
adobe	0	1	2	0	1.000000
wareham	0	1	1	0	0.999999
voyant	0	0	2	0	1.000000
historic	0	0	3	0	1.000000
dominatrix	0	0	1	0	0.999999
dps	4	0	1	0	0.999999
medical	0	1	6	0	1.000000
nto	2	1	16	0	1.000000
insideyou	0	1	1	0	0.999999
oes	2	0	57	0	1.000000
modern	0	1	2	0	1.000000
kalundborg	0	1	1	0	0.999999
cast	0	0	3	0	1.000000
idas	0	1	1	0	0.999999
component	0	0	4	0	1.000000
dont	0	0	16	0	1.000000
aloha	0	1	1	0	0.999999
behaviour	0	0	2	0	1.000000
flickr	0	1	2	0	1.000000
bel	4	1	545	0	1.000000
orp	2	0	1	0	0.999999
roz	4	1	1	0	0.999999
un	0	0	37	0	1.000000
hellene	0	1	1	0	0.999999
see	4	0	194	0	1.000000
commentary	0	0	4	0	1.000000
oca	2	0	3	0	1.000000
goodbye	0	1	1	0	0.999999
savannahs	0	1	2	0	1.000000
pjiff	0	1	1	0	0.999999
vw	0	1	1	0	0.999999
bodied	0	0	1	0	0.999999
nna	0	0	2	0	1.000000
felt	0	0	13	0	1.000000
segment	0	0	1	0	0.999999
donations	0	1	2	0	1.000000
orf	4	0	1	0	0.999999
bm	1	1	1	0	0.999999
suggested	0	0	1	0	0.999999
liaison	0	0	1	0	0.999999
nbc	2	0	2	0	1.000000
und	0	0	7	0	1.000000
usi	4	0	66	0	1.000000
rez	2	1	1	0	0.999999
pro	0	1	11	0	1.000000
geographic	0	0	5	0	1.000000
evidence	0	0	3	0	1.000000
staggering	0	0	1	0	0.999999
rch	2	0	62	0	1.000000
while	0	1	18	0	1.000000
threats	0	0	2	0	1.000000
candy	0	0	3	0	1.000000
household	0	1	1	0	0.999999
soar	0	0	1	0	0.999999
acy	2	0	33	0	1.000000
ame	4	1	75	0	1.000000
et	3	1	13	0	1.000000
galerija	0	0	1	0	0.999999
aga	4	0	62	0	1.000000
economist	0	1	2	0	1.000000
ameii	0	1	2	0	1.000000
tar	4	0	19	0	1.000000
bird	0	1	3	0	1.000000
jurnallar	0	0	1	0	0.999999
igc	0	0	1	0	0.999999
drift	0	1	1	0	0.999999
major	0	0	24	0	1.000000
hoping	0	0	2	0	1.000000
vob	2	1	1	0	0.999999
bearla	0	1	1	0	0.999999
benchmade	0	1	1	0	0.999999
prima	0	0	2	0	1.000000
tpwd	0	1	1	0	0.999999
ril	4	1	2	0	1.000000
rall	0	0	1	0	0.999999
diabetic	0	0	1	0	0.999999
organizer	0	0	1	0	0.999999
brgerservice	0	1	1	0	0.999999
hunt	0	1	2	0	1.000000
agencies	0	0	8	0	1.000000
neck	0	0	5	0	1.000000
counselors	0	0	1	0	0.999999
may	0	1	47	0	1.000000
scrap	0	0	1	0	0.999999
sfx	4	1	1	0	0.999999
uth	2	0	87	0	1.000000
sailors	0	0	3	0	1.000000
outof	0	0	1	0	0.999999
nickycka	0	0	1	0	0.999999
gr	2	0	2	0	1.000000
ref	4	0	56	0	1.000000
exploration	0	0	8	0	1.000000
canon	0	1	2	0	1.000000
sets	0	0	3	0	1.000000
must	0	1	5	0	1.000000
elena	0	1	2	0	1.000000
to	0	1	192	0	1.000000
rls	2	1	10	0	1.000000
autospies	0	1	1	0	0.999999
ble	2	0	471	0	1.000000
hostname	0	0	1	0	0.999999
bittorrent	0	1	1	0	0.999999
du	1	0	12	0	1.000000
ravine	0	0	1	0	0.999999
ema	2	0	3	0	1.000000
cky	2	1	6	0	1.000000
vir	4	1	15	0	1.000000
buider	0	1	1	0	0.999999
rch	2	1	77	0	1.000000
yam	2	1	1	0	0.999999
ligne	0	0	1	0	0.999999
goat	0	0	1	0	0.999999
fi	1	0	1	0	0.999999
jar	2	0	2	0	1.000000
llo	4	1	11	0	1.000000
gdr	0	1	12	0	1.000000
da	1	0	100	0	1.000000
un	0	1	6	0	1.000000
cay	4	1	53	0	1.000000
nje	2	1	1	0	0.999999
contriburo	0	0	1	0	0.999999
epithet	0	0	1	0	0.999999
babygear	0	0	1	0	0.999999
pid	2	1	4	0	1.000000
diaries	0	1	1	0	0.999999
nda	0	0	1	0	0.999999
and	0	1	149	0	1.000000
offers	0	1	2	0	1.000000
attractive	0	0	3	0	1.000000
combination	0	0	1	0	0.999999
downturn	0	0	1	0	0.999999
hurley	0	1	1	0	0.999999
sf	1	1	6	0	1.000000
skiing	0	0	1	0	0.999999
intricate	0	0	1	0	0.999999
winiarski	0	1	1	0	0.999999
per	4	1	98	0	1.000000
kn	3	0	168	0	1.000000
dif	2	1	1	0	0.999999
universe	0	0	3	0	1.000000
nurture	0	0	1	0	0.999999
www	0	1	2	0	1.000000
luigino	0	1	1	0	0.999999
stair	0	0	1	0	0.999999
uii	2	1	1	0	0.999999
sonar	0	1	2	0	1.000000
fs	0	0	2	0	1.000000
lov	0	0	1	0	0.999999
atlases	0	0	2	0	1.000000
otrio	0	0	1	0	0.999999
eum	2	0	5	0	1.000000
cocktails	0	0	1	0	0.999999
editi	0	1	3	0	1.000000
elegantly	0	0	1	0	0.999999
donovan	0	1	1	0	0.999999
cssino	0	0	1	0	0.999999
mgs	2	1	1	0	0.999999
fabricanti	0	0	3	0	1.000000
timeoctober	0	1	2	0	1.000000
sp	3	0	420	0	1.000000
cgi	0	0	1	0	0.999999
afraid	0	0	5	0	1.000000
shareholder	0	0	2	0	1.000000
sf	2	0	1	0	0.999999
nothing	0	0	16	0	1.000000
pertinent	0	0	2	0	1.000000
for	2	0	1518	0	1.000000
tod	4	0	37	0	1.000000
kyc	4	1	1	0	0.999999
twenty	0	1	1	0	0.999999
fights	0	0	1	0	0.999999
pla	2	0	2	0	1.000000
jah	4	1	9	0	1.000000
sus	0	0	8	0	1.000000
cb	1	0	1	0	0.999999
panning	0	0	1	0	0.999999
jar	4	1	1	0	0.999999
ranklechick	0	1	1	0	0.999999
muzyczny	0	0	1	0	0.999999
trained	0	0	8	0	1.000000
mb	0	0	2	0	1.000000
miller	0	1	3	0	1.000000
book	0	1	14	0	1.000000
wowhead	0	0	2	0	1.000000
dont	0	1	5	0	1.000000
cao	4	1	1	0	0.999999
grew	0	0	2	0	1.000000
exceeded	0	0	5	0	1.000000
distributor	0	0	2	0	1.000000
wl	1	1	2	0	1.000000
sllskapet	0	0	1	0	0.999999
couldn	0	0	6	0	1.000000
zwt	0	0	1	0	0.999999
et	1	1	364	0	1.000000
cb	3	1	2	0	1.000000
dispersed	0	0	1	0	0.999999
eca	4	1	2	0	1.000000
nature	0	0	16	0	1.000000
reads	0	0	1	0	0.999999
passes	0	0	1	0	0.999999
lve	2	0	19	0	1.000000
summer	0	1	4	0	1.000000
et	0	0	73	0	1.000000
epoch	0	0	1	0	0.999999
yt	1	1	2	0	1.000000
padding	0	0	5	0	1.000000
bloodfists	0	1	1	0	0.999999
lob	2	1	1	0	0.999999
diz	4	0	2	0	1.000000
italy	0	1	15	0	1.000000
yards	0	0	1	0	0.999999
vob	4	0	2	0	1.000000
periodic	0	0	1	0	0.999999
forgiveness	0	1	1	0	0.999999
sik	2	0	1	0	0.999999
un	1	1	65	0	1.000000
letters	0	0	5	0	1.000000
falando	0	0	2	0	1.000000
dto	2	0	2	0	1.000000
urse	0	0	1	0	0.999999
por	0	0	10	0	1.000000
ten	4	0	43	0	1.000000
may	4	1	129	0	1.000000
globalized	0	0	1	0	0.999999
booty	0	1	1	0	0.999999
unreasoning	0	0	1	0	0.999999
mexico	0	0	2	0	1.000000
soy	4	0	1	0	0.999999
occurs	0	0	5	0	1.000000
not	4	1	62	0	1.000000
eac	4	1	28	0	1.000000
oos	2	0	1	0	0.999999
lap	2	1	3	0	1.000000
ton	0	0	6	0	1.000000
ecamouflage	0	1	1	0	0.999999
way	4	0	125	0	1.000000
yes	0	1	7	0	1.000000
kd	1	0	1	0	0.999999
nurburgring	0	1	1	0	0.999999
fred	0	0	1	0	0.999999
ted	2	1	267	0	1.000000
touches	0	0	1	0	0.999999
tex	2	1	2	0	1.000000
grove	0	0	1	0	0.999999
natural	0	1	6	0	1.000000
listed	0	0	20	0	1.000000
cust	0	1	1	0	0.999999
months	0	1	1	0	0.999999
ip	2	1	6	0	1.000000
lle	4	0	3	0	1.000000
cheapist	0	0	1	0	0.999999
teaching	0	0	9	0	1.000000
encouragement	0	0	1	0	0.999999
pal	4	1	9	0	1.000000
aco	2	0	1	0	0.999999
urt	2	0	15	0	1.000000
du	2	1	1	0	0.999999
dk	1	0	2	0	1.000000
place	0	0	51	0	1.000000
wishing	0	1	3	0	1.000000
entrada	0	0	1	0	0.999999
concepts	0	0	2	0	1.000000
confront	0	0	1	0	0.999999
rganizing	0	0	1	0	0.999999
sleeping	0	0	4	0	1.000000
ringsyysteem	0	0	1	0	0.999999
frontier	0	0	1	0	0.999999
fs	1	0	25	0	1.000000
definitely	0	1	1	0	0.999999
mmm	2	0	1	0	0.999999
pacifique	0	0	2	0	1.000000
press	0	1	3	0	1.000000
breaking	0	1	3	0	1.000000
failsafe	0	0	1	0	0.999999
uth	4	0	2	0	1.000000
defiance	0	0	2	0	1.000000
lev	4	0	37	0	1.000000
dias	0	1	2	0	1.000000
sai	4	0	81	0	1.000000
harley	0	0	2	0	1.000000
walls	0	1	2	0	1.000000
vm	3	0	4	0	1.000000
plotline	0	0	1	0	0.999999
bm	3	0	14	0	1.000000
bingo	0	1	5	0	1.000000
boast	0	0	1	0	0.999999
ais	2	1	6	0	1.000000
na	2	0	34	0	1.000000
awe	2	0	1	0	0.999999
stable	0	0	3	0	1.000000
hop	4	0	38	0	1.000000
ip	0	0	3	0	1.000000
vijay	0	1	1	0	0.999999
jah	2	1	1	0	0.999999
tipping	0	0	1	0	0.999999
natural	0	0	31	0	1.000000
veicolo	0	0	1	0	0.999999
ararat	0	1	1	0	0.999999
shoot	0	0	4	0	1.000000
fi	3	0	701	0	1.000000
vessels	0	0	2	0	1.000000
hdpe	0	1	1	0	0.999999
ax	1	1	30	0	1.000000
anial	0	1	1	0	0.999999
holders	0	0	2	0	1.000000
tit	4	1	15	0	1.000000
kn	2	0	1	0	0.999999
ps	3	1	22	0	1.000000
tny	2	0	1	0	0.999999
jazz	0	0	1	0	0.999999
alf	2	1	6	0	1.000000
tailights	0	0	1	0	0.999999
option	0	0	11	0	1.000000
advertisement	0	0	1	0	0.999999
primeira	0	0	2	0	1.000000
kis	4	0	1	0	0.999999
dyslexic	0	0	1	0	0.999999
fre	4	0	216	0	1.000000
participa	0	0	1	0	0.999999
photographed	0	0	1	0	0.999999
site	0	0	209	0	1.000000
unique	0	0	20	0	1.000000
way	0	1	4	0	1.000000
sachii	0	1	1	0	0.999999
nu	1	0	7	0	1.000000
uce	2	0	10	0	1.000000
sekkelsten	0	1	1	0	0.999999
inf	4	1	144	0	1.000000
carrying	0	0	2	0	1.000000
isu	4	0	2	0	1.000000
brookline	0	0	1	0	0.999999
bloggie	0	1	6	0	1.000000
blo	4	0	107	0	1.000000
fargo	0	1	4	0	1.000000
guidelines	0	1	8	0	1.000000
parker	0	0	1	0	0.999999
erz	2	0	1	0	0.999999
anthony	0	1	2	0	1.000000
ssa	2	0	9	0	1.000000
nuce	0	0	1	0	0.999999
emu	4	0	14	0	1.000000
nud	0	0	1	0	0.999999
difficulties	0	0	1	0	0.999999
webmasters	0	1	1	0	0.999999
xml	4	1	1	0	0.999999
hop	2	1	19	0	1.000000
gamepoints	0	1	1	0	0.999999
homeowners	0	1	3	0	1.000000
amharcealaona	0	1	1	0	0.999999
emails	0	0	5	0	1.000000
qua	4	1	21	0	1.000000
upv	4	1	4	0	1.000000
fin	2	0	6	0	1.000000
sui	4	1	5	0	1.000000
whatradio	0	0	2	0	1.000000
pampering	0	0	1	0	0.999999
virag	0	1	1	0	0.999999
lly	2	0	317	0	1.000000
buried	0	0	1	0	0.999999
img	0	0	2	0	1.000000
ywhat	0	1	1	0	0.999999
kila	0	0	1	0	0.999999
fix	0	0	2	0	1.000000
rib	2	1	2	0	1.000000
sas	4	0	1	0	0.999999
bluff	0	1	1	0	0.999999
strict	0	0	1	0	0.999999
ese	2	0	134	0	1.000000
joins	0	0	1	0	0.999999
ath	0	1	1	0	0.999999
intotal	0	0	5	0	1.000000
rng	2	1	1	0	0.999999
downloadyour	0	1	1	0	0.999999
net	4	0	43	0	1.000000
wv	2	1	2	0	1.000000
upv	4	0	2	0	1.000000
mae	0	0	1	0	0.999999
anyway	0	0	3	0	1.000000
dif	4	0	85	0	1.000000
ethnic	0	0	1	0	0.999999
management	0	1	13	0	1.000000
companies	0	0	18	0	1.000000
gci	4	1	1	0	0.999999
podcasted	0	0	1	0	0.999999
sito	0	0	1	0	0.999999
chh	4	0	1	0	0.999999
humanity	0	0	4	0	1.000000
process	0	0	35	0	1.000000
garibaldi	0	1	1	0	0.999999
leedu	0	0	1	0	0.999999
vw	2	1	1	0	0.999999
collections	0	1	5	0	1.000000
ground	0	0	5	0	1.000000
to	2	1	192	0	1.000000
jehovah	0	1	1	0	0.999999
dwgs	0	1	1	0	0.999999
component	0	1	1	0	0.999999
zul	0	0	1	0	0.999999
jo	1	0	2	0	1.000000
lc	3	1	2	0	1.000000
phe	4	0	8	0	1.000000
danbury	0	1	1	0	0.999999
criagslist	0	0	1	0	0.999999
bel	4	0	124	0	1.000000
tubes	0	1	1	0	0.999999
phy	2	1	11	0	1.000000
structure	0	0	12	0	1.000000
strippin	0	0	1	0	0.999999
commentary	0	1	1	0	0.999999
dock	0	0	4	0	1.000000
goddess	0	0	9	0	1.000000
amnesty	0	1	1	0	0.999999
finn	0	1	1	0	0.999999
not	2	1	27	0	1.000000
taught	0	0	3	0	1.000000
helplessly	0	0	1	0	0.999999
fainter	0	0	2	0	1.000000
isk	2	1	39	0	1.000000
und	0	1	2	0	1.000000
digel	0	1	1	0	0.999999
ccitane	0	0	1	0	0.999999
donations	0	0	1	0	0.999999
idaho	0	0	1	0	0.999999
bauer	0	0	1	0	0.999999
indistinct	0	0	1	0	0.999999
dk	0	0	1	0	0.999999
highly	0	0	10	0	1.000000
if	2	1	163	0	1.000000
urmet	0	0	1	0	0.999999
feminist	0	0	2	0	1.000000
ell	4	0	2	0	1.000000
fla	4	1	15	0	1.000000
phy	4	0	13	0	1.000000
to	1	1	249	0	1.000000
ril	2	1	15	0	1.000000
beieves	0	0	1	0	0.999999
coisa	0	0	1	0	0.999999
azerbaijan	0	1	4	0	1.000000
seedeaters	0	0	3	0	1.000000
entreat	0	0	1	0	0.999999
bird	0	0	10	0	1.000000
na	0	1	13	0	1.000000
nyj	2	1	1	0	0.999999
dance	0	0	8	0	1.000000
delightedly	0	0	1	0	0.999999
gr	1	1	2	0	1.000000
than	0	0	112	0	1.000000
may	2	1	47	0	1.000000
walls	0	0	2	0	1.000000
major	0	1	3	0	1.000000
cae	0	0	1	0	0.999999
ot	3	1	89	0	1.000000
acupuncture	0	0	1	0	0.999999
tar	2	1	7	0	1.000000
mystic	0	0	1	0	0.999999
ad	0	1	13	0	1.000000
sour	0	0	1	0	0.999999
wgs	2	1	1	0	0.999999
toscani	0	1	1	0	0.999999
bishopsgate	0	1	1	0	0.999999
pi	1	0	9	0	1.000000
invision	0	0	1	0	0.999999
casinno	0	0	1	0	0.999999
uth	2	1	25	0	1.000000
skillets	0	0	2	0	1.000000
ume	0	0	1	0	0.999999
remember	0	1	9	0	1.000000
rls	2	0	6	0	1.000000
goblin	0	1	1	0	0.999999
belize	0	1	482	0	1.000000
conte	0	0	1	0	0.999999
strawberries	0	0	1	0	0.999999
serfs	0	0	1	0	0.999999
yes	2	0	41	0	1.000000
login	0	1	3	0	1.000000
jules	0	0	2	0	1.000000
fer	4	1	11	0	1.000000
to	0	0	3046	0	1.000000
boardings	0	0	1	0	0.999999
bold	0	0	3	0	1.000000
than	0	1	1	0	0.999999
ming	0	0	2	0	1.000000
dun	4	1	6	0	1.000000
obv	4	1	1	0	0.999999
investing	0	0	7	0	1.000000
interests	0	1	1	0	0.999999
rubbing	0	1	1	0	0.999999
bpa	4	0	1	0	0.999999
emulator	0	0	9	0	1.000000
